2 0.5695 0.0558 0.0420 0.0449
0 0.0449 0.0911 0.0298 0.0356
2 0.1475 0.0447 0.0463 0.0494
2 0.1579 0.0835 0.0463 0.0493
2 0.7049 0.0772 0.0420 0.0524
2 0.1874 0.1699 0.0527 0.0590
2 0.5444 0.1064 0.0420 0.0544
2 0.7839 0.0271 0.0676 0.0418
2 0.5360 0.0598 0.0420 0.0449
2 0.5156 0.1084 0.0468 0.0524
2 0.5787 0.1009 0.0420 0.0535
2 0.0309 0.0156 0.0298 0.0157
2 0.8462 0.0586 0.0564 0.0556
2 0.1910 0.0734 0.0420 0.0449
2 0.5268 0.0250 0.0420 0.0359
0 0.0131 0.0608 0.0217 0.0306
0 0.1264 0.1406 0.0231 0.0272
2 0.9503 0.0403 0.0345 0.0427
2 0.4454 0.0314 0.0731 0.0479
2 0.3583 0.1364 0.0463 0.0625
2 0.3811 0.0407 0.0755 0.0504
2 0.9172 0.0468 0.0348 0.0506
0 0.0892 0.1487 0.0298 0.0307
2 0.8868 0.0483 0.0265 0.0418
2 0.1391 0.0160 0.0372 0.0188
2 0.2669 0.1510 0.0767 0.0650
2 0.6130 0.0918 0.0420 0.0545
2 0.1782 0.0332 0.0420 0.0449
0 0.0125 0.0401 0.0221 0.0306
2 0.6593 0.0878 0.0652 0.0585
0 0.0858 0.0518 0.0231 0.0272
0 0.0650 0.0602 0.0298 0.0345
2 0.3919 0.0802 0.0755 0.0504
0 0.0403 0.0692 0.0298 0.0356
0 0.0323 0.1692 0.0321 0.0306
0 0.0835 0.1288 0.0298 0.0344
0 0.0989 0.0451 0.0231 0.0272
0 0.1112 0.0914 0.0231 0.0272
2 0.3332 0.0447 0.0463 0.0465
2 0.1361 0.1663 0.0231 0.0272
0 0.0710 0.0844 0.0298 0.0345
2 0.6051 0.0503 0.0420 0.0449
0 0.1098 0.1439 0.0231 0.0272
0 0.0280 0.1494 0.0321 0.0306
2 0.6522 0.0440 0.0628 0.0484
2 0.9797 0.0350 0.0274 0.0423
2 0.9154 0.0172 0.0345 0.0209
2 0.3214 0.0164 0.0412 0.0176
2 0.2230 0.1616 0.0527 0.0590
0 0.0966 0.0981 0.0231 0.0272
0 0.1047 0.0707 0.0231 0.0272
2 0.4925 0.0266 0.0420 0.0388
0 0.0559 0.0195 0.0268 0.0233
0 0.0095 0.0181 0.0155 0.0210
2 0.3220 0.1382 0.0631 0.0555
0 0.0902 0.0739 0.0231 0.0272
0 0.0557 0.1357 0.0298 0.0356
0 0.0507 0.1141 0.0298 0.0356
2 0.7891 0.0707 0.0652 0.0514
0 0.0161 0.0824 0.0286 0.0306
2 0.5635 0.0225 0.0420 0.0299
2 0.2529 0.1046 0.0767 0.0555
2 0.3435 0.0885 0.0463 0.0465
2 0.8857 0.0185 0.0265 0.0238
0 0.0236 0.1284 0.0321 0.0306
2 0.4661 0.1175 0.0795 0.0630
2 0.7364 0.0311 0.0420 0.0449
2 0.2242 0.0284 0.0767 0.0397
0 0.0315 0.0270 0.0298 0.0356
2 0.0931 0.0208 0.0231 0.0272
2 0.2048 0.1137 0.0420 0.0449
0 0.0772 0.1063 0.0298 0.0345
2 0.6985 0.0347 0.0420 0.0449
2 0.0795 0.0270 0.0231 0.0272
2 0.2918 0.0518 0.0604 0.0454
2 0.1170 0.1695 0.0231 0.0272
2 0.5987 0.0190 0.0357 0.0228
0 0.0611 0.0378 0.0298 0.0345
2 0.3076 0.0961 0.0631 0.0555
2 0.9499 0.0130 0.0345 0.0209
2 0.5036 0.0634 0.0420 0.0449
0 0.1021 0.1186 0.0231 0.0272
0 0.0185 0.1057 0.0317 0.0306
2 0.1731 0.1248 0.0463 0.0494
2 0.2385 0.0621 0.0767 0.0560
2 0.4072 0.1261 0.0787 0.0600
0 0.1193 0.1159 0.0231 0.0272
0 0.0608 0.1593 0.0298 0.0356
2 0.8438 0.0218 0.0596 0.0294
2 0.6450 0.0182 0.0636 0.0243
2 0.4541 0.0686 0.0731 0.0514
2 0.2840 0.0211 0.0528 0.0261
2 0.7392 0.0739 0.0420 0.0549
0 0.0345 0.0462 0.0298 0.0356
