1.0000 0.9199 0.0576 0.1600 0.0957
1.0000 0.4842 0.4696 0.1077 0.0841
1.0000 0.7635 0.3042 0.0430 0.1299
1.0000 0.4093 0.3874 0.0770 0.0721
1.0000 0.7347 0.8615 0.1301 0.2311
1.0000 0.7364 0.3888 0.0788 0.0775
1.0000 0.1290 0.6647 0.0932 0.1170
1.0000 0.9622 0.8397 0.0710 0.2520
1.0000 0.5878 0.3888 0.1027 0.0721
2.0000 0.6055 0.6777 0.1335 0.1284
1.0000 0.2578 0.8346 0.1421 0.2132
1.0000 0.3376 0.3861 0.0846 0.0775
2.0000 0.2032 0.6654 0.1123 0.1152
1.0000 0.7996 0.4603 0.0487 0.1408
1.0000 0.9134 0.4642 0.1226 0.2170
1.0000 0.0467 0.5504 0.0458 0.0871
1.0000 0.0842 0.8245 0.1237 0.1963
1.0000 0.7228 0.3166 0.0730 0.0695
2.0000 0.9418 0.6128 0.1163 0.2213
1.0000 0.7547 0.4736 0.0854 0.0922
1.0000 0.7720 0.5698 0.0937 0.1055
1.0000 0.0389 0.7741 0.0385 0.0963
1.0000 0.9547 0.2592 0.0906 0.1187
1.0000 0.3100 0.5605 0.0974 0.0978
1.0000 0.0610 0.3227 0.0786 0.0573
1.0000 0.8388 0.2524 0.0890 0.1870
2.0000 0.8561 0.6750 0.0657 0.1470
1.0000 0.1639 0.8227 0.1352 0.2022
2.0000 0.4734 0.6777 0.1263 0.1247
2.0000 0.7989 0.6843 0.1023 0.1228
1.0000 0.1719 0.3230 0.0775 0.0619
1.0000 0.4925 0.3146 0.0928 0.0735
1.0000 0.5845 0.3148 0.0977 0.0711
1.0000 0.1480 0.3890 0.0855 0.0753
1.0000 0.9423 0.1490 0.1153 0.0989
2.0000 0.0632 0.6660 0.0779 0.1257
1.0000 0.7844 0.3752 0.0454 0.1190
1.0000 0.1863 0.4659 0.0984 0.0817
1.0000 0.2300 0.5581 0.0964 0.0962
1.0000 0.2941 0.3210 0.0775 0.0675
1.0000 0.2578 0.4675 0.0964 0.0882
1.0000 0.1182 0.4667 0.0974 0.0801
1.0000 0.9014 0.8592 0.0943 0.2357
1.0000 0.6610 0.3133 0.0688 0.0708
1.0000 0.4156 0.3179 0.0671 0.0717
1.0000 0.0854 0.3866 0.0934 0.0737
2.0000 0.7089 0.6786 0.0992 0.1190
1.0000 0.8744 0.3543 0.1066 0.2116
2.0000 0.3750 0.6720 0.0916 0.1209
1.0000 0.1565 0.5581 0.1084 0.0930
1.0000 0.5964 0.5664 0.1219 0.1042
1.0000 0.6188 0.8609 0.1582 0.2391
1.0000 0.1137 0.3233 0.0885 0.0657
1.0000 0.2742 0.3882 0.0875 0.0737
1.0000 0.4644 0.8469 0.1524 0.2190
1.0000 0.5923 0.4682 0.1135 0.0868
1.0000 0.2330 0.3191 0.0845 0.0669
1.0000 0.4863 0.3888 0.1002 0.0748
1.0000 0.8300 0.8643 0.1351 0.2324
1.0000 0.6842 0.4689 0.0854 0.0882
1.0000 0.6942 0.5658 0.0920 0.1055
1.0000 0.8270 0.5536 0.0575 0.1419
1.0000 0.6722 0.3868 0.0796 0.0761
1.0000 0.3274 0.4643 0.0964 0.0849
2.0000 0.2939 0.6673 0.1041 0.1190
1.0000 0.3528 0.8450 0.1252 0.2212
1.0000 0.0449 0.3866 0.0459 0.0712
1.0000 0.0645 0.4667 0.0836 0.0866
1.0000 0.2101 0.3890 0.0885 0.0753
1.0000 0.3989 0.4689 0.0812 0.0855
1.0000 0.0854 0.5565 0.1054 0.0962
1.0000 0.4801 0.5631 0.1160 0.0975
1.0000 0.8133 0.1843 0.0719 0.1786
1.0000 0.3881 0.5611 0.0911 0.0988
1.0000 0.3533 0.3163 0.0796 0.0722
