1.0000 0.6394 0.2139 0.1536 0.1277
1.0000 0.2502 0.1311 0.1787 0.0928
1.0000 0.0675 0.3578 0.1350 0.1163
1.0000 0.8175 0.5173 0.1772 0.1515
1.0000 0.9524 0.5227 0.0841 0.1645
1.0000 0.9562 0.7501 0.0819 0.2783
1.0000 0.0598 0.4830 0.1197 0.1252
1.0000 0.8138 0.3570 0.1800 0.1662
1.0000 0.0220 0.1460 0.0423 0.0898
1.0000 0.0975 0.1405 0.1246 0.0939
1.0000 0.9469 0.3590 0.0955 0.1664
1.0000 0.4473 0.3682 0.2201 0.1352
1.0000 0.8003 0.2010 0.1766 0.1547
1.0000 0.6447 0.5097 0.1590 0.1521
1.0000 0.0854 0.2445 0.1269 0.1120
1.0000 0.2421 0.2344 0.1821 0.1158
1.0000 0.4483 0.2385 0.2160 0.1131
1.0000 0.0494 0.6408 0.0982 0.2011
1.0000 0.2185 0.4952 0.1952 0.1241
1.0000 0.4281 0.6922 0.2372 0.2060
1.0000 0.8285 0.7315 0.1974 0.2603
1.0000 0.2072 0.6755 0.2094 0.1897
1.0000 0.6360 0.7028 0.1680 0.2275
1.0000 0.4358 0.5052 0.2358 0.1375
1.0000 0.6444 0.3598 0.1660 0.1472
1.0000 0.2268 0.3673 0.1923 0.1322
1.0000 0.9460 0.1993 0.0957 0.1427
