0 0.9758 0.5681 0.0484 0.0325
0 0.9765 0.5327 0.0469 0.0321
1 0.9577 0.7794 0.0539 0.0388
0 0.9138 0.5997 0.0645 0.0322
2 0.9392 0.3914 0.0698 0.0362
0 0.9745 0.6029 0.0510 0.0374
2 0.9476 0.3195 0.0684 0.0328
2 0.9641 0.7431 0.0612 0.0342
2 0.9006 0.7348 0.0622 0.0316
2 0.9273 0.4966 0.0640 0.0340
2 0.9931 0.3209 0.0137 0.0344
1 0.8963 0.7727 0.0645 0.0458
2 0.9839 0.4638 0.0322 0.0328
2 0.9321 0.4613 0.0657 0.0358
2 0.9355 0.4259 0.0667 0.0339
0 0.9044 0.7000 0.0627 0.0345
0 0.9192 0.5636 0.0611 0.0362
2 0.9900 0.3587 0.0201 0.0352
0 0.9816 0.4985 0.0369 0.0338
2 0.9440 0.3564 0.0677 0.0311
0 0.9099 0.6352 0.0644 0.0361
0 0.9218 0.5303 0.0650 0.0336
0 0.9693 0.6384 0.0542 0.0346
2 0.9881 0.3931 0.0237 0.0299
0 0.9067 0.6684 0.0634 0.0369
0 0.9648 0.7076 0.0569 0.0341
0 0.9679 0.6724 0.0547 0.0368
2 0.9847 0.4270 0.0306 0.0344
