2 0.3666 0.4444 0.1964 0.1116
2 0.5197 0.4511 0.1071 0.1084
2 0.0339 0.4377 0.0678 0.1033
1 0.6950 0.2059 0.1060 0.0599
2 0.0988 0.4370 0.1636 0.1057
2 0.6329 0.4504 0.1287 0.1070
1 0.1154 0.7549 0.2210 0.2616
1 0.0749 0.2699 0.1499 0.0685
2 0.2200 0.4392 0.1280 0.1028
2 0.3453 0.5643 0.2227 0.1306
1 0.2960 0.2090 0.0998 0.0609
1 0.2331 0.1509 0.1024 0.0661
1 0.8421 0.7730 0.2373 0.2700
1 0.4064 0.2083 0.1477 0.0535
1 0.0411 0.1509 0.0822 0.0688
2 0.7493 0.4486 0.1407 0.0997
1 0.0578 0.3463 0.1156 0.0846
2 0.5174 0.5653 0.1184 0.1319
1 0.6075 0.2733 0.0916 0.0722
1 0.2756 0.2691 0.1100 0.0584
1 0.5184 0.2712 0.0845 0.0706
1 0.6721 0.7570 0.1965 0.2499
1 0.1303 0.1522 0.1526 0.0687
1 0.7087 0.2711 0.1111 0.0680
1 0.6188 0.3547 0.1146 0.0833
1 0.5202 0.1448 0.0785 0.0700
1 0.3060 0.7560 0.2864 0.2723
1 0.3166 0.1491 0.0998 0.0627
1 0.6772 0.1448 0.0883 0.0700
2 0.5708 0.3982 0.0012 0.0016
2 0.6474 0.5692 0.1411 0.1307
1 0.5198 0.3516 0.0965 0.0870
1 0.1472 0.3474 0.1376 0.0823
1 0.2490 0.3435 0.1298 0.0853
2 0.0638 0.5555 0.1276 0.1287
1 0.1825 0.2728 0.1191 0.0630
1 0.6003 0.2053 0.0815 0.0584
1 0.5184 0.2060 0.0804 0.0543
1 0.5966 0.1448 0.0850 0.0700
1 0.0440 0.7504 0.0802 0.2610
1 0.2036 0.2110 0.1197 0.0595
1 0.3799 0.3477 0.1833 0.0866
1 0.7280 0.3517 0.1234 0.0890
1 0.4145 0.1478 0.1373 0.0700
1 0.0965 0.2109 0.1608 0.0505
1 0.3947 0.2691 0.1649 0.0665
1 0.5154 0.7564 0.1639 0.2457
2 0.1805 0.5570 0.1525 0.1305
2 0.7830 0.5668 0.1626 0.1388
