2.0000 0.6644 0.9909 0.0843 0.0183
0.0000 0.1267 0.4511 0.1954 0.0387
0.0000 0.6546 0.4089 0.1586 0.0405
2.0000 0.6399 0.8918 0.0797 0.0366
0.0000 0.8320 0.5182 0.1594 0.0362
0.0000 0.3861 0.8290 0.1793 0.0392
0.0000 0.2010 0.7955 0.1846 0.0403
0.0000 0.7412 0.8134 0.1586 0.0374
0.0000 0.2408 0.9824 0.1940 0.0352
0.0000 0.7469 0.8846 0.1517 0.0361
2.0000 0.6571 0.9658 0.0804 0.0405
2.0000 0.5886 0.6334 0.0827 0.0373
0.0000 0.3328 0.5645 0.1724 0.0426
0.0000 0.1669 0.6435 0.1839 0.0437
0.0000 0.4991 0.6727 0.1157 0.0441
0.0000 0.2368 0.9465 0.1951 0.0417
0.0000 0.7729 0.9556 0.1503 0.0335
0.0000 0.6772 0.5199 0.1655 0.0358
0.0000 0.1925 0.7579 0.1891 0.0424
0.0000 0.6104 0.7432 0.0789 0.0369
0.0000 0.1505 0.5668 0.1938 0.0380
0.0000 0.3049 0.4498 0.1747 0.0391
0.0000 0.1765 0.6809 0.1922 0.0412
0.0000 0.6826 0.5568 0.1624 0.0366
2.0000 0.6043 0.7072 0.0728 0.0373
0.0000 0.9052 0.8776 0.1571 0.0364
0.0000 0.5190 0.7858 0.1218 0.0437
0.0000 0.1355 0.4905 0.1885 0.0373
0.0000 0.3937 0.8639 0.1716 0.0417
0.0000 0.8895 0.8058 0.1548 0.0351
2.0000 0.5711 0.5588 0.0766 0.0373
0.0000 0.4765 0.5605 0.1195 0.0434
0.0000 0.1443 0.5290 0.1908 0.0376
2.0000 0.6357 0.8560 0.0850 0.0380
0.0000 0.8998 0.8408 0.1525 0.0373
0.0000 0.4600 0.4872 0.1218 0.0387
0.0000 0.7132 0.7035 0.1578 0.0455
0.0000 0.7094 0.6662 0.1578 0.0441
0.0000 0.8841 0.7694 0.1502 0.0389
0.0000 0.8262 0.4822 0.1571 0.0366
0.0000 0.8592 0.6259 0.1617 0.0365
0.0000 0.1585 0.6053 0.1977 0.0455
0.0000 0.5117 0.7462 0.1241 0.0399
2.0000 0.6238 0.8187 0.0827 0.0380
0.0000 0.8776 0.7330 0.1555 0.0385
0.0000 0.3393 0.6016 0.1716 0.0451
0.0000 0.8159 0.4455 0.1578 0.0362
0.0000 0.1168 0.4116 0.1923 0.0416
0.0000 0.6707 0.4835 0.1678 0.0348
0.0000 0.7254 0.7381 0.1607 0.0396
2.0000 0.5541 0.4843 0.0766 0.0358
0.0000 0.7324 0.7748 0.1578 0.0391
0.0000 0.7663 0.9204 0.1618 0.0383
0.0000 0.9252 0.9436 0.1497 0.0376
0.0000 0.8619 0.6625 0.1532 0.0423
0.0000 0.5405 0.8593 0.1203 0.0402
0.0000 0.2253 0.9100 0.2033 0.0437
0.0000 0.5622 0.9691 0.1177 0.0449
0.0000 0.3565 0.6752 0.1769 0.0420
0.0000 0.6615 0.4471 0.1632 0.0366
0.0000 0.5301 0.8216 0.1165 0.0466
0.0000 0.5079 0.7107 0.1226 0.0419
0.0000 0.4826 0.5989 0.1195 0.0419
0.0000 0.7025 0.6297 0.1594 0.0412
0.0000 0.5484 0.8955 0.1177 0.0420
0.0000 0.7773 0.9854 0.1490 0.0292
0.0000 0.3221 0.5259 0.1785 0.0394
0.0000 0.3478 0.6380 0.1762 0.0413
0.0000 0.6926 0.5931 0.1624 0.0398
0.0000 0.9213 0.9109 0.1574 0.0324
0.0000 0.4118 0.9390 0.1738 0.0413
0.0000 0.3711 0.7498 0.1861 0.0421
0.0000 0.5389 0.4084 0.0789 0.0394
0.0000 0.9232 0.9803 0.1501 0.0395
0.0000 0.8462 0.5897 0.1647 0.0387
0.0000 0.4447 0.4082 0.1203 0.0405
0.0000 0.3156 0.4881 0.1808 0.0383
0.0000 0.4485 0.4478 0.1234 0.0380
2.0000 0.6139 0.7805 0.0782 0.0369
0.0000 0.4699 0.5231 0.1248 0.0367
0.0000 0.8703 0.6976 0.1594 0.0416
0.0000 0.1827 0.7204 0.1862 0.0469
0.0000 0.5571 0.9317 0.1112 0.0414
0.0000 0.2110 0.8318 0.1900 0.0406
0.0000 0.8090 0.4086 0.1563 0.0376
0.0000 0.6472 0.9283 0.0800 0.0361
0.0000 0.4031 0.9060 0.1692 0.0462
0.0000 0.8385 0.5541 0.1571 0.0355
0.0000 0.4201 0.9774 0.1664 0.0451
0.0000 0.4914 0.6360 0.1188 0.0444
2.0000 0.5782 0.5961 0.0774 0.0358
2.0000 0.5610 0.5222 0.0782 0.0391
0.0000 0.3639 0.7131 0.1778 0.0424
0.0000 0.3806 0.7881 0.1853 0.0413
2.0000 0.5438 0.4473 0.0743 0.0376
2.0000 0.5939 0.6707 0.0797 0.0387
0.0000 0.7420 0.8509 0.1570 0.0402
0.0000 0.2197 0.8702 0.1975 0.0400
0.0000 0.2964 0.4106 0.1778 0.0401
