1.0000 0.6070 0.1864 0.1618 0.1071
1.0000 0.8738 0.2342 0.0056 0.0073
1.0000 0.4627 0.1020 0.1629 0.0809
1.0000 0.4554 0.1705 0.1685 0.1089
1.0000 0.2824 0.1607 0.1685 0.1124
1.0000 0.4503 0.2630 0.1786 0.1344
1.0000 0.3918 0.8037 0.2750 0.3473
1.0000 0.6239 0.4004 0.2044 0.1491
2.0000 0.1667 0.5341 0.2798 0.1843
1.0000 0.7654 0.1324 0.1730 0.0809
1.0000 0.8802 0.8143 0.2396 0.3263
1.0000 0.1325 0.7976 0.2650 0.3653
1.0000 0.8137 0.2934 0.2044 0.1218
2.0000 0.8684 0.5628 0.2546 0.1797
1.0000 0.7839 0.2042 0.1943 0.1029
1.0000 0.2066 0.3705 0.2593 0.1627
2.0000 0.4167 0.5416 0.2346 0.1708
2.0000 0.6383 0.5454 0.2119 0.1752
1.0000 0.4357 0.3852 0.2011 0.1564
1.0000 0.2565 0.2494 0.2067 0.1281
1.0000 0.6439 0.8014 0.2297 0.3366
1.0000 0.6239 0.2819 0.1842 0.1218
1.0000 0.6064 0.1172 0.1359 0.0777
1.0000 0.8407 0.4109 0.2292 0.1344
1.0000 0.2998 0.0847 0.1606 0.0819
