1.0000 0.6065 0.5891 0.1673 0.2106
1.0000 0.7478 0.5913 0.1121 0.2063
1.0000 0.0346 0.5839 0.0693 0.2302
1.0000 0.4506 0.3966 0.1421 0.1719
1.0000 0.1403 0.5869 0.1522 0.2242
1.0000 0.7445 0.4090 0.1176 0.1582
1.0000 0.9590 0.4170 0.0819 0.1524
1.0000 0.8607 0.4134 0.1214 0.1568
1.0000 0.6046 0.4032 0.1690 0.1626
1.0000 0.8637 0.5908 0.1176 0.2039
1.0000 0.1492 0.3835 0.1517 0.1810
1.0000 0.4508 0.5888 0.1471 0.2162
1.0000 0.9599 0.5245 0.0803 0.0569
1.0000 0.2968 0.5840 0.1608 0.2247
1.0000 0.3005 0.3884 0.1617 0.1761
1.0000 0.0351 0.3805 0.0702 0.1913
