1 0.9040 0.6923 0.0929 0.0990
1 0.9677 0.6920 0.0645 0.0960
1 0.6499 0.3115 0.1184 0.0674
0 0.0205 0.5759 0.0163 0.0149
0 0.0438 0.4952 0.0176 0.0147
1 0.0952 0.6160 0.0797 0.0866
0 0.0537 0.5621 0.0143 0.0147
0 0.0588 0.4951 0.0141 0.0149
1 0.6678 0.6978 0.1298 0.1039
1 0.9780 0.3146 0.0441 0.0685
0 0.0546 0.5488 0.0145 0.0149
1 0.9905 0.5270 0.0190 0.0765
1 0.2313 0.6138 0.0740 0.0891
0 0.0131 0.5085 0.0113 0.0144
1 0.3773 0.3084 0.0834 0.0662
0 0.0363 0.5891 0.0172 0.0139
0 0.0916 0.5210 0.0167 0.0152
1 0.3754 0.4547 0.0861 0.0759
1 0.2985 0.6140 0.0645 0.0831
1 0.8214 0.6073 0.0697 0.0747
1 0.8870 0.5280 0.0861 0.0741
1 0.1609 0.7054 0.0678 0.1006
1 0.3741 0.5328 0.0843 0.0777
1 0.9630 0.6037 0.0724 0.0783
1 0.7464 0.4527 0.0629 0.0741
1 0.8009 0.3112 0.0597 0.0692
1 0.2336 0.5328 0.0710 0.0820
0 0.0077 0.5756 0.0112 0.0144
0 0.0372 0.5749 0.0178 0.0149
1 0.4476 0.3108 0.0592 0.0698
1 0.5073 0.4547 0.0647 0.0771
0 0.0220 0.5622 0.0167 0.0130
1 0.8034 0.3826 0.0674 0.0747
1 0.8291 0.6957 0.0706 0.0984
1 0.5730 0.6084 0.0612 0.0743
1 0.9744 0.2479 0.0512 0.0663
0 0.0383 0.5612 0.0174 0.0130
1 0.8154 0.5293 0.0651 0.0753
1 0.7421 0.3814 0.0633 0.0711
1 0.6596 0.5283 0.1234 0.0759
0 0.0101 0.5487 0.0101 0.0137
0 0.0514 0.5890 0.0145 0.0152
1 0.9299 0.3120 0.0661 0.0692
1 0.1032 0.5353 0.0790 0.0840
0 0.0567 0.5219 0.0139 0.0134
0 0.0088 0.5620 0.0115 0.0139
1 0.9555 0.5277 0.0711 0.0759
1 0.5652 0.3797 0.0565 0.0705
1 0.3727 0.6974 0.0880 0.0888
1 0.5115 0.7028 0.0683 0.1071
1 0.5693 0.4553 0.0583 0.0783
1 0.4460 0.5328 0.0624 0.0790
0 0.0146 0.4945 0.0112 0.0142
1 0.2414 0.3792 0.0676 0.0754
1 0.9400 0.3820 0.0667 0.0722
0 0.0916 0.5351 0.0167 0.0152
0 0.0252 0.5218 0.0168 0.0127
0 0.0127 0.5218 0.0103 0.0137
1 0.9821 0.3824 0.0359 0.0685
0 0.0395 0.6859 0.0290 0.0448
0 0.0577 0.5085 0.0141 0.0125
1 0.3046 0.3794 0.0647 0.0771
0 0.0425 0.6430 0.0294 0.0419
1 0.8931 0.6052 0.0875 0.0753
0 0.0276 0.4950 0.0167 0.0152
1 0.2287 0.6828 0.0700 0.0554
1 0.1180 0.3048 0.0736 0.0693
1 0.7658 0.6984 0.0733 0.1002
1 0.5066 0.3803 0.0615 0.0692
1 0.7382 0.3106 0.0629 0.0680
1 0.4466 0.6113 0.0614 0.0819
1 0.1702 0.5333 0.0702 0.0830
1 0.6567 0.4552 0.1221 0.0717
1 0.5059 0.3117 0.0583 0.0717
1 0.1818 0.3030 0.0653 0.0709
1 0.3057 0.3087 0.0633 0.0668
0 0.0229 0.5490 0.0163 0.0139
1 0.1115 0.3782 0.0744 0.0805
1 0.3003 0.5325 0.0670 0.0784
1 0.8715 0.3811 0.0843 0.0717
0 0.0417 0.5216 0.0167 0.0142
1 0.2973 0.7050 0.0683 0.1057
1 0.7583 0.6073 0.0674 0.0796
0 0.0427 0.5090 0.0170 0.0134
0 0.0395 0.5484 0.0179 0.0137
1 0.5640 0.3099 0.0569 0.0680
1 0.5100 0.5322 0.0629 0.0729
1 0.0895 0.7134 0.0793 0.1152
1 0.8658 0.3130 0.0784 0.0668
1 0.9864 0.4545 0.0272 0.0743
1 0.1772 0.3794 0.0653 0.0790
1 0.5095 0.6102 0.0658 0.0823
1 0.6635 0.6073 0.1275 0.0783
0 0.0266 0.5086 0.0172 0.0132
1 0.2385 0.4543 0.0687 0.0810
1 0.3005 0.4562 0.0674 0.0802
1 0.8091 0.4533 0.0661 0.0777
0 0.0524 0.5756 0.0146 0.0130
0 0.0559 0.5348 0.0146 0.0137
0 0.0113 0.5350 0.0114 0.0147
1 0.4484 0.7021 0.0612 0.1028
1 0.1630 0.6160 0.0702 0.0876
1 0.4465 0.3800 0.0588 0.0723
1 0.2431 0.3060 0.0664 0.0709
1 0.3770 0.3800 0.0829 0.0747
1 0.4465 0.4541 0.0579 0.0771
1 0.8797 0.4549 0.0843 0.0735
1 0.5774 0.7003 0.0645 0.1020
1 0.1742 0.4558 0.0668 0.0800
1 0.1074 0.4548 0.0752 0.0810
1 0.9485 0.4545 0.0694 0.0773
1 0.5700 0.5316 0.0569 0.0777
0 0.0405 0.5346 0.0178 0.0134
1 0.7526 0.5283 0.0679 0.0783
1 0.3734 0.6121 0.0870 0.0819
1 0.6528 0.3835 0.1198 0.0741
0 0.0244 0.5351 0.0161 0.0135
