2 0.0838 0.9670 0.1223 0.0660
2 0.3707 0.9670 0.1149 0.0660
2 0.4660 0.9645 0.0757 0.0647
2 0.8439 0.8983 0.1081 0.0694
2 0.6678 0.8951 0.0791 0.0741
2 0.1852 0.8932 0.0804 0.0666
2 0.9456 0.8965 0.0831 0.0657
2 0.8439 0.9675 0.1081 0.0651
2 0.7496 0.9678 0.0764 0.0600
2 0.4647 0.8955 0.0703 0.0732
2 0.7458 0.8941 0.0717 0.0685
2 0.5661 0.9645 0.1244 0.0647
2 0.0848 0.8941 0.1203 0.0704
2 0.6688 0.9678 0.0757 0.0638
2 0.5630 0.8960 0.1237 0.0778
2 0.1862 0.9651 0.0784 0.0698
2 0.9462 0.9668 0.0777 0.0619
2 0.3707 0.8951 0.1149 0.0722
