2 0.0800 0.0896 0.0312 0.0674
2 0.1054 0.0896 0.0273 0.0694
2 0.1808 0.0872 0.0351 0.0664
2 0.2082 0.0877 0.0247 0.0654
2 0.2438 0.0848 0.0504 0.0655
2 0.2897 0.0852 0.0472 0.0625
2 0.3260 0.0867 0.0260 0.0654
2 0.3494 0.0857 0.0228 0.0655
2 0.5434 0.0896 0.0475 0.0596
2 0.6234 0.0921 0.0228 0.0645
2 0.6457 0.0901 0.0277 0.0664
2 0.6473 0.1526 0.0289 0.0664
2 0.6256 0.1512 0.0221 0.0596
2 0.6282 0.2166 0.0215 0.0596
2 0.6518 0.2176 0.0264 0.0576
2 0.5937 0.2181 0.0469 0.0606
2 0.5914 0.1526 0.0456 0.0625
2 0.5454 0.1556 0.0485 0.0586
2 0.5457 0.2181 0.0504 0.0664
2 0.5062 0.2161 0.0286 0.0625
2 0.5057 0.1521 0.0296 0.0615
2 0.4761 0.1517 0.0270 0.0586
2 0.4759 0.2161 0.0280 0.0586
2 0.4767 0.2830 0.0303 0.0615
2 0.4774 0.3538 0.0296 0.0664
2 0.4774 0.4237 0.0303 0.0674
2 0.4777 0.5024 0.0309 0.0684
2 0.4776 0.5790 0.0319 0.0752
2 0.4792 0.6616 0.0338 0.0743
2 0.4787 0.7441 0.0348 0.0811
2 0.4378 0.1510 0.0473 0.0616
2 0.4375 0.2174 0.0467 0.0610
2 0.4005 0.1502 0.0239 0.0610
2 0.3997 0.2174 0.0245 0.0644
2 0.3725 0.2171 0.0273 0.0616
2 0.3489 0.1519 0.0232 0.0611
2 0.3467 0.2180 0.0234 0.0633
2 0.3212 0.2180 0.0262 0.0600
2 0.3235 0.1508 0.0254 0.0634
2 0.2845 0.2208 0.0465 0.0565
2 0.2361 0.2211 0.0507 0.0582
2 0.1760 0.1541 0.0348 0.0633
2 0.1714 0.2200 0.0347 0.0627
2 0.1344 0.1595 0.0518 0.0560
2 0.0981 0.1567 0.0269 0.0627
2 0.0921 0.2228 0.0273 0.0616
2 0.0729 0.1561 0.0305 0.0582
2 0.7786 0.2806 0.0452 0.0536
2 0.9173 0.2796 0.0246 0.0570
2 0.9241 0.3403 0.0242 0.0590
2 0.9310 0.4017 0.0267 0.0570
2 0.9384 0.4665 0.0267 0.0617
2 0.9100 0.4014 0.0246 0.0563
2 0.8737 0.3396 0.0436 0.0617
2 0.8810 0.4041 0.0438 0.0577
2 0.7403 0.3454 0.0454 0.0610
2 0.7084 0.3461 0.0231 0.0639
2 0.6858 0.3464 0.0276 0.0631
2 0.6894 0.4153 0.0276 0.0651
2 0.7124 0.4139 0.0244 0.0651
2 0.8297 0.8802 0.0560 0.1153
2 0.8666 0.8696 0.0350 0.1174
2 0.5625 0.9355 0.0596 0.1221
2 0.5155 0.9384 0.0345 0.1162
2 0.0265 0.9552 0.0279 0.0896
2 0.1127 0.9575 0.0457 0.0850
2 0.1486 0.9587 0.0316 0.0827
2 0.1929 0.9546 0.0625 0.0909
2 0.0670 0.9557 0.0582 0.0885
2 0.2509 0.9508 0.0586 0.0953
2 0.2965 0.9496 0.0309 0.0994
2 0.3258 0.9483 0.0298 0.1034
3 0.0594 0.2940 0.0326 0.0695
3 0.0850 0.2943 0.0303 0.0702
3 0.1230 0.2926 0.0561 0.0668
3 0.1657 0.2915 0.0380 0.0656
3 0.1942 0.2898 0.0277 0.0667
3 0.2326 0.2887 0.0524 0.0622
3 0.1601 0.3635 0.0386 0.0696
3 0.1166 0.3664 0.0561 0.0651
3 0.0773 0.3669 0.0311 0.0661
3 0.0514 0.3667 0.0316 0.0667
3 0.0435 0.4413 0.0331 0.0712
3 0.0706 0.4421 0.0316 0.0729
3 0.1097 0.4419 0.0589 0.0712
3 0.1544 0.4393 0.0384 0.0718
3 0.1851 0.4333 0.0283 0.0690
3 0.2237 0.4334 0.0546 0.0701
3 0.0360 0.5176 0.0343 0.0746
3 0.0621 0.5176 0.0316 0.0758
3 0.1031 0.5181 0.0593 0.0724
3 0.1485 0.5153 0.0412 0.0791
3 0.1798 0.5102 0.0282 0.0712
3 0.2190 0.5108 0.0572 0.0780
3 0.2139 0.5933 0.0591 0.0814
3 0.1739 0.5942 0.0303 0.0786
3 0.1414 0.5967 0.0414 0.0837
3 0.0952 0.5993 0.0605 0.0842
3 0.0548 0.6021 0.0328 0.0797
3 0.0473 0.6863 0.0313 0.0775
3 0.0881 0.6841 0.0610 0.0853
3 0.1352 0.6829 0.0437 0.0797
3 0.1681 0.6818 0.0307 0.0797
3 0.2038 0.7669 0.0616 0.0916
3 0.1609 0.7697 0.0318 0.0860
3 0.0107 0.8596 0.0215 0.0882
3 0.0317 0.8630 0.0311 0.0837
3 0.1212 0.8652 0.0446 0.0928
3 0.1546 0.8650 0.0339 0.0922
3 0.2811 0.2901 0.0504 0.0658
3 0.3187 0.2874 0.0280 0.0658
3 0.3439 0.2864 0.0246 0.0665
3 0.3703 0.2857 0.0282 0.0665
3 0.3985 0.2860 0.0253 0.0658
3 0.4360 0.2840 0.0493 0.0658
3 0.4361 0.3562 0.0499 0.0665
3 0.3975 0.3569 0.0260 0.0651
3 0.3693 0.3586 0.0294 0.0644
3 0.3418 0.3583 0.0249 0.0651
3 0.3167 0.3579 0.0280 0.0658
3 0.2785 0.3593 0.0506 0.0699
3 0.2748 0.4346 0.0504 0.0685
3 0.3135 0.4319 0.0276 0.0658
3 0.3400 0.4329 0.0253 0.0665
3 0.3673 0.4333 0.0294 0.0672
3 0.3962 0.4298 0.0249 0.0658
3 0.4358 0.4278 0.0497 0.0644
3 0.4351 0.5052 0.0506 0.0739
3 0.3953 0.5062 0.0267 0.0719
3 0.3661 0.5085 0.0310 0.0767
3 0.3381 0.5072 0.0253 0.0753
3 0.3110 0.5099 0.0276 0.0753
3 0.2719 0.5099 0.0515 0.0726
3 0.3091 0.5876 0.0291 0.0773
3 0.3362 0.5869 0.0269 0.0773
3 0.3649 0.5876 0.0310 0.0787
3 0.3937 0.5869 0.0276 0.0787
3 0.4351 0.5832 0.0533 0.0821
3 0.4354 0.6652 0.0527 0.0794
3 0.3930 0.6683 0.0289 0.0800
3 0.3633 0.6680 0.0323 0.0807
3 0.3340 0.6697 0.0285 0.0787
3 0.2601 0.7633 0.0565 0.0909
3 0.3025 0.7595 0.0305 0.0834
3 0.3308 0.7569 0.0280 0.0875
3 0.3607 0.7555 0.0323 0.0861
3 0.3919 0.7538 0.0287 0.0855
3 0.4340 0.7491 0.0551 0.0868
3 0.4344 0.8376 0.0554 0.0916
3 0.3908 0.8427 0.0296 0.0855
3 0.3595 0.8454 0.0330 0.0868
3 0.3292 0.8481 0.0294 0.0895
3 0.2992 0.8522 0.0314 0.0855
3 0.2548 0.8556 0.0579 0.0909
3 0.1982 0.8598 0.0633 0.0950
3 0.3567 0.9473 0.0339 0.1053
3 0.3895 0.9462 0.0301 0.1076
3 0.4334 0.9424 0.0555 0.1136
3 0.4796 0.8338 0.0323 0.0890
3 0.5146 0.8305 0.0325 0.0881
3 0.4791 0.9406 0.0353 0.1189
3 0.6195 0.9215 0.0560 0.1250
3 0.6742 0.9059 0.0588 0.1221
3 0.7296 0.8971 0.0574 0.1290
3 0.7786 0.8879 0.0533 0.1173
3 0.8939 0.8563 0.0359 0.1031
3 0.9261 0.8430 0.0488 0.1051
3 0.9563 0.8335 0.0260 0.0970
3 0.9766 0.8271 0.0269 0.1004
3 0.9686 0.7413 0.0271 0.0699
3 0.8832 0.7644 0.0334 0.0875
3 0.8582 0.7715 0.0346 0.0868
3 0.7717 0.7895 0.0545 0.0835
3 0.7657 0.7084 0.0524 0.0801
3 0.8134 0.6996 0.0542 0.0814
3 0.8504 0.6911 0.0343 0.0794
3 0.8770 0.6880 0.0323 0.0773
3 0.9409 0.6741 0.0264 0.0753
3 0.9617 0.6704 0.0264 0.0746
3 0.9540 0.6015 0.0287 0.0685
3 0.8879 0.4706 0.0447 0.0672
3 0.8298 0.4740 0.0305 0.0740
3 0.8622 0.5402 0.0334 0.0760
3 0.8371 0.5429 0.0339 0.0760
3 0.8691 0.6110 0.0341 0.0767
3 0.8439 0.6175 0.0343 0.0773
3 0.7887 0.4113 0.0470 0.0638
3 0.7455 0.4106 0.0477 0.0651
3 0.7944 0.4788 0.0502 0.0658
3 0.7503 0.4811 0.0488 0.0706
3 0.7176 0.4849 0.0239 0.0712
3 0.8012 0.5493 0.0511 0.0712
3 0.6935 0.4869 0.0310 0.0712
3 0.7552 0.5520 0.0495 0.0726
3 0.8067 0.6219 0.0527 0.0726
3 0.7598 0.6283 0.0497 0.0760
3 0.7219 0.5575 0.0262 0.0740
3 0.6968 0.5592 0.0321 0.0773
3 0.7263 0.6317 0.0269 0.0787
3 0.7014 0.6344 0.0328 0.0814
3 0.7067 0.7155 0.0339 0.0753
3 0.7318 0.7128 0.0280 0.0834
3 0.7369 0.7915 0.0296 0.0794
3 0.7116 0.7952 0.0355 0.0801
3 0.6551 0.2810 0.0301 0.0651
3 0.6302 0.2800 0.0246 0.0644
3 0.5961 0.2810 0.0481 0.0624
3 0.5474 0.2820 0.0515 0.0617
3 0.5072 0.2824 0.0312 0.0651
3 0.5077 0.3546 0.0319 0.0712
3 0.5490 0.3523 0.0515 0.0692
3 0.5987 0.3485 0.0493 0.0672
3 0.6342 0.3475 0.0235 0.0651
3 0.6577 0.3472 0.0289 0.0617
3 0.6607 0.4167 0.0296 0.0651
3 0.6367 0.4187 0.0249 0.0665
3 0.6010 0.4204 0.0497 0.0685
3 0.5511 0.4262 0.0536 0.0678
3 0.5094 0.4255 0.0325 0.0692
3 0.6648 0.4870 0.0301 0.0716
3 0.6393 0.4890 0.0268 0.0724
3 0.6038 0.4911 0.0513 0.0700
3 0.5528 0.4984 0.0540 0.0684
3 0.5094 0.4988 0.0323 0.0724
3 0.5112 0.5782 0.0336 0.0781
3 0.5547 0.5741 0.0550 0.0749
3 0.6071 0.5688 0.0518 0.0725
3 0.6430 0.5660 0.0250 0.0716
3 0.6681 0.5619 0.0301 0.0700
3 0.6721 0.6384 0.0312 0.0749
3 0.6464 0.6425 0.0279 0.0733
3 0.6092 0.6490 0.0523 0.0765
3 0.5565 0.6531 0.0575 0.0781
3 0.5123 0.6580 0.0342 0.0781
3 0.5129 0.7404 0.0340 0.0791
3 0.5583 0.7385 0.0568 0.0791
3 0.6126 0.7304 0.0540 0.0791
3 0.5598 0.8282 0.0571 0.0919
3 0.6153 0.8124 0.0530 0.0885
3 0.6538 0.8079 0.0279 0.0796
3 0.6811 0.8025 0.0331 0.0791
3 0.6764 0.7210 0.0336 0.0810
3 0.6498 0.7243 0.0278 0.0810
2 0.5050 0.0877 0.0276 0.0635
3 0.9477 0.7491 0.0251 0.0746
3 0.9173 0.7582 0.0473 0.0807
3 0.8194 0.7820 0.0534 0.0862
3 0.9091 0.6823 0.0442 0.0753
3 0.9453 0.5339 0.0298 0.0719
3 0.9242 0.5356 0.0255 0.0692
3 0.8942 0.5388 0.0446 0.0678
3 0.9017 0.6086 0.0456 0.0732
3 0.9316 0.6026 0.0249 0.0706
3 0.8529 0.4699 0.0270 0.0712
2 0.8681 0.2795 0.0402 0.0594
2 0.3751 0.0845 0.0267 0.0650
2 0.4010 0.0848 0.0238 0.0639
2 0.4381 0.0867 0.0471 0.0637
2 0.4763 0.0889 0.0274 0.0639
2 0.5901 0.0900 0.0459 0.0662
2 0.3740 0.1523 0.0266 0.0653
2 0.6826 0.2820 0.0271 0.0631
2 0.7050 0.2810 0.0217 0.0625
2 0.7366 0.2813 0.0420 0.0603
2 0.8126 0.2782 0.0282 0.0528
2 0.8369 0.2758 0.0235 0.0575
2 0.8972 0.2799 0.0242 0.0577
2 0.9182 0.4662 0.0251 0.0637
2 0.9034 0.3406 0.0230 0.0596
2 0.8482 0.4031 0.0276 0.0611
2 0.8421 0.3366 0.0267 0.0664
2 0.8176 0.3392 0.0283 0.0677
2 0.8234 0.4044 0.0271 0.0665
2 0.7827 0.3434 0.0461 0.0650
2 0.1410 0.0919 0.0524 0.0719
2 0.2876 0.1565 0.0467 0.0680
2 0.2405 0.1557 0.0490 0.0676
2 0.2003 0.2228 0.0254 0.0628
2 0.2041 0.1570 0.0239 0.0669
2 0.1292 0.2216 0.0520 0.0630
2 0.0661 0.2210 0.0314 0.0676
3 0.2286 0.3578 0.0546 0.0732
3 0.1902 0.3599 0.0279 0.0690
3 0.0279 0.6000 0.0335 0.0851
3 0.0199 0.6841 0.0337 0.0792
3 0.2094 0.6759 0.0580 0.0858
3 0.1277 0.7709 0.0433 0.0892
3 0.0801 0.7715 0.0627 0.0880
3 0.0389 0.7717 0.0314 0.0899
3 0.0139 0.7698 0.0279 0.0926
3 0.0729 0.8632 0.0621 0.0890
3 0.2684 0.5884 0.0535 0.0852
3 0.3061 0.6718 0.0310 0.0825
3 0.2633 0.6733 0.0538 0.0863
