1 0.4184 0.5738 0.0271 0.0304
1 0.1798 0.6333 0.0262 0.0282
3 0.6740 0.6148 0.0415 0.0293
3 0.3312 0.6351 0.0236 0.0274
1 0.9491 0.6535 0.0239 0.0282
1 0.9465 0.4757 0.0237 0.0268
3 0.5646 0.5775 0.0223 0.0292
3 0.2714 0.6347 0.0240 0.0283
3 0.0327 0.8586 0.0346 0.0333
3 0.0694 0.9207 0.0345 0.0381
3 0.8165 0.7121 0.0423 0.0273
3 0.8713 0.8950 0.0205 0.0278
3 0.0995 0.9644 0.0345 0.0499
1 0.7256 0.9273 0.0431 0.0268
3 0.1560 0.7266 0.0220 0.0304
1 0.3900 0.5089 0.0263 0.0306
3 0.2731 0.8645 0.0345 0.0381
3 0.6744 0.5839 0.0402 0.0282
3 0.8448 0.8024 0.0190 0.0387
1 0.5086 0.7971 0.0226 0.0277
3 0.3296 0.4771 0.0251 0.0294
3 0.9273 0.8965 0.0250 0.0272
3 0.3307 0.9232 0.0345 0.0381
3 0.9270 0.9602 0.0250 0.0395
3 0.7197 0.4622 0.0428 0.0274
3 0.1348 0.8921 0.0299 0.0333
1 0.2421 0.6026 0.0278 0.0296
3 0.8179 0.9275 0.0455 0.0286
3 0.9527 0.8965 0.0250 0.0272
3 0.8938 0.5625 0.0215 0.0278
3 0.2711 0.5394 0.0243 0.0307
3 0.2104 0.7961 0.0345 0.0381
1 0.1039 0.9207 0.0345 0.0381
1 0.4767 0.4492 0.0254 0.0295
1 0.9245 0.7457 0.0219 0.0287
3 0.5854 0.4859 0.0180 0.0312
3 0.3911 0.7328 0.0235 0.0289
3 0.8425 0.5003 0.0190 0.0387
1 0.5359 0.5452 0.0242 0.0284
3 0.6776 0.9276 0.0439 0.0271
3 0.8693 0.7434 0.0197 0.0274
3 0.3613 0.7672 0.0345 0.0381
3 0.1805 0.6015 0.0270 0.0293
3 0.8438 0.6782 0.0190 0.0387
1 0.5075 0.7315 0.0223 0.0253
1 0.0984 0.6660 0.0334 0.0326
3 0.9472 0.5358 0.0206 0.0257
3 0.6263 0.4886 0.0495 0.0288
1 0.9222 0.6530 0.0247 0.0287
3 0.2723 0.7322 0.0250 0.0323
3 0.3318 0.7982 0.0345 0.0381
3 0.0978 0.4717 0.0266 0.0295
3 0.1548 0.5684 0.0223 0.0307
3 0.8496 0.9579 0.0190 0.0387
3 0.7700 0.7417 0.0414 0.0285
1 0.4199 0.6378 0.0270 0.0303
3 0.4483 0.8287 0.0345 0.0381
1 0.3906 0.6356 0.0247 0.0279
3 0.8443 0.7077 0.0190 0.0387
3 0.1297 0.6664 0.0270 0.0331
3 0.6730 0.4891 0.0396 0.0283
3 0.7239 0.8355 0.0434 0.0299
1 0.9203 0.5915 0.0239 0.0285
3 0.6279 0.8655 0.0447 0.0282
3 0.8168 0.8343 0.0430 0.0287
1 0.9787 0.7463 0.0222 0.0287
3 0.4194 0.6995 0.0240 0.0278
1 0.5368 0.6698 0.0250 0.0290
3 0.9739 0.5361 0.0232 0.0281
3 0.8440 0.7726 0.0190 0.0387
3 0.7698 0.8036 0.0434 0.0269
3 0.1798 0.5057 0.0267 0.0302
3 0.8131 0.4694 0.0411 0.0280
3 0.8447 0.7409 0.0190 0.0387
3 0.9533 0.9256 0.0250 0.0272
3 0.3940 0.8247 0.0345 0.0381
3 0.9736 0.5075 0.0235 0.0287
3 0.3600 0.7346 0.0253 0.0326
1 0.2117 0.6663 0.0265 0.0296
3 0.5401 0.8000 0.0345 0.0381
3 0.5887 0.6094 0.0190 0.0304
1 0.3023 0.6349 0.0248 0.0270
3 0.5101 0.8922 0.0345 0.0381
3 0.9745 0.5659 0.0225 0.0286
3 0.6752 0.8339 0.0435 0.0281
3 0.8953 0.6829 0.0195 0.0270
3 0.5692 0.8942 0.0345 0.0381
3 0.3596 0.5091 0.0274 0.0300
3 0.5664 0.6417 0.0227 0.0285
1 0.7719 0.8651 0.0441 0.0272
1 0.9239 0.7135 0.0221 0.0276
1 0.0315 0.7995 0.0272 0.0400
1 0.1301 0.5363 0.0248 0.0299
1 0.9743 0.6238 0.0247 0.0308
3 0.5057 0.5761 0.0246 0.0300
3 0.2122 0.8645 0.0345 0.0381
3 0.4180 0.5112 0.0249 0.0291
3 0.0322 0.8278 0.0286 0.0320
3 0.6275 0.6448 0.0455 0.0292
1 0.3297 0.5091 0.0258 0.0325
3 0.9005 0.8668 0.0250 0.0272
1 0.5072 0.7012 0.0245 0.0295
3 0.7663 0.4658 0.0427 0.0285
3 0.8466 0.8935 0.0190 0.0387
3 0.0984 0.7646 0.0315 0.0322
3 0.9521 0.8056 0.0250 0.0272
1 0.0673 0.8892 0.0345 0.0381
3 0.1546 0.4412 0.0224 0.0301
3 0.2118 0.8313 0.0345 0.0381
1 0.5691 0.7959 0.0230 0.0295
3 0.5361 0.4838 0.0236 0.0290
1 0.3023 0.6673 0.0243 0.0304
3 0.8955 0.6530 0.0200 0.0275
3 0.2107 0.5066 0.0292 0.0299
3 0.2734 0.9249 0.0345 0.0381
3 0.5900 0.7902 0.0190 0.0304
3 0.3927 0.8604 0.0345 0.0381
3 0.4470 0.5107 0.0248 0.0277
3 0.7668 0.5261 0.0439 0.0284
3 0.3309 0.7647 0.0223 0.0313
3 0.9246 0.8049 0.0251 0.0272
3 0.9252 0.8360 0.0250 0.0272
3 0.0651 0.5054 0.0384 0.0334
1 0.5396 0.7977 0.0212 0.0296
2 0.3325 0.9648 0.0345 0.0419
1 0.9751 0.6540 0.0226 0.0297
3 0.1564 0.7601 0.0187 0.0306
3 0.9468 0.5650 0.0217 0.0274
3 0.8407 0.5283 0.0190 0.0387
3 0.0368 0.8582 0.0314 0.0333
3 0.6738 0.6460 0.0414 0.0277
3 0.3936 0.8962 0.0345 0.0381
1 0.9216 0.6229 0.0241 0.0284
3 0.5083 0.8579 0.0345 0.0381
1 0.1788 0.6666 0.0268 0.0315
1 0.5063 0.6386 0.0243 0.0288
1 0.3306 0.5389 0.0264 0.0308
3 0.5950 0.9222 0.0190 0.0387
1 0.4769 0.5438 0.0253 0.0308
1 0.3899 0.5427 0.0268 0.0311
3 0.1560 0.8239 0.0192 0.0315
3 0.5891 0.7297 0.0190 0.0304
3 0.9725 0.4770 0.0222 0.0277
3 0.3314 0.8930 0.0345 0.0381
3 0.1001 0.6009 0.0274 0.0293
1 0.9191 0.4742 0.0225 0.0297
3 0.3300 0.4444 0.0261 0.0296
3 0.5900 0.7000 0.0190 0.0304
3 0.6284 0.8347 0.0463 0.0275
3 0.5658 0.6092 0.0222 0.0299
3 0.2437 0.9648 0.0345 0.0419
3 0.8134 0.4995 0.0416 0.0291
3 0.3931 0.9244 0.0345 0.0381
3 0.9817 0.8815 0.0332 0.0272
3 0.6271 0.7715 0.0449 0.0297
1 0.3600 0.4451 0.0264 0.0307
3 0.2734 0.9635 0.0345 0.0419
3 0.5048 0.4494 0.0256 0.0299
3 0.2407 0.4431 0.0279 0.0296
1 0.5696 0.8290 0.0195 0.0289
3 0.9521 0.8367 0.0250 0.0272
3 0.7678 0.5881 0.0409 0.0276
1 0.2421 0.5697 0.0270 0.0282
3 0.2395 0.7634 0.0257 0.0331
3 0.8166 0.7430 0.0425 0.0279
3 0.1789 0.6976 0.0234 0.0289
1 0.4766 0.4811 0.0251 0.0308
1 0.4790 0.6697 0.0251 0.0274
3 0.8485 0.9203 0.0190 0.0387
3 0.1550 0.5377 0.0216 0.0303
3 0.5670 0.9234 0.0345 0.0381
3 0.8663 0.5919 0.0229 0.0271
3 0.5361 0.5144 0.0238 0.0289
1 0.4186 0.6688 0.0234 0.0286
3 0.9799 0.7783 0.0332 0.0272
3 0.9002 0.9273 0.0250 0.0272
1 0.5345 0.4493 0.0229 0.0291
1 0.2100 0.6019 0.0252 0.0303
3 0.0662 0.4368 0.0313 0.0326
3 0.3028 0.8930 0.0345 0.0381
3 0.9512 0.7780 0.0251 0.0272
1 0.5098 0.7663 0.0212 0.0294
3 0.4210 0.7970 0.0345 0.0381
3 0.7217 0.6465 0.0406 0.0273
3 0.0654 0.6001 0.0334 0.0326
3 0.0328 0.4377 0.0313 0.0326
3 0.7248 0.8635 0.0426 0.0269
3 0.5638 0.4851 0.0222 0.0304
3 0.9530 0.9605 0.0251 0.0395
3 0.4792 0.6381 0.0262 0.0273
1 0.1538 0.6639 0.0198 0.0290
1 0.2126 0.9656 0.0345 0.0419
3 0.7695 0.6792 0.0423 0.0278
1 0.3905 0.5733 0.0264 0.0307
1 0.8712 0.8647 0.0213 0.0290
3 0.1300 0.7633 0.0315 0.0322
1 0.4179 0.5428 0.0263 0.0312
3 0.6295 0.9298 0.0443 0.0262
1 0.0325 0.7306 0.0341 0.0326
1 0.0318 0.6332 0.0313 0.0326
1 0.0329 0.6979 0.0341 0.0326
3 0.0658 0.5678 0.0313 0.0326
3 0.3001 0.4441 0.0243 0.0287
3 0.8176 0.7732 0.0414 0.0272
3 0.5887 0.6396 0.0190 0.0304
3 0.5844 0.5156 0.0176 0.0303
3 0.7687 0.6483 0.0424 0.0272
3 0.5905 0.7600 0.0190 0.0304
1 0.5671 0.6715 0.0247 0.0312
3 0.4470 0.4793 0.0249 0.0292
3 0.8696 0.8046 0.0223 0.0276
1 0.4772 0.5764 0.0250 0.0298
3 0.4523 0.9254 0.0345 0.0381
1 0.8173 0.8954 0.0433 0.0282
3 0.4757 0.9284 0.0345 0.0381
3 0.2706 0.5075 0.0256 0.0299
1 0.4185 0.6686 0.0236 0.0286
3 0.2712 0.6028 0.0248 0.0295
1 0.1021 0.8897 0.0345 0.0381
3 0.3318 0.8628 0.0345 0.0381
3 0.5963 0.9595 0.0190 0.0387
3 0.5900 0.8552 0.0190 0.0387
3 0.4249 0.8247 0.0345 0.0381
3 0.8679 0.6811 0.0211 0.0259
3 0.6273 0.7071 0.0456 0.0294
3 0.1819 0.7622 0.0266 0.0304
3 0.6289 0.8977 0.0459 0.0271
3 0.0307 0.5342 0.0313 0.0326
3 0.0314 0.5027 0.0313 0.0326
3 0.2419 0.8301 0.0345 0.0381
3 0.9463 0.5041 0.0254 0.0298
3 0.1302 0.5684 0.0224 0.0287
3 0.8133 0.5289 0.0407 0.0277
1 0.9770 0.6846 0.0245 0.0297
3 0.1795 0.5385 0.0267 0.0299
1 0.0343 0.9194 0.0345 0.0381
1 0.2096 0.5379 0.0287 0.0313
3 0.6283 0.6131 0.0472 0.0289
3 0.9244 0.7745 0.0226 0.0261
3 0.5646 0.5475 0.0221 0.0282
1 0.2726 0.7645 0.0230 0.0316
3 0.5933 0.8861 0.0190 0.0304
3 0.1796 0.8918 0.0345 0.0381
1 0.1548 0.6952 0.0197 0.0275
3 0.9273 0.9266 0.0250 0.0272
3 0.5857 0.4543 0.0190 0.0304
3 0.6717 0.4594 0.0404 0.0288
3 0.3603 0.5731 0.0264 0.0298
3 0.7223 0.7416 0.0445 0.0281
3 0.3598 0.4782 0.0271 0.0296
3 0.7213 0.6162 0.0421 0.0289
1 0.9221 0.6829 0.0207 0.0282
3 0.4226 0.7633 0.0345 0.0381
1 0.9504 0.6835 0.0241 0.0287
3 0.9011 0.8979 0.0251 0.0272
3 0.4236 0.8620 0.0345 0.0381
3 0.4536 0.8569 0.0345 0.0381
3 0.6301 0.9647 0.0439 0.0285
3 0.1301 0.5030 0.0248 0.0295
3 0.1792 0.9659 0.0345 0.0419
3 0.4806 0.7640 0.0345 0.0381
1 0.3600 0.4450 0.0265 0.0306
3 0.2715 0.6989 0.0245 0.0307
1 0.0669 0.7297 0.0315 0.0322
3 0.5087 0.8610 0.0221 0.0267
1 0.5082 0.6701 0.0273 0.0287
3 0.8654 0.5311 0.0234 0.0286
3 0.0983 0.5036 0.0242 0.0290
3 0.2099 0.6979 0.0247 0.0299
3 0.9802 0.8220 0.0332 0.0272
1 0.9472 0.6242 0.0250 0.0290
3 0.4775 0.7975 0.0345 0.0381
3 0.7202 0.5237 0.0407 0.0281
3 0.3599 0.6992 0.0239 0.0285
3 0.3884 0.4476 0.0240 0.0284
1 0.5049 0.5135 0.0232 0.0284
3 0.4172 0.4796 0.0251 0.0301
3 0.5651 0.5174 0.0212 0.0289
3 0.7243 0.8029 0.0436 0.0264
3 0.8743 0.9624 0.0233 0.0351
3 0.4810 0.8942 0.0345 0.0381
3 0.2421 0.6344 0.0268 0.0284
1 0.5357 0.5768 0.0255 0.0311
3 0.1306 0.8302 0.0275 0.0324
1 0.5086 0.5447 0.0246 0.0272
1 0.0988 0.8305 0.0315 0.0322
3 0.4510 0.8962 0.0345 0.0381
1 0.0328 0.9631 0.0345 0.0507
3 0.0673 0.9623 0.0345 0.0499
3 0.2115 0.8947 0.0345 0.0381
3 0.8462 0.8629 0.0190 0.0387
1 0.5673 0.7021 0.0247 0.0303
3 0.3610 0.6039 0.0267 0.0287
1 0.5364 0.6389 0.0253 0.0303
1 0.4513 0.6999 0.0284 0.0267
3 0.8144 0.6197 0.0399 0.0273
3 0.2104 0.7647 0.0231 0.0303
3 0.5101 0.9607 0.0345 0.0419
3 0.3915 0.7633 0.0345 0.0381
1 0.8664 0.6212 0.0238 0.0302
1 0.0987 0.6980 0.0294 0.0336
3 0.0314 0.5690 0.0313 0.0326
3 0.6274 0.8028 0.0435 0.0277
1 0.1290 0.7945 0.0296 0.0327
3 0.6259 0.5522 0.0479 0.0286
3 0.6286 0.6751 0.0448 0.0301
3 0.4788 0.8257 0.0345 0.0381
3 0.3607 0.6370 0.0238 0.0278
3 0.8661 0.5614 0.0218 0.0276
3 0.4173 0.4486 0.0255 0.0290
3 0.5410 0.9617 0.0345 0.0419
3 0.2992 0.4762 0.0248 0.0297
3 0.5692 0.8574 0.0345 0.0381
3 0.5102 0.8299 0.0214 0.0324
1 0.0666 0.8609 0.0314 0.0333
3 0.1807 0.7969 0.0345 0.0381
3 0.6776 0.8968 0.0445 0.0275
1 0.0640 0.7977 0.0315 0.0322
3 0.7691 0.7095 0.0434 0.0278
1 0.0334 0.8819 0.0356 0.0368
1 0.3906 0.6685 0.0243 0.0290
1 0.2115 0.5699 0.0274 0.0307
3 0.8677 0.6518 0.0215 0.0271
3 0.2713 0.5720 0.0242 0.0299
3 0.4498 0.7633 0.0345 0.0381
3 0.2977 0.8305 0.0345 0.0381
3 0.3644 0.8967 0.0345 0.0381
1 0.3019 0.5395 0.0251 0.0308
3 0.6734 0.5532 0.0419 0.0280
3 0.9793 0.8406 0.0332 0.0272
3 0.6748 0.7706 0.0441 0.0272
1 0.9747 0.5952 0.0225 0.0274
3 0.9802 0.8018 0.0332 0.0272
3 0.4192 0.8952 0.0345 0.0381
3 0.0978 0.5369 0.0250 0.0298
3 0.8654 0.5017 0.0227 0.0287
1 0.3306 0.5389 0.0265 0.0310
3 0.2991 0.7973 0.0345 0.0381
3 0.1801 0.4420 0.0262 0.0287
3 0.0319 0.4703 0.0313 0.0326
3 0.6267 0.5829 0.0469 0.0286
3 0.3306 0.6991 0.0234 0.0287
1 0.3015 0.5711 0.0253 0.0309
3 0.7682 0.5569 0.0428 0.0289
3 0.2745 0.8922 0.0345 0.0381
3 0.7219 0.7109 0.0429 0.0294
3 0.5705 0.9597 0.0345 0.0419
3 0.2394 0.7982 0.0345 0.0381
3 0.9002 0.9618 0.0250 0.0395
3 0.3597 0.5415 0.0274 0.0312
3 0.9264 0.8672 0.0250 0.0272
1 0.0976 0.7973 0.0305 0.0327
3 0.3042 0.9648 0.0345 0.0419
3 0.4472 0.4489 0.0253 0.0295
1 0.4491 0.6048 0.0268 0.0278
3 0.7253 0.9610 0.0427 0.0317
1 0.4201 0.6044 0.0253 0.0294
1 0.7244 0.8957 0.0419 0.0259
3 0.5867 0.5455 0.0190 0.0304
3 0.5096 0.9239 0.0345 0.0381
3 0.1555 0.8555 0.0186 0.0319
3 0.5368 0.6084 0.0242 0.0306
3 0.4496 0.9662 0.0345 0.0419
1 0.2416 0.6669 0.0250 0.0304
3 0.9817 0.9602 0.0311 0.0395
1 0.8184 0.8630 0.0444 0.0288
3 0.8930 0.5329 0.0239 0.0283
3 0.6259 0.4580 0.0477 0.0293
3 0.8144 0.5583 0.0404 0.0275
1 0.5681 0.7334 0.0210 0.0290
1 0.4768 0.5128 0.0253 0.0298
1 0.4801 0.7009 0.0253 0.0277
1 0.5686 0.7656 0.0210 0.0285
3 0.0312 0.7633 0.0316 0.0316
1 0.4490 0.5740 0.0243 0.0286
3 0.5900 0.8249 0.0190 0.0304
3 0.8984 0.8360 0.0250 0.0272
3 0.0991 0.5683 0.0258 0.0292
3 0.1552 0.5047 0.0227 0.0326
1 0.4512 0.6688 0.0281 0.0287
3 0.1300 0.6013 0.0222 0.0279
1 0.0325 0.6668 0.0313 0.0326
1 0.5643 0.4532 0.0218 0.0290
1 0.4781 0.6064 0.0267 0.0292
3 0.3614 0.8257 0.0345 0.0381
3 0.8978 0.7757 0.0250 0.0272
1 0.2108 0.6334 0.0268 0.0290
1 0.3614 0.6685 0.0271 0.0286
3 0.8703 0.8345 0.0211 0.0280
3 0.1562 0.9221 0.0186 0.0319
3 0.6249 0.5196 0.0456 0.0273
3 0.3886 0.4788 0.0243 0.0285
1 0.6763 0.8664 0.0433 0.0296
3 0.5927 0.8932 0.0190 0.0387
3 0.2098 0.7294 0.0241 0.0284
1 0.1328 0.8603 0.0267 0.0344
3 0.8425 0.5589 0.0190 0.0387
3 0.8177 0.8044 0.0422 0.0287
3 0.7241 0.7722 0.0433 0.0292
1 0.0661 0.6990 0.0291 0.0333
1 0.1296 0.6958 0.0315 0.0322
3 0.2412 0.8960 0.0345 0.0381
3 0.1803 0.9258 0.0345 0.0381
3 0.2412 0.5388 0.0251 0.0299
3 0.9195 0.5042 0.0218 0.0284
3 0.9823 0.8990 0.0332 0.0272
3 0.5083 0.8287 0.0345 0.0381
3 0.8950 0.6225 0.0203 0.0273
1 0.0657 0.8265 0.0349 0.0314
3 0.8462 0.8326 0.0190 0.0387
3 0.8421 0.5885 0.0190 0.0387
3 0.8975 0.8060 0.0251 0.0272
3 0.9521 0.8682 0.0250 0.0272
3 0.2423 0.6985 0.0258 0.0312
3 0.8421 0.6185 0.0190 0.0387
1 0.3905 0.9662 0.0345 0.0419
3 0.1300 0.4723 0.0248 0.0288
3 0.2730 0.4441 0.0250 0.0293
3 0.7225 0.6786 0.0422 0.0277
3 0.2712 0.4765 0.0258 0.0306
3 0.2122 0.9245 0.0345 0.0381
3 0.1799 0.8334 0.0345 0.0381
3 0.2691 0.8326 0.0345 0.0381
1 0.0656 0.4702 0.0309 0.0335
1 0.1310 0.6326 0.0232 0.0292
3 0.4209 0.7342 0.0232 0.0315
3 0.6748 0.7403 0.0436 0.0287
3 0.3036 0.7342 0.0255 0.0322
1 0.8944 0.4735 0.0228 0.0281
1 0.0321 0.5984 0.0313 0.0326
1 0.0988 0.7314 0.0315 0.0322
3 0.8928 0.5024 0.0229 0.0275
3 0.4779 0.8615 0.0345 0.0381
3 0.8424 0.4694 0.0190 0.0387
1 0.0655 0.6681 0.0334 0.0326
3 0.7726 0.8965 0.0454 0.0256
3 0.3944 0.7980 0.0345 0.0381
3 0.3307 0.8305 0.0345 0.0381
3 0.3053 0.9216 0.0345 0.0381
3 0.8654 0.4702 0.0230 0.0275
1 0.5072 0.7013 0.0242 0.0295
1 0.1002 0.8632 0.0315 0.0322
1 0.9775 0.7153 0.0246 0.0295
3 0.3318 0.7322 0.0239 0.0298
1 0.5383 0.7333 0.0235 0.0283
3 0.5401 0.8307 0.0345 0.0381
1 0.9501 0.7143 0.0226 0.0274
3 0.5388 0.8907 0.0345 0.0381
3 0.3904 0.6042 0.0251 0.0298
3 0.5401 0.8569 0.0345 0.0381
1 0.7710 0.7732 0.0416 0.0284
3 0.7199 0.4928 0.0419 0.0278
3 0.3610 0.9254 0.0345 0.0381
3 0.4796 0.9637 0.0345 0.0419
3 0.4488 0.7337 0.0227 0.0296
1 0.4482 0.5430 0.0244 0.0289
1 0.4499 0.6376 0.0267 0.0286
3 0.1789 0.4735 0.0269 0.0300
3 0.1555 0.8892 0.0186 0.0319
3 0.1567 0.9639 0.0186 0.0450
3 0.3623 0.9647 0.0345 0.0419
3 0.3657 0.8655 0.0345 0.0381
3 0.0654 0.6337 0.0341 0.0326
3 0.8722 0.9274 0.0214 0.0305
1 0.2721 0.6668 0.0241 0.0293
1 0.9509 0.7452 0.0212 0.0284
1 0.5384 0.7627 0.0227 0.0288
3 0.2408 0.5070 0.0276 0.0296
3 0.1799 0.7320 0.0235 0.0302
3 0.1550 0.7910 0.0205 0.0315
3 0.4236 0.9647 0.0345 0.0419
3 0.3028 0.8636 0.0345 0.0381
3 0.1297 0.4397 0.0235 0.0290
3 0.1007 0.6332 0.0265 0.0289
3 0.3611 0.7973 0.0345 0.0381
3 0.6743 0.6775 0.0410 0.0280
3 0.1542 0.4713 0.0234 0.0315
1 0.5076 0.6077 0.0278 0.0297
3 0.6273 0.7388 0.0452 0.0283
3 0.8144 0.5883 0.0418 0.0273
3 0.8945 0.5928 0.0207 0.0271
1 0.2702 0.7973 0.0345 0.0381
3 0.8187 0.9614 0.0455 0.0286
3 0.6749 0.7088 0.0426 0.0282
3 0.7199 0.5857 0.0429 0.0282
3 0.3008 0.6989 0.0239 0.0291
3 0.5083 0.7955 0.0345 0.0381
1 0.1549 0.6003 0.0219 0.0312
3 0.7190 0.5548 0.0445 0.0288
1 0.0649 0.7640 0.0346 0.0332
3 0.2430 0.8641 0.0345 0.0381
3 0.8959 0.7434 0.0214 0.0273
3 0.7686 0.6185 0.0401 0.0280
1 0.3311 0.6672 0.0233 0.0284
1 0.6753 0.8052 0.0449 0.0271
3 0.9201 0.5626 0.0206 0.0262
1 0.1285 0.7293 0.0274 0.0322
3 0.2413 0.4735 0.0290 0.0306
3 0.5369 0.7021 0.0248 0.0299
3 0.9198 0.5330 0.0242 0.0282
1 0.3300 0.5715 0.0260 0.0322
1 0.7713 0.9278 0.0437 0.0309
3 0.8156 0.6810 0.0425 0.0286
3 0.9834 0.9256 0.0332 0.0272
3 0.1789 0.8645 0.0345 0.0381
1 0.1549 0.6310 0.0213 0.0300
3 0.2098 0.4735 0.0291 0.0329
3 0.6788 0.9629 0.0448 0.0278
1 0.3003 0.5071 0.0256 0.0307
1 0.2102 0.4416 0.0276 0.0301
3 0.2441 0.9237 0.0345 0.0381
3 0.7734 0.9629 0.0416 0.0317
3 0.8425 0.6486 0.0190 0.0387
3 0.3309 0.6042 0.0251 0.0316
3 0.8695 0.7740 0.0208 0.0276
3 0.8168 0.6494 0.0421 0.0293
3 0.3908 0.6999 0.0234 0.0279
3 0.4475 0.7985 0.0345 0.0381
1 0.4785 0.7343 0.0223 0.0300
1 0.7711 0.8340 0.0413 0.0270
3 0.1803 0.5695 0.0263 0.0286
3 0.0656 0.5369 0.0329 0.0315
3 0.5410 0.9234 0.0345 0.0381
3 0.1358 0.9211 0.0298 0.0321
3 0.2431 0.7339 0.0257 0.0331
3 0.4205 0.9249 0.0345 0.0381
3 0.3017 0.6034 0.0250 0.0279
1 0.9479 0.5927 0.0212 0.0266
3 0.0979 0.4391 0.0252 0.0287
3 0.6718 0.5210 0.0412 0.0283
3 0.5887 0.6698 0.0190 0.0304
3 0.7675 0.4958 0.0422 0.0292
1 0.5063 0.4826 0.0252 0.0297
3 0.8961 0.7140 0.0192 0.0274
3 0.9802 0.8616 0.0332 0.0272
3 0.5878 0.5782 0.0190 0.0304
3 0.8686 0.7125 0.0207 0.0272
3 0.1343 0.9648 0.0345 0.0499
