2 0.7513 0.9047 0.0703 0.0706
2 0.9511 0.9066 0.0839 0.0691
2 0.5676 0.9047 0.1345 0.0741
2 0.9559 0.9720 0.0882 0.0550
2 0.5712 0.9704 0.1284 0.0490
2 0.7525 0.9716 0.0724 0.0474
2 0.1895 0.9714 0.0726 0.0528
2 0.4634 0.9033 0.0737 0.0756
2 0.6714 0.9712 0.0759 0.0473
2 0.3759 0.9717 0.1185 0.0530
2 0.1871 0.9027 0.0757 0.0710
2 0.6716 0.9076 0.0781 0.0732
2 0.4658 0.9720 0.0659 0.0505
2 0.0900 0.9708 0.1199 0.0577
2 0.3685 0.9030 0.1083 0.0727
2 0.8510 0.9715 0.1087 0.0489
2 0.8491 0.9073 0.1109 0.0749
2 0.0846 0.9003 0.1116 0.0739
