2 0.5943 0.2263 0.0450 0.0691
3 0.3100 0.6411 0.0279 0.0931
3 0.1703 0.7380 0.0315 0.1036
2 0.7912 0.5120 0.0462 0.0771
2 0.6228 0.0822 0.0217 0.0702
3 0.5577 0.8029 0.0550 0.0917
2 0.3611 0.9326 0.0327 0.1166
2 0.8786 0.4289 0.0450 0.0827
2 0.3757 0.1505 0.0294 0.0791
3 0.0331 0.6480 0.0321 0.1002
2 0.3295 0.9336 0.0289 0.1135
3 0.7547 0.6004 0.0489 0.0870
2 0.4028 0.0806 0.0270 0.0688
2 0.4017 0.1493 0.0273 0.0766
2 0.4381 0.3036 0.0461 0.0699
2 0.4356 0.9269 0.0545 0.1068
2 0.5999 0.4488 0.0444 0.0806
3 0.3672 0.5451 0.0293 0.0905
2 0.2422 0.1528 0.0490 0.0769
2 0.2430 0.0840 0.0446 0.0729
2 0.4008 0.2219 0.0271 0.0772
3 0.2775 0.4645 0.0516 0.0901
2 0.0565 0.3859 0.0322 0.0960
2 0.2819 0.3812 0.0477 0.0829
3 0.9506 0.6425 0.0279 0.0881
2 0.1979 0.3044 0.0313 0.0969
3 0.0844 0.8412 0.0585 0.0970
2 0.1256 0.9438 0.0419 0.1036
2 0.4783 0.2234 0.0295 0.0719
2 0.3479 0.2278 0.0270 0.0818
3 0.9451 0.5687 0.0252 0.0806
2 0.4387 0.0839 0.0471 0.0633
2 0.2899 0.1534 0.0481 0.0771
2 0.3771 0.0806 0.0280 0.0753
2 0.1260 0.3092 0.0559 0.0923
2 0.6916 0.5210 0.0313 0.0909
2 0.3276 0.0781 0.0260 0.0736
2 0.5099 0.4591 0.0276 0.0807
3 0.2228 0.5497 0.0553 0.0872
2 0.5440 0.0881 0.0476 0.0668
2 0.7880 0.4379 0.0466 0.0790
3 0.4359 0.7228 0.0527 0.0820
2 0.7105 0.8829 0.0318 0.1333
3 0.6073 0.6213 0.0491 0.0871
2 0.5905 0.0867 0.0435 0.0686
2 0.2112 0.0792 0.0253 0.0735
2 0.7119 0.4429 0.0292 0.0925
3 0.3943 0.7247 0.0275 0.0905
3 0.3657 0.6382 0.0292 0.0786
2 0.1199 0.3886 0.0576 0.0893
3 0.3937 0.8184 0.0282 0.0957
3 0.7992 0.5956 0.0497 0.0785
3 0.2669 0.7345 0.0552 0.0942
3 0.7655 0.7726 0.0487 0.0937
3 0.2264 0.4644 0.0534 0.0886
2 0.5471 0.2272 0.0492 0.0674
3 0.2117 0.7343 0.0576 0.1010
2 0.4773 0.1505 0.0288 0.0707
2 0.7725 0.8779 0.0570 0.1346
3 0.1300 0.8386 0.0437 0.1007
2 0.8479 0.4304 0.0327 0.0871
2 0.7094 0.3601 0.0234 0.0731
2 0.6882 0.4418 0.0299 0.0893
2 0.4784 0.2992 0.0298 0.0754
2 0.6353 0.4456 0.0254 0.0842
2 0.3235 0.2220 0.0294 0.0801
3 0.0490 0.4740 0.0323 0.1020
3 0.2175 0.6422 0.0552 0.0886
3 0.3423 0.4592 0.0249 0.0877
2 0.4788 0.4576 0.0298 0.0833
3 0.0746 0.4656 0.0309 0.0978
2 0.3705 0.4588 0.0273 0.0804
2 0.0767 0.1505 0.0317 0.0870
3 0.1453 0.6441 0.0367 0.1076
3 0.6680 0.6034 0.0282 0.0768
2 0.6250 0.1517 0.0239 0.0790
2 0.1574 0.9449 0.0328 0.1097
2 0.4377 0.2266 0.0473 0.0695
2 0.8356 0.5830 0.0307 0.0808
3 0.5495 0.3807 0.0514 0.0717
3 0.3995 0.3775 0.0246 0.0791
2 0.4817 0.9195 0.0350 0.1065
2 0.6140 0.9010 0.0576 0.1176
3 0.1756 0.6389 0.0289 0.0951
2 0.8202 0.8682 0.0552 0.1314
3 0.3371 0.6352 0.0258 0.0827
3 0.3140 0.5475 0.0273 0.0776
2 0.8278 0.5074 0.0309 0.0871
2 0.2873 0.2309 0.0470 0.0762
2 0.2391 0.2249 0.0498 0.0838
3 0.8748 0.7387 0.0303 0.0853
3 0.2746 0.5516 0.0500 0.0892
3 0.0987 0.6495 0.0576 0.0964
3 0.9007 0.6552 0.0446 0.0826
2 0.4371 0.4583 0.0488 0.0750
3 0.5123 0.6241 0.0314 0.0811
2 0.7488 0.5127 0.0442 0.0850
3 0.6456 0.6945 0.0265 0.0945
2 0.0147 0.9394 0.0278 0.1037
2 0.1744 0.2297 0.0374 0.0878
3 0.6045 0.5312 0.0471 0.0855
2 0.1941 0.3816 0.0312 0.0948
2 0.6520 0.8944 0.0238 0.1262
2 0.2838 0.3054 0.0492 0.0788
3 0.3077 0.7318 0.0286 0.0979
2 0.9280 0.4233 0.0310 0.0655
2 0.9131 0.8338 0.0436 0.1168
3 0.8677 0.6617 0.0333 0.0888
2 0.0710 0.2281 0.0341 0.0959
2 0.3013 0.9377 0.0311 0.1104
2 0.5079 0.3042 0.0303 0.0754
3 0.6772 0.7772 0.0295 0.0954
2 0.5585 0.9179 0.0531 0.1108
3 0.3947 0.6316 0.0259 0.0866
2 0.9207 0.3534 0.0300 0.0678
3 0.0526 0.7372 0.0313 0.1013
2 0.6604 0.4453 0.0295 0.0905
3 0.0674 0.5520 0.0352 0.1103
3 0.1636 0.3843 0.0383 0.0866
3 0.4376 0.3787 0.0492 0.0760
3 0.1885 0.4622 0.0307 0.1024
3 0.4361 0.8162 0.0547 0.0926
2 0.7438 0.4349 0.0459 0.0825
2 0.6570 0.3659 0.0280 0.0790
2 0.6323 0.3645 0.0248 0.0765
2 0.4806 0.7151 0.0336 0.0830
3 0.3397 0.5474 0.0246 0.0850
2 0.2073 0.1474 0.0279 0.0903
2 0.8727 0.3621 0.0432 0.0737
2 0.6521 0.2207 0.0280 0.0682
2 0.7400 0.3658 0.0428 0.0729
3 0.5088 0.3761 0.0300 0.0784
3 0.1820 0.5514 0.0289 0.0990
2 0.6473 0.1508 0.0240 0.0817
3 0.3354 0.7300 0.0277 0.0930
3 0.4806 0.8129 0.0322 0.0943
2 0.1011 0.1563 0.0339 0.0884
3 0.1371 0.7388 0.0417 0.1022
3 0.8934 0.5770 0.0445 0.0769
2 0.4785 0.3766 0.0308 0.0824
2 0.7164 0.5202 0.0295 0.0947
2 0.1826 0.0871 0.0368 0.0772
3 0.1636 0.8376 0.0297 0.0990
3 0.7601 0.6852 0.0472 0.0889
2 0.0775 0.9444 0.0570 0.1001
2 0.0388 0.9428 0.0306 0.1145
2 0.4385 0.1533 0.0475 0.0667
2 0.1429 0.0848 0.0527 0.0713
2 0.1371 0.1564 0.0525 0.0806
2 0.4002 0.3012 0.0268 0.0797
3 0.2703 0.6388 0.0528 0.0883
3 0.8071 0.6814 0.0502 0.0846
3 0.7253 0.6863 0.0236 0.0885
2 0.9362 0.4954 0.0289 0.0655
3 0.0196 0.8330 0.0284 0.0945
2 0.7378 0.8822 0.0302 0.1392
2 0.2024 0.2265 0.0301 0.0892
2 0.1800 0.1546 0.0366 0.0919
2 0.5966 0.2977 0.0458 0.0702
3 0.3633 0.8220 0.0291 0.0984
3 0.3720 0.3752 0.0275 0.0762
2 0.6545 0.2925 0.0280 0.0790
3 0.6424 0.6077 0.0257 0.0809
3 0.6115 0.7983 0.0505 0.0942
3 0.5139 0.8085 0.0315 0.0870
2 0.9067 0.4210 0.0286 0.0678
2 0.1329 0.2281 0.0548 0.0871
3 0.7053 0.7809 0.0304 0.0926
3 0.9091 0.7370 0.0447 0.0839
2 0.5513 0.4576 0.0514 0.0701
2 0.3984 0.4621 0.0251 0.0818
2 0.5456 0.1592 0.0477 0.0662
3 0.7015 0.6911 0.0305 0.0899
2 0.8210 0.4314 0.0311 0.0986
3 0.2619 0.8353 0.0554 0.0975
2 0.2008 0.9445 0.0623 0.1105
2 0.4790 0.5403 0.0317 0.0891
2 0.5986 0.3688 0.0470 0.0726
2 0.5478 0.3029 0.0502 0.0730
2 0.0895 0.3074 0.0332 0.0921
3 0.3051 0.8304 0.0285 0.0914
3 0.8575 0.5724 0.0266 0.0864
3 0.6103 0.7057 0.0501 0.0901
2 0.9670 0.8142 0.0315 0.1042
2 0.8500 0.7497 0.0347 0.0847
3 0.6965 0.6003 0.0273 0.0878
2 0.5058 0.0840 0.0301 0.0732
2 0.8176 0.3604 0.0316 0.0801
3 0.8125 0.7613 0.0514 0.0949
2 0.0646 0.3044 0.0338 0.0960
3 0.0825 0.3849 0.0284 0.0872
3 0.0259 0.7404 0.0292 0.0972
2 0.3517 0.0828 0.0249 0.0769
3 0.3162 0.4637 0.0258 0.0805
2 0.5925 0.1552 0.0439 0.0685
2 0.2578 0.9397 0.0572 0.1046
2 0.4793 0.6255 0.0310 0.0918
2 0.3439 0.3783 0.0274 0.0815
2 0.8536 0.5037 0.0325 0.0914
3 0.9580 0.7173 0.0243 0.0804
3 0.3645 0.7261 0.0306 0.0834
2 0.3500 0.1548 0.0275 0.0749
2 0.3193 0.3737 0.0296 0.0882
2 0.8420 0.6680 0.0337 0.0881
3 0.0451 0.8374 0.0280 0.1027
3 0.1576 0.4658 0.0379 0.1021
2 0.3255 0.1521 0.0277 0.0715
2 0.3742 0.2225 0.0299 0.0821
2 0.3730 0.3057 0.0292 0.0791
2 0.1690 0.3077 0.0376 0.0917
2 0.5061 0.1494 0.0296 0.0807
3 0.1071 0.5539 0.0576 0.1012
2 0.5156 0.9187 0.0309 0.1196
3 0.7317 0.7664 0.0254 0.0959
2 0.4766 0.0803 0.0299 0.0702
3 0.6388 0.5263 0.0263 0.0819
3 0.1136 0.4673 0.0558 0.0912
3 0.6716 0.6869 0.0291 0.0838
2 0.6275 0.2198 0.0234 0.0767
2 0.3216 0.2984 0.0287 0.0755
3 0.7215 0.5994 0.0239 0.0892
2 0.0842 0.0761 0.0285 0.0715
3 0.3965 0.5432 0.0257 0.0881
2 0.9382 0.7268 0.0275 0.0752
2 0.3458 0.3061 0.0267 0.0827
2 0.2358 0.3033 0.0503 0.0804
3 0.9304 0.6502 0.0272 0.0742
3 0.5549 0.6230 0.0534 0.0872
3 0.6641 0.5216 0.0288 0.0828
2 0.7838 0.3676 0.0458 0.0708
2 0.2925 0.0808 0.0457 0.0631
2 0.6845 0.3656 0.0279 0.0731
3 0.4371 0.5451 0.0508 0.0827
2 0.8855 0.8482 0.0360 0.1278
2 0.6297 0.2967 0.0238 0.0756
3 0.4366 0.6336 0.0523 0.0867
3 0.1516 0.5531 0.0389 0.0938
2 0.8419 0.3590 0.0301 0.0778
2 0.9011 0.3544 0.0262 0.0632
3 0.5113 0.5387 0.0300 0.0753
3 0.5538 0.5385 0.0523 0.0723
3 0.6494 0.7837 0.0267 0.0923
3 0.2060 0.8336 0.0596 0.1038
2 0.6463 0.0787 0.0239 0.0682
2 0.3928 0.9275 0.0283 0.1116
2 0.0959 0.2317 0.0350 0.0952
3 0.0598 0.6495 0.0271 0.1071
2 0.5072 0.2263 0.0316 0.0767
3 0.0915 0.7444 0.0577 0.0976
3 0.5566 0.7128 0.0541 0.0784
3 0.5130 0.7149 0.0312 0.0842
2 0.9444 0.8212 0.0296 0.1217
3 0.0398 0.5630 0.0315 0.0949
2 0.9159 0.4954 0.0272 0.0723
2 0.6809 0.8887 0.0333 0.1274
3 0.2311 0.3834 0.0528 0.0873
2 0.8571 0.8575 0.0352 0.1335
2 0.1090 0.0812 0.0271 0.0715
3 0.3333 0.8280 0.0252 0.0872
2 0.8852 0.5033 0.0451 0.0867
3 0.9222 0.5710 0.0246 0.0885
