3 0.0893 0.0483 0.1061 0.0600
3 0.9623 0.2856 0.0315 0.0368
3 0.9687 0.3816 0.0314 0.0370
1 0.9958 0.5059 0.0082 0.0337
3 0.9647 0.3202 0.0315 0.0367
2 0.4015 0.6756 0.1832 0.1459
1 0.9141 0.4025 0.0805 0.1076
1 0.8246 0.2955 0.0888 0.1088
1 0.6928 0.4176 0.1837 0.1151
2 0.7023 0.6524 0.1849 0.1306
2 0.9274 0.6227 0.0881 0.1166
1 0.0939 0.2366 0.1051 0.1159
2 0.4038 0.8183 0.1859 0.2015
3 0.2134 0.0385 0.1553 0.0439
1 0.3929 0.5569 0.1853 0.1200
1 0.8115 0.1798 0.0762 0.0979
2 0.5533 0.6611 0.1204 0.1235
2 0.8414 0.6333 0.1009 0.1167
2 0.7115 0.8007 0.1853 0.1779
1 0.9202 0.5134 0.0836 0.1090
3 0.9730 0.4494 0.0315 0.0367
1 0.2205 0.2305 0.1502 0.1204
1 0.8971 0.1782 0.0770 0.0960
1 0.5422 0.4235 0.1189 0.1136
1 0.8283 0.4054 0.0868 0.1082
2 0.8509 0.7593 0.0960 0.1425
1 0.1043 0.5835 0.1058 0.1235
1 0.2298 0.5750 0.1439 0.1245
1 0.9954 0.4752 0.0091 0.0330
1 0.6809 0.1970 0.1806 0.1120
1 0.8895 0.0798 0.0792 0.0989
2 0.5580 0.8046 0.1203 0.1816
2 0.9322 0.7534 0.0886 0.1506
1 0.9849 0.6420 0.0302 0.0367
1 0.0900 0.1273 0.1061 0.1141
1 0.3838 0.2145 0.1761 0.1205
1 0.9891 0.3488 0.0218 0.0367
3 0.9666 0.3520 0.0315 0.0367
2 0.2337 0.6957 0.1521 0.1250
3 0.9828 0.5749 0.0337 0.0296
1 0.6769 0.0864 0.1779 0.1132
3 0.9794 0.5450 0.0333 0.0317
1 0.2124 0.1157 0.1553 0.1184
1 0.9877 0.2861 0.0246 0.0367
1 0.6867 0.3007 0.1846 0.1168
1 0.9906 0.3810 0.0188 0.0339
3 0.9776 0.5113 0.0305 0.0367
1 0.3801 0.1065 0.1778 0.1214
1 0.6989 0.5332 0.1897 0.1181
1 0.8343 0.5158 0.0912 0.1171
1 0.5322 0.2053 0.1186 0.1113
1 0.3875 0.3257 0.1789 0.1159
1 0.5250 0.0954 0.1181 0.1153
1 0.2258 0.4543 0.1457 0.1252
1 0.9946 0.4442 0.0105 0.0310
1 0.2223 0.3391 0.1440 0.1153
2 0.1046 0.8515 0.1103 0.1698
1 0.5379 0.3123 0.1209 0.1220
3 0.9713 0.4147 0.0315 0.0367
1 0.9887 0.3176 0.0226 0.0367
3 0.9758 0.4772 0.0304 0.0301
1 0.9926 0.4115 0.0149 0.0367
2 0.2387 0.8344 0.1516 0.1698
1 0.9056 0.2926 0.0831 0.1062
1 0.5471 0.5402 0.1215 0.1170
1 0.9834 0.6059 0.0315 0.0367
2 0.1050 0.7061 0.1085 0.1268
1 0.8084 0.0768 0.0914 0.1027
1 0.3902 0.4402 0.1800 0.1255
1 0.0973 0.3532 0.1051 0.1193
1 0.1005 0.4714 0.1057 0.1148
