3 0.6195 0.6442 0.0371 0.0622
3 0.6122 0.4600 0.0322 0.0573
3 0.3084 0.4747 0.0274 0.0514
3 0.0890 0.5867 0.0244 0.0514
3 0.6637 0.3969 0.0703 0.0614
3 0.3046 0.7575 0.0286 0.0565
3 0.5644 0.1231 0.0348 0.0525
3 0.3359 0.1536 0.0269 0.0504
3 0.0591 0.3904 0.0477 0.0500
3 0.3357 0.4719 0.0269 0.0582
1 0.3819 0.7618 0.0617 0.0563
3 0.7044 0.1624 0.0336 0.0601
3 0.5971 0.1173 0.0307 0.0529
3 0.7876 0.1541 0.0599 0.0590
2 0.4982 0.8979 0.0665 0.0663
3 0.8931 0.6463 0.0839 0.0661
3 0.5798 0.6452 0.0375 0.0618
3 0.4352 0.5268 0.0473 0.0516
1 0.5874 0.8338 0.0405 0.0661
3 0.2787 0.2124 0.0285 0.0498
1 0.0434 0.7992 0.0497 0.0590
1 0.6245 0.7696 0.0358 0.0688
3 0.4886 0.4660 0.0610 0.0545
3 0.3078 0.5308 0.0274 0.0507
1 0.5454 0.7670 0.0336 0.0657
1 0.0811 0.8062 0.0266 0.0517
3 0.8232 0.6458 0.0626 0.0699
3 0.9255 0.2029 0.0551 0.0639
3 0.6012 0.2287 0.0327 0.0581
3 0.8518 0.0944 0.0733 0.0580
1 0.4957 0.7647 0.0653 0.0655
3 0.0543 0.4886 0.0473 0.0510
3 0.1417 0.1906 0.0528 0.0486
3 0.1786 0.5871 0.0410 0.0525
3 0.2789 0.1631 0.0280 0.0498
3 0.2770 0.4207 0.0290 0.0542
3 0.3359 0.3609 0.0267 0.0530
3 0.4332 0.4126 0.0459 0.0534
3 0.9412 0.3856 0.0588 0.0616
2 0.6907 0.9215 0.0804 0.0834
3 0.4339 0.4708 0.0456 0.0516
3 0.4825 0.1356 0.0592 0.0569
1 0.0102 0.7960 0.0197 0.0477
3 0.2778 0.3149 0.0296 0.0523
3 0.3776 0.2015 0.0574 0.0535
3 0.7436 0.2148 0.0372 0.0639
3 0.4326 0.3574 0.0464 0.0523
3 0.5375 0.5183 0.0300 0.0552
3 0.6792 0.7093 0.0717 0.0702
3 0.2356 0.1747 0.0579 0.0538
3 0.0648 0.2522 0.0457 0.0487
3 0.2301 0.5846 0.0606 0.0530
3 0.1361 0.3820 0.0538 0.0523
3 0.9366 0.3231 0.0580 0.0603
1 0.0891 0.5864 0.0237 0.0513
3 0.3797 0.5264 0.0581 0.0504
3 0.1843 0.3236 0.0406 0.0483
2 0.7880 0.9283 0.0384 0.0879
2 0.3832 0.8860 0.0603 0.0539
3 0.0620 0.2987 0.0465 0.0500
3 0.9503 0.5137 0.0582 0.0641
3 0.7970 0.2715 0.0605 0.0674
3 0.8683 0.3264 0.0787 0.0605
3 0.8642 0.2690 0.0760 0.0644
2 0.8418 0.9313 0.0646 0.0947
3 0.8733 0.3916 0.0802 0.0629
3 0.9214 0.1443 0.0560 0.0632
3 0.8103 0.4501 0.0614 0.0639
3 0.6075 0.3434 0.0324 0.0560
1 0.5421 0.6420 0.0325 0.0599
3 0.1330 0.4822 0.0533 0.0523
3 0.0608 0.3435 0.0474 0.0510
3 0.4821 0.1877 0.0598 0.0526
3 0.3357 0.5831 0.0274 0.0560
3 0.5714 0.3424 0.0374 0.0560
3 0.3775 0.2521 0.0580 0.0525
3 0.7857 0.0974 0.0593 0.0582
3 0.5649 0.1767 0.0352 0.0547
3 0.5364 0.4602 0.0305 0.0560
3 0.7243 0.5189 0.0364 0.0601
3 0.9632 0.6462 0.0538 0.0681
3 0.3783 0.3060 0.0571 0.0519
3 0.6497 0.1142 0.0649 0.0519
2 0.0412 0.8614 0.0496 0.0653
3 0.3070 0.5876 0.0279 0.0544
1 0.9750 0.8539 0.0500 0.0744
1 0.6863 0.8381 0.0763 0.0739
3 0.0329 0.2117 0.0216 0.0494
1 0.3044 0.8188 0.0294 0.0607
3 0.0123 0.6887 0.0235 0.0510
1 0.3810 0.8234 0.0617 0.0628
3 0.8134 0.5147 0.0593 0.0638
3 0.3069 0.4175 0.0291 0.0551
3 0.3792 0.4728 0.0591 0.0510
1 0.9078 0.8528 0.0846 0.0787
1 0.2296 0.6404 0.0613 0.0549
1 0.0871 0.6408 0.0274 0.0504
3 0.8266 0.7120 0.0651 0.0758
3 0.2318 0.4241 0.0598 0.0501
3 0.0666 0.2053 0.0469 0.0550
3 0.2334 0.3221 0.0591 0.0492
3 0.4911 0.5814 0.0628 0.0594
3 0.1817 0.4262 0.0420 0.0503
1 0.5435 0.7026 0.0330 0.0616
3 0.7704 0.6462 0.0397 0.0646
1 0.1742 0.8119 0.0415 0.0526
3 0.7136 0.3343 0.0330 0.0596
3 0.1027 0.1950 0.0265 0.0482
3 0.8774 0.4530 0.0796 0.0655
1 0.1774 0.6427 0.0425 0.0546
1 0.4936 0.7015 0.0632 0.0632
1 0.0833 0.7497 0.0274 0.0504
3 0.9321 0.2617 0.0578 0.0599
3 0.6579 0.2840 0.0727 0.0612
1 0.7458 0.8431 0.0415 0.0802
2 0.9118 0.9369 0.0788 0.0916
3 0.2781 0.2632 0.0287 0.0528
2 0.4391 0.8869 0.0508 0.0531
3 0.4860 0.2950 0.0618 0.0522
3 0.3069 0.2088 0.0278 0.0519
1 0.8320 0.7795 0.0648 0.0765
3 0.1366 0.3338 0.0523 0.0503
1 0.4382 0.7634 0.0497 0.0617
3 0.7180 0.3929 0.0348 0.0638
3 0.1293 0.5857 0.0540 0.0502
3 0.0255 0.3941 0.0230 0.0488
3 0.2778 0.5330 0.0280 0.0493
3 0.7101 0.2763 0.0337 0.0599
3 0.0533 0.5378 0.0482 0.0489
3 0.2328 0.3716 0.0599 0.0500
3 0.6692 0.5185 0.0723 0.0587
1 0.0159 0.5886 0.0232 0.0492
3 0.6538 0.2268 0.0699 0.0590
3 0.6225 0.7051 0.0361 0.0637
1 0.4366 0.6412 0.0482 0.0589
2 0.5771 0.5816 0.0383 0.0637
1 0.7848 0.8450 0.0394 0.0759
3 0.0978 0.3372 0.0250 0.0509
3 0.4839 0.2408 0.0605 0.0516
3 0.4881 0.4086 0.0603 0.0533
2 0.6297 0.9134 0.0359 0.0800
2 0.9565 0.5829 0.0572 0.0614
1 0.7807 0.7770 0.0429 0.0794
3 0.8610 0.2080 0.0772 0.0650
3 0.5750 0.4580 0.0391 0.0584
3 0.7356 0.7083 0.0388 0.0739
1 0.6822 0.7712 0.0732 0.0680
1 0.5468 0.8325 0.0334 0.0660
2 0.3359 0.8873 0.0293 0.0610
3 0.7600 0.4539 0.0388 0.0628
3 0.0185 0.5404 0.0239 0.0460
3 0.0905 0.5348 0.0261 0.0489
3 0.3073 0.1610 0.0269 0.0497
3 0.5727 0.3996 0.0365 0.0617
3 0.2775 0.3671 0.0281 0.0507
1 0.0475 0.6891 0.0482 0.0502
3 0.5685 0.2867 0.0350 0.0547
1 0.2273 0.7584 0.0629 0.0562
2 0.1735 0.8819 0.0409 0.0779
3 0.3361 0.5275 0.0261 0.0508
3 0.6151 0.5788 0.0342 0.0617
3 0.0573 0.4395 0.0485 0.0506
1 0.0848 0.6959 0.0267 0.0551
1 0.1239 0.8084 0.0534 0.0591
3 0.2764 0.5864 0.0272 0.0505
3 0.0943 0.4346 0.0258 0.0508
3 0.4301 0.1911 0.0444 0.0532
3 0.7420 0.1588 0.0349 0.0623
1 0.1264 0.6964 0.0519 0.0554
3 0.3362 0.2550 0.0273 0.0522
3 0.1344 0.4326 0.0535 0.0489
1 0.5854 0.7691 0.0418 0.0684
1 0.0516 0.5880 0.0484 0.0504
2 0.0084 0.8586 0.0169 0.0685
3 0.4360 0.5832 0.0475 0.0573
3 0.7675 0.5816 0.0425 0.0688
3 0.0962 0.3858 0.0255 0.0488
1 0.1748 0.7541 0.0444 0.0544
1 0.9034 0.7814 0.0852 0.0751
3 0.1837 0.3751 0.0411 0.0510
2 0.5502 0.9071 0.0347 0.0741
3 0.7028 0.1041 0.0334 0.0566
3 0.7554 0.3916 0.0356 0.0610
3 0.0989 0.2891 0.0266 0.0526
3 0.3357 0.7012 0.0310 0.0593
3 0.1868 0.2267 0.0380 0.0484
1 0.0494 0.6385 0.0473 0.0502
3 0.7765 0.7099 0.0416 0.0756
3 0.5674 0.2302 0.0371 0.0556
3 0.6658 0.4598 0.0709 0.0580
3 0.8001 0.3279 0.0595 0.0599
3 0.2352 0.2236 0.0582 0.0503
3 0.6598 0.3387 0.0704 0.0571
1 0.2742 0.7570 0.0292 0.0555
3 0.5339 0.4015 0.0301 0.0544
3 0.3806 0.6418 0.0602 0.0540
3 0.5298 0.2354 0.0313 0.0554
3 0.3798 0.4156 0.0602 0.0566
3 0.3784 0.3601 0.0580 0.0503
1 0.4931 0.6419 0.0641 0.0606
1 0.6272 0.8357 0.0374 0.0721
3 0.3355 0.6403 0.0280 0.0555
3 0.7390 0.7769 0.0412 0.0768
3 0.0919 0.4853 0.0266 0.0511
3 0.4294 0.1399 0.0444 0.0520
3 0.3063 0.3097 0.0279 0.0503
3 0.7476 0.2742 0.0372 0.0596
3 0.7076 0.2184 0.0347 0.0606
3 0.1872 0.1827 0.0384 0.0423
3 0.3360 0.3069 0.0280 0.0522
1 0.2765 0.6438 0.0285 0.0519
1 0.1764 0.6979 0.0424 0.0517
3 0.3064 0.3634 0.0274 0.0516
3 0.2774 0.4762 0.0272 0.0509
3 0.7916 0.2116 0.0612 0.0620
3 0.9667 0.7115 0.0531 0.0732
1 0.2735 0.8171 0.0302 0.0593
3 0.3802 0.7008 0.0616 0.0552
2 0.0790 0.8662 0.0269 0.0685
3 0.6098 0.4022 0.0338 0.0552
1 0.4966 0.8319 0.0634 0.0667
3 0.7636 0.5184 0.0400 0.0623
3 0.5309 0.2896 0.0308 0.0556
3 0.1406 0.2374 0.0530 0.0514
3 0.4872 0.3511 0.0621 0.0527
3 0.0211 0.4908 0.0239 0.0531
3 0.5281 0.1288 0.0277 0.0518
3 0.2308 0.5311 0.0614 0.0529
3 0.8041 0.3864 0.0592 0.0640
3 0.7206 0.4540 0.0341 0.0612
1 0.1278 0.6411 0.0535 0.0537
1 0.2753 0.7008 0.0301 0.0526
3 0.6755 0.6443 0.0736 0.0679
3 0.7513 0.3312 0.0361 0.0606
3 0.6514 0.1719 0.0686 0.0627
1 0.1242 0.7547 0.0539 0.0579
1 0.4378 0.7021 0.0489 0.0605
2 0.8887 0.5825 0.0789 0.0682
3 0.3064 0.2586 0.0275 0.0512
3 0.5775 0.5176 0.0377 0.0552
3 0.7268 0.5805 0.0406 0.0640
3 0.0112 0.7417 0.0224 0.0507
3 0.6054 0.2847 0.0316 0.0566
3 0.6144 0.5180 0.0359 0.0588
3 0.0295 0.2998 0.0216 0.0494
3 0.8549 0.1505 0.0751 0.0600
3 0.6709 0.5786 0.0749 0.0604
3 0.4397 0.8278 0.0484 0.0622
3 0.8351 0.8485 0.0634 0.0794
3 0.3771 0.1491 0.0556 0.0513
3 0.5326 0.3450 0.0296 0.0530
3 0.1010 0.2423 0.0257 0.0505
1 0.3060 0.6438 0.0272 0.0493
3 0.1388 0.2852 0.0531 0.0517
1 0.2264 0.8150 0.0622 0.0528
3 0.7376 0.1001 0.0353 0.0574
3 0.5832 0.7060 0.0405 0.0647
3 0.0225 0.4408 0.0225 0.0478
3 0.3804 0.5827 0.0592 0.0565
3 0.8979 0.7142 0.0859 0.0725
3 0.2313 0.4775 0.0604 0.0518
2 0.5903 0.9112 0.0420 0.0818
3 0.0283 0.3454 0.0224 0.0519
2 0.1218 0.8733 0.0558 0.0624
2 0.9742 0.9365 0.0486 0.0890
3 0.1783 0.5334 0.0419 0.0538
1 0.9718 0.7827 0.0509 0.0737
3 0.0313 0.2539 0.0215 0.0494
3 0.9159 0.0853 0.0545 0.0576
3 0.5399 0.5812 0.0328 0.0615
3 0.7327 0.6431 0.0374 0.0699
2 0.2747 0.8873 0.0310 0.0718
3 0.5995 0.1729 0.0317 0.0575
3 0.3359 0.8203 0.0291 0.0601
1 0.0141 0.6364 0.0236 0.0469
1 0.3358 0.7611 0.0274 0.0570
3 0.8824 0.5133 0.0815 0.0636
2 0.2269 0.8856 0.0626 0.0702
2 0.3048 0.8881 0.0283 0.0720
3 0.3050 0.6986 0.0294 0.0546
3 0.5288 0.1815 0.0304 0.0553
2 0.8156 0.5789 0.0567 0.0695
3 0.1307 0.5345 0.0544 0.0517
3 0.2342 0.2717 0.0582 0.0495
1 0.0455 0.7427 0.0499 0.0524
3 0.1808 0.4809 0.0388 0.0542
3 0.4305 0.2435 0.0442 0.0524
1 0.2276 0.6988 0.0639 0.0583
2 0.7495 0.9246 0.0458 0.0930
3 0.9461 0.4519 0.0608 0.0608
3 0.1857 0.2759 0.0394 0.0498
3 0.3359 0.4143 0.0262 0.0504
3 0.4315 0.3010 0.0450 0.0609
3 0.3359 0.2048 0.0281 0.0513
3 0.4903 0.5227 0.0609 0.0555
