3 0.9920 0.8706 0.0158 0.0448
2 0.8507 0.8343 0.0619 0.0391
2 0.5802 0.7513 0.0374 0.0390
2 0.8493 0.7921 0.0600 0.0385
2 0.7645 0.7519 0.0348 0.0412
3 0.5862 0.9219 0.0484 0.0385
2 0.2843 0.7565 0.0384 0.0426
2 0.2838 0.8001 0.0376 0.0427
2 0.5374 0.7979 0.0415 0.0419
3 0.5406 0.9655 0.0392 0.0390
2 0.7261 0.7944 0.0394 0.0444
2 0.6911 0.8801 0.0376 0.0409
1 0.3159 0.6859 0.0207 0.0212
2 0.9662 0.8310 0.0321 0.0421
3 0.9177 0.9138 0.0607 0.0373
2 0.9914 0.9887 0.0173 0.0226
2 0.5365 0.7533 0.0393 0.0419
1 0.3366 0.6903 0.0207 0.0284
1 0.2981 0.6863 0.0207 0.0212
2 0.9903 0.7491 0.0175 0.0340
2 0.9663 0.7890 0.0330 0.0414
2 0.5817 0.8379 0.0423 0.0436
1 0.3621 0.6875 0.0294 0.0284
3 0.0411 0.9266 0.0653 0.0398
1 0.2745 0.6857 0.0245 0.0212
2 0.7275 0.8364 0.0393 0.0423
2 0.6903 0.8377 0.0372 0.0407
2 0.2478 0.8421 0.0356 0.0399
2 0.7993 0.8352 0.0367 0.0417
2 0.2841 0.8426 0.0373 0.0408
2 0.9157 0.8341 0.0636 0.0381
2 0.7998 0.7935 0.0373 0.0444
3 0.1405 0.9214 0.0318 0.0375
2 0.9139 0.7491 0.0660 0.0346
2 0.9053 0.7010 0.0467 0.0296
2 0.3586 0.7565 0.0326 0.0411
3 0.6927 0.9193 0.0331 0.0394
1 0.2052 0.6879 0.0311 0.0212
2 0.0394 0.8429 0.0735 0.0378
2 0.1388 0.7996 0.0406 0.0425
3 0.5891 0.9692 0.0521 0.0456
2 0.8501 0.7027 0.0618 0.0311
3 0.2845 0.9655 0.0346 0.0419
2 0.1953 0.7574 0.0672 0.0396
3 0.2826 0.8807 0.0322 0.0390
3 0.4825 0.9675 0.0670 0.0410
2 0.1944 0.8419 0.0687 0.0381
2 0.4102 0.8392 0.0642 0.0357
2 0.3231 0.7558 0.0385 0.0414
3 0.0405 0.9658 0.0654 0.0406
2 0.4102 0.7977 0.0669 0.0409
3 0.3226 0.8812 0.0348 0.0424
3 0.6464 0.9638 0.0528 0.0393
3 0.4100 0.8817 0.0662 0.0395
2 0.6485 0.7946 0.0448 0.0396
3 0.3585 0.9668 0.0307 0.0383
2 0.2467 0.7987 0.0363 0.0427
2 0.5390 0.8831 0.0424 0.0420
3 0.3570 0.8801 0.0312 0.0408
2 0.3227 0.7982 0.0387 0.0407
2 0.0957 0.7155 0.0352 0.0339
2 0.7990 0.7073 0.0390 0.0375
3 0.8012 0.9618 0.0336 0.0428
2 0.0381 0.7180 0.0715 0.0362
3 0.9650 0.8723 0.0283 0.0407
3 0.4816 0.8823 0.0703 0.0388
2 0.9658 0.7462 0.0319 0.0420
2 0.9156 0.7908 0.0626 0.0384
2 0.5379 0.8406 0.0406 0.0398
2 0.7830 0.9926 0.0673 0.0149
3 0.7670 0.9633 0.0308 0.0402
2 0.3232 0.8413 0.0357 0.0409
3 0.1942 0.8822 0.0638 0.0393
1 0.1745 0.6866 0.0207 0.0212
2 0.9670 0.9906 0.0244 0.0189
1 0.2509 0.6876 0.0207 0.0212
2 0.7646 0.7091 0.0318 0.0387
3 0.6927 0.9626 0.0326 0.0427
3 0.8013 0.9185 0.0339 0.0396
2 0.3590 0.8422 0.0331 0.0401
3 0.7671 0.8750 0.0289 0.0401
3 0.6437 0.9204 0.0581 0.0386
3 0.1951 0.9218 0.0677 0.0388
2 0.9651 0.8724 0.0284 0.0405
3 0.8022 0.8753 0.0302 0.0382
1 0.3623 0.7162 0.0294 0.0284
2 0.4804 0.7982 0.0718 0.0376
2 0.7260 0.7511 0.0376 0.0451
3 0.2437 0.8812 0.0356 0.0404
3 0.7286 0.9187 0.0353 0.0392
2 0.7656 0.8358 0.0325 0.0422
3 0.3227 0.9662 0.0362 0.0419
3 0.0401 0.8849 0.0666 0.0393
2 0.6882 0.7519 0.0374 0.0396
2 0.4092 0.7561 0.0682 0.0412
2 0.9177 0.9907 0.0682 0.0187
2 0.6896 0.7943 0.0367 0.0440
2 0.0956 0.8412 0.0355 0.0383
2 0.7992 0.7508 0.0367 0.0392
3 0.1003 0.8819 0.0483 0.0379
3 0.7288 0.9624 0.0349 0.0391
2 0.4797 0.8416 0.0734 0.0385
3 0.7668 0.9213 0.0286 0.0388
3 0.4126 0.9226 0.0664 0.0389
3 0.3223 0.9219 0.0336 0.0371
2 0.6448 0.8807 0.0534 0.0395
2 0.8494 0.7504 0.0609 0.0417
3 0.2842 0.9253 0.0336 0.0400
3 0.4814 0.9230 0.0699 0.0379
3 0.9159 0.9575 0.0636 0.0399
3 0.2473 0.9228 0.0319 0.0381
2 0.9915 0.7876 0.0168 0.0445
3 0.9912 0.9117 0.0175 0.0342
3 0.9648 0.9141 0.0292 0.0381
3 0.1403 0.9672 0.0335 0.0423
3 0.1946 0.9646 0.0636 0.0386
2 0.1376 0.7166 0.0386 0.0388
3 0.0988 0.9657 0.0435 0.0351
2 0.7646 0.7933 0.0342 0.0453
2 0.1946 0.7998 0.0662 0.0379
2 0.0966 0.7568 0.0377 0.0416
2 0.7278 0.8795 0.0400 0.0420
2 0.6484 0.7517 0.0433 0.0420
3 0.9651 0.9584 0.0311 0.0406
3 0.3588 0.9230 0.0303 0.0381
3 0.5399 0.9219 0.0410 0.0390
3 0.0995 0.9242 0.0485 0.0424
2 0.1395 0.8408 0.0403 0.0427
2 0.5820 0.7935 0.0429 0.0434
2 0.5829 0.8812 0.0419 0.0426
2 0.6471 0.8391 0.0467 0.0395
2 0.9917 0.8303 0.0167 0.0468
3 0.1406 0.8803 0.0312 0.0382
3 0.8496 0.8774 0.0574 0.0374
2 0.3584 0.7991 0.0337 0.0430
2 0.8513 0.9919 0.0613 0.0161
3 0.8501 0.9161 0.0565 0.0368
2 0.0414 0.8000 0.0678 0.0404
2 0.4807 0.7575 0.0701 0.0391
3 0.2457 0.9666 0.0345 0.0412
3 0.4124 0.9670 0.0681 0.0406
2 0.0417 0.7577 0.0692 0.0425
3 0.9918 0.9551 0.0164 0.0451
3 0.8500 0.9609 0.0579 0.0397
2 0.2461 0.7569 0.0360 0.0399
2 0.0965 0.8000 0.0371 0.0402
2 0.1397 0.7581 0.0434 0.0396
3 0.9166 0.8714 0.0604 0.0371
