2 0.1082 0.9459 0.2163 0.1082
2 0.2948 0.9472 0.1701 0.1056
2 0.1685 0.2090 0.2039 0.1498
2 0.5452 0.1782 0.2127 0.1611
2 0.5277 0.3342 0.2025 0.1688
2 0.7397 0.3179 0.2164 0.1764
2 0.1273 0.5108 0.2348 0.1689
2 0.7364 0.4913 0.2296 0.1858
2 0.1107 0.6859 0.2161 0.1812
2 0.3170 0.6817 0.2003 0.1888
2 0.7401 0.6786 0.2244 0.2014
2 0.7472 0.1605 0.1964 0.1587
2 0.5126 0.6786 0.2224 0.1972
2 0.5205 0.4981 0.2023 0.1784
2 0.1541 0.3600 0.2252 0.1524
2 0.3415 0.3393 0.1875 0.1638
2 0.0972 0.8346 0.1922 0.1093
2 0.3257 0.5014 0.1840 0.1640
2 0.2990 0.8368 0.2044 0.1154
2 0.3609 0.1887 0.1838 0.1552
