2 0.5971 0.4974 0.0564 0.0390
3 0.8690 0.5332 0.0521 0.0390
3 0.1481 0.7418 0.0937 0.0368
3 0.7993 0.7674 0.0451 0.0349
3 0.1486 0.8179 0.0915 0.0380
3 0.7224 0.8874 0.0963 0.0365
2 0.9205 0.5357 0.0516 0.0394
3 0.3258 0.9275 0.0463 0.0356
3 0.6461 0.7710 0.0440 0.0381
3 0.3851 0.8905 0.0623 0.0369
2 0.6498 0.4978 0.0477 0.0353
3 0.3253 0.5029 0.0468 0.0368
3 0.7239 0.8479 0.0961 0.0368
3 0.3247 0.7743 0.0429 0.0342
3 0.8601 0.7693 0.0633 0.0356
3 0.9188 0.7638 0.0521 0.0417
3 0.1502 0.9307 0.0882 0.0350
3 0.5955 0.8882 0.0538 0.0378
3 0.6469 0.6937 0.0432 0.0361
3 0.5947 0.7697 0.0534 0.0372
3 0.9695 0.6106 0.0476 0.0362
3 0.5959 0.7307 0.0527 0.0361
3 0.0754 0.6645 0.0450 0.0359
2 0.6486 0.9641 0.0486 0.0373
3 0.1485 0.8555 0.0901 0.0363
3 0.0303 0.8564 0.0483 0.0389
3 0.0755 0.6278 0.0404 0.0335
3 0.5948 0.6525 0.0558 0.0385
3 0.0770 0.8925 0.0446 0.0361
2 0.6484 0.6558 0.0470 0.0369
3 0.5965 0.6917 0.0543 0.0361
3 0.3850 0.9289 0.0636 0.0332
3 0.8627 0.5737 0.0632 0.0410
3 0.3830 0.5822 0.0647 0.0378
3 0.0270 0.6262 0.0447 0.0350
2 0.0297 0.5550 0.0477 0.0377
2 0.9193 0.6501 0.0530 0.0352
2 0.7240 0.5364 0.0970 0.0372
3 0.3266 0.8510 0.0465 0.0357
2 0.9692 0.6904 0.0483 0.0389
3 0.3243 0.7354 0.0440 0.0352
3 0.3244 0.6201 0.0448 0.0360
3 0.2472 0.8545 0.0976 0.0363
3 0.0752 0.7033 0.0485 0.0378
3 0.0792 0.9318 0.0481 0.0365
3 0.0273 0.6651 0.0447 0.0358
2 0.4533 0.5424 0.0752 0.0395
3 0.2465 0.8927 0.0994 0.0369
3 0.9672 0.9242 0.0441 0.0366
2 0.2457 0.5489 0.0983 0.0355
3 0.4527 0.6163 0.0707 0.0353
3 0.4544 0.7714 0.0706 0.0393
3 0.1463 0.5890 0.0893 0.0370
2 0.5266 0.9582 0.0672 0.0251
3 0.4544 0.6957 0.0701 0.0372
3 0.8575 0.9248 0.0617 0.0358
3 0.1485 0.7793 0.0921 0.0351
3 0.9196 0.6134 0.0476 0.0341
3 0.3823 0.6580 0.0631 0.0363
3 0.9198 0.8831 0.0508 0.0375
3 0.5939 0.9255 0.0534 0.0352
3 0.5299 0.9281 0.0719 0.0338
3 0.4533 0.6560 0.0710 0.0387
2 0.0307 0.9719 0.0476 0.0409
3 0.8622 0.6120 0.0646 0.0349
3 0.7240 0.6928 0.0954 0.0382
3 0.7993 0.9231 0.0471 0.0370
3 0.6468 0.8877 0.0426 0.0385
2 0.5304 0.5414 0.0706 0.0391
2 0.4085 0.9746 0.0206 0.0469
3 0.7997 0.6904 0.0479 0.0367
3 0.2457 0.7380 0.0947 0.0388
3 0.3831 0.5428 0.0610 0.0367
3 0.3859 0.6971 0.0641 0.0349
3 0.8585 0.8850 0.0636 0.0383
3 0.9725 0.7296 0.0550 0.0363
3 0.6470 0.6133 0.0465 0.0345
3 0.6446 0.9256 0.0450 0.0358
3 0.0277 0.7026 0.0454 0.0359
2 0.7232 0.6527 0.0974 0.0358
3 0.5308 0.5784 0.0734 0.0367
3 0.0769 0.8546 0.0488 0.0369
3 0.2471 0.8151 0.0974 0.0349
3 0.3243 0.5811 0.0439 0.0347
3 0.5301 0.8900 0.0703 0.0357
3 0.4528 0.8885 0.0751 0.0371
3 0.5286 0.6166 0.0720 0.0347
3 0.6472 0.5754 0.0443 0.0354
3 0.1466 0.6247 0.0922 0.0353
3 0.5305 0.7734 0.0720 0.0378
3 0.3845 0.7747 0.0629 0.0331
3 0.2454 0.5857 0.0983 0.0357
2 0.9697 0.6500 0.0472 0.0351
2 0.5289 0.5007 0.0719 0.0348
3 0.0275 0.5904 0.0478 0.0339
3 0.3255 0.6584 0.0476 0.0344
3 0.0761 0.7411 0.0494 0.0370
3 0.9196 0.8452 0.0514 0.0378
3 0.2443 0.7004 0.0962 0.0389
3 0.9198 0.7286 0.0509 0.0341
2 0.0300 0.5157 0.0479 0.0391
3 0.8607 0.6925 0.0636 0.0404
3 0.9673 0.8444 0.0475 0.0382
3 0.6473 0.8480 0.0464 0.0387
3 0.5308 0.8495 0.0689 0.0370
3 0.0306 0.8940 0.0494 0.0381
3 0.4532 0.9267 0.0700 0.0355
3 0.5307 0.8112 0.0712 0.0344
3 0.8610 0.7297 0.0631 0.0358
2 0.4540 0.9687 0.0655 0.0429
3 0.7998 0.5357 0.0462 0.0376
3 0.3845 0.8124 0.0616 0.0353
2 0.1463 0.5517 0.0926 0.0402
3 0.5300 0.6547 0.0688 0.0381
3 0.3840 0.7359 0.0643 0.0373
3 0.8604 0.8076 0.0600 0.0359
3 0.9189 0.6903 0.0523 0.0404
3 0.9206 0.8057 0.0499 0.0372
3 0.5304 0.6955 0.0729 0.0348
3 0.6457 0.7317 0.0450 0.0372
3 0.2451 0.6612 0.0987 0.0402
3 0.3247 0.8127 0.0454 0.0358
3 0.7969 0.6515 0.0463 0.0376
3 0.2453 0.7755 0.0966 0.0364
3 0.3249 0.8888 0.0486 0.0370
3 0.8593 0.8458 0.0629 0.0366
3 0.0766 0.8163 0.0499 0.0369
3 0.8601 0.6521 0.0608 0.0363
3 0.7999 0.8843 0.0478 0.0365
2 0.9695 0.5371 0.0458 0.0370
2 0.2475 0.9686 0.0962 0.0278
3 0.9699 0.7699 0.0514 0.0412
3 0.1476 0.6645 0.0926 0.0366
3 0.1480 0.7033 0.0918 0.0362
3 0.7227 0.7324 0.0948 0.0386
3 0.7244 0.5761 0.0967 0.0378
3 0.7997 0.8450 0.0464 0.0357
3 0.3831 0.5043 0.0629 0.0365
2 0.5966 0.5380 0.0559 0.0397
3 0.6467 0.8100 0.0442 0.0386
2 0.2449 0.5111 0.0972 0.0390
3 0.3817 0.6208 0.0652 0.0330
3 0.0299 0.9325 0.0509 0.0346
2 0.5958 0.9634 0.0544 0.0360
3 0.7234 0.7707 0.0978 0.0391
2 0.7233 0.9617 0.0957 0.0315
2 0.0758 0.5137 0.0428 0.0381
3 0.0762 0.7776 0.0487 0.0374
3 0.2473 0.9310 0.1018 0.0358
3 0.7247 0.6151 0.0974 0.0359
3 0.3272 0.6974 0.0458 0.0359
3 0.4552 0.8485 0.0750 0.0334
2 0.0801 0.9692 0.0457 0.0352
3 0.1474 0.8932 0.0879 0.0365
3 0.7998 0.7289 0.0473 0.0370
3 0.5961 0.5754 0.0539 0.0352
2 0.4532 0.5015 0.0734 0.0385
3 0.5950 0.8464 0.0513 0.0367
3 0.3833 0.8514 0.0638 0.0344
3 0.5949 0.6143 0.0550 0.0356
2 0.6493 0.5371 0.0460 0.0392
3 0.8702 0.4916 0.0438 0.0360
3 0.9672 0.8052 0.0472 0.0371
2 0.0760 0.5525 0.0422 0.0373
3 0.4545 0.8121 0.0720 0.0382
3 0.5281 0.7353 0.0743 0.0363
3 0.4519 0.5801 0.0708 0.0358
2 0.1457 0.5114 0.0951 0.0385
3 0.3262 0.5434 0.0465 0.0351
3 0.0281 0.7417 0.0465 0.0364
2 0.1508 0.9676 0.0879 0.0350
2 0.7253 0.4973 0.0961 0.0342
3 0.4535 0.7335 0.0693 0.0387
3 0.7231 0.8103 0.0965 0.0395
3 0.7984 0.5733 0.0392 0.0340
3 0.0749 0.5898 0.0438 0.0375
3 0.9195 0.5725 0.0451 0.0347
3 0.7995 0.8065 0.0466 0.0355
3 0.9669 0.8844 0.0461 0.0363
3 0.0281 0.8166 0.0472 0.0360
3 0.2455 0.6213 0.0983 0.0357
3 0.8009 0.4936 0.0465 0.0368
2 0.9716 0.4943 0.0497 0.0402
3 0.7924 0.6128 0.0381 0.0354
3 0.9201 0.9244 0.0515 0.0397
3 0.0284 0.7799 0.0486 0.0384
3 0.9686 0.5718 0.0442 0.0352
3 0.5958 0.8077 0.0548 0.0359
2 0.9206 0.4945 0.0497 0.0402
3 0.7213 0.9275 0.0984 0.0376
