1 0.4600 0.6390 0.0919 0.0224
3 0.2229 0.9840 0.0720 0.0259
1 0.7613 0.8619 0.0766 0.0224
3 0.3777 0.6405 0.0477 0.0231
3 0.6787 0.9617 0.0656 0.0220
1 0.4479 0.9120 0.0960 0.0224
1 0.1542 0.6669 0.0755 0.0223
1 0.7724 0.6084 0.0766 0.0224
3 0.1495 0.9564 0.0713 0.0198
1 0.2992 0.7630 0.0568 0.0221
1 0.1605 0.6191 0.0778 0.0249
1 0.8525 0.5822 0.0766 0.0224
3 0.4524 0.9861 0.1035 0.0230
1 0.2282 0.7398 0.0766 0.0224
1 0.6846 0.7850 0.0766 0.0224
1 0.5463 0.6878 0.0766 0.0224
3 0.3650 0.8618 0.0605 0.0235
3 0.3073 0.6158 0.0555 0.0224
1 0.2303 0.7628 0.0766 0.0224
3 0.3736 0.6896 0.0568 0.0233
1 0.2261 0.8862 0.0766 0.0224
3 0.2254 0.9577 0.0581 0.0211
1 0.5548 0.6118 0.0617 0.0234
3 0.3709 0.7887 0.0585 0.0241
1 0.7585 0.8883 0.0766 0.0224
1 0.5356 0.9125 0.0766 0.0224
1 0.6143 0.7612 0.0766 0.0224
1 0.6883 0.7356 0.0766 0.0224
1 0.2359 0.7150 0.0766 0.0224
3 0.3606 0.9349 0.0675 0.0238
1 0.8469 0.7863 0.0766 0.0224
2 0.8343 0.9863 0.0766 0.0224
3 0.3715 0.7603 0.0622 0.0213
1 0.1544 0.7162 0.0766 0.0224
3 0.6037 0.9848 0.0607 0.0215
1 0.1537 0.7405 0.0766 0.0224
1 0.5461 0.8867 0.0766 0.0224
1 0.3076 0.6404 0.0766 0.0224
2 0.2976 0.8865 0.0556 0.0230
1 0.5518 0.6628 0.0766 0.0224
1 0.7684 0.6592 0.0685 0.0222
3 0.2952 0.9837 0.0672 0.0254
3 0.2966 0.9582 0.0657 0.0226
1 0.3061 0.5921 0.0668 0.0220
1 0.8371 0.8383 0.0766 0.0224
1 0.6832 0.8377 0.0766 0.0224
1 0.4487 0.8382 0.0990 0.0224
1 0.4517 0.8122 0.0995 0.0224
3 0.6839 0.9361 0.0657 0.0235
1 0.4666 0.6142 0.0885 0.0224
1 0.7708 0.7347 0.0766 0.0224
3 0.7598 0.9881 0.0684 0.0237
1 0.6055 0.8867 0.0730 0.0252
1 0.7724 0.5841 0.0766 0.0224
1 0.6164 0.6878 0.0766 0.0224
2 0.3675 0.8380 0.0567 0.0246
3 0.2987 0.8376 0.0597 0.0236
1 0.8351 0.8624 0.0766 0.0224
1 0.5398 0.8379 0.0766 0.0224
1 0.1454 0.9326 0.0766 0.0224
1 0.2369 0.5925 0.0687 0.0224
1 0.6168 0.7861 0.0569 0.0215
1 0.2268 0.8367 0.0766 0.0224
3 0.2981 0.7873 0.0600 0.0242
1 0.5567 0.5863 0.0766 0.0224
1 0.1572 0.6915 0.0766 0.0224
1 0.6896 0.7116 0.0766 0.0224
1 0.5386 0.9346 0.0766 0.0224
1 0.5539 0.7126 0.0766 0.0224
3 0.6799 0.9888 0.0588 0.0207
1 0.2233 0.8612 0.0766 0.0224
1 0.7723 0.6849 0.0766 0.0224
1 0.8462 0.6851 0.0766 0.0224
1 0.8494 0.7095 0.0766 0.0224
1 0.4607 0.5887 0.0920 0.0224
1 0.7597 0.7607 0.0766 0.0224
2 0.3781 0.5911 0.0548 0.0234
1 0.1524 0.8855 0.0766 0.0224
3 0.7617 0.9608 0.0672 0.0224
1 0.4555 0.6878 0.0913 0.0224
1 0.6873 0.6849 0.0766 0.0224
1 0.8434 0.7613 0.0766 0.0224
1 0.5467 0.8129 0.0766 0.0224
3 0.8333 0.9625 0.0624 0.0232
1 0.4673 0.7133 0.1065 0.0224
1 0.2275 0.7871 0.0766 0.0224
1 0.6927 0.6599 0.0796 0.0245
3 0.3653 0.9855 0.0672 0.0226
1 0.5433 0.7605 0.0594 0.0217
1 0.4585 0.7626 0.1016 0.0224
1 0.6117 0.9358 0.0766 0.0224
3 0.3002 0.7392 0.0644 0.0234
1 0.7576 0.9115 0.0766 0.0224
1 0.8463 0.6060 0.0682 0.0241
1 0.8458 0.6338 0.0800 0.0224
3 0.6098 0.9611 0.0642 0.0221
1 0.5428 0.7381 0.0766 0.0224
1 0.4593 0.7375 0.1015 0.0213
1 0.2333 0.6177 0.0632 0.0229
1 0.5467 0.7872 0.0766 0.0224
1 0.2303 0.6426 0.0766 0.0224
1 0.7640 0.7844 0.0766 0.0224
3 0.3787 0.6156 0.0641 0.0233
1 0.6201 0.6611 0.0766 0.0224
1 0.6145 0.7121 0.0766 0.0224
3 0.3659 0.9126 0.0639 0.0243
1 0.3751 0.6633 0.0766 0.0224
1 0.3062 0.6897 0.0766 0.0224
1 0.6931 0.5851 0.0766 0.0224
1 0.6247 0.6354 0.0694 0.0244
1 0.2940 0.9124 0.0614 0.0245
1 0.1494 0.8612 0.0679 0.0207
1 0.4599 0.6635 0.0959 0.0224
1 0.2289 0.9098 0.0766 0.0224
1 0.6798 0.8118 0.0766 0.0224
1 0.6052 0.9122 0.0766 0.0224
1 0.2282 0.8138 0.0766 0.0224
1 0.4511 0.7874 0.1024 0.0224
3 0.2997 0.8130 0.0608 0.0248
3 0.3660 0.9619 0.0571 0.0232
1 0.8473 0.6582 0.0801 0.0251
3 0.4519 0.8628 0.1053 0.0224
1 0.5536 0.6363 0.0718 0.0192
1 0.1524 0.7636 0.0766 0.0224
1 0.6073 0.8112 0.0766 0.0224
1 0.8344 0.9358 0.0687 0.0221
1 0.7574 0.9359 0.0656 0.0232
1 0.7703 0.6340 0.0689 0.0246
1 0.6256 0.5860 0.0766 0.0224
1 0.5349 0.8627 0.0766 0.0224
1 0.1478 0.8368 0.0679 0.0207
1 0.6932 0.6100 0.0657 0.0240
1 0.2338 0.6905 0.0766 0.0224
3 0.3771 0.7131 0.0607 0.0220
1 0.7750 0.7114 0.0766 0.0224
1 0.6151 0.7360 0.0622 0.0236
1 0.8434 0.8118 0.0766 0.0224
1 0.4542 0.8865 0.1054 0.0233
1 0.6811 0.8875 0.0766 0.0224
1 0.1565 0.6436 0.0766 0.0224
3 0.2970 0.8616 0.0604 0.0244
1 0.1600 0.5939 0.0778 0.0249
1 0.6846 0.8612 0.0766 0.0224
3 0.4493 0.9618 0.1036 0.0230
1 0.6087 0.8622 0.0766 0.0224
1 0.1489 0.8129 0.0766 0.0224
1 0.7640 0.8128 0.0766 0.0224
1 0.7620 0.8373 0.0766 0.0224
1 0.8342 0.9116 0.0704 0.0231
1 0.1503 0.7879 0.0766 0.0224
1 0.2240 0.9338 0.0766 0.0224
3 0.3716 0.8123 0.0515 0.0232
1 0.4468 0.9365 0.0990 0.0224
1 0.6073 0.8377 0.0766 0.0224
3 0.3683 0.8862 0.0565 0.0232
1 0.8469 0.7346 0.0766 0.0224
1 0.6783 0.9118 0.0766 0.0224
3 0.3718 0.7366 0.0525 0.0251
3 0.2911 0.9366 0.0615 0.0236
3 0.5383 0.9862 0.0590 0.0219
1 0.2303 0.6664 0.0766 0.0224
3 0.5408 0.9609 0.0624 0.0221
1 0.1475 0.9083 0.0766 0.0224
1 0.3034 0.6652 0.0766 0.0224
3 0.3050 0.7142 0.0594 0.0230
1 0.8385 0.8879 0.0766 0.0224
1 0.6881 0.7610 0.0672 0.0240
1 0.6246 0.6104 0.0648 0.0221
