1 0.1152 0.8117 0.0927 0.0369
3 0.7666 0.8057 0.0494 0.0333
1 0.2393 0.8098 0.0461 0.0370
3 0.7138 0.8845 0.0481 0.0370
2 0.6674 0.7687 0.0424 0.0357
3 0.0086 0.6248 0.0141 0.0326
1 0.5625 0.8061 0.0475 0.0362
3 0.2932 0.8088 0.0430 0.0345
3 0.2376 0.5798 0.0514 0.0336
1 0.4244 0.7688 0.0663 0.0342
3 0.4253 0.8873 0.0659 0.0375
3 0.0085 0.5884 0.0170 0.0331
2 0.6680 0.6918 0.0406 0.0351
3 0.7158 0.5337 0.0466 0.0350
3 0.1411 0.9245 0.0405 0.0364
3 0.0923 0.9712 0.0436 0.0460
3 0.7145 0.6890 0.0462 0.0362
3 0.4997 0.5370 0.0651 0.0354
3 0.8936 0.5335 0.0497 0.0373
3 0.2936 0.9244 0.0445 0.0361
3 0.2935 0.7707 0.0441 0.0350
3 0.3535 0.9254 0.0646 0.0388
3 0.1431 0.9699 0.0460 0.0431
3 0.6185 0.5365 0.0410 0.0360
1 0.4972 0.8460 0.0662 0.0360
3 0.2401 0.5009 0.0460 0.0348
3 0.1144 0.5839 0.0893 0.0352
3 0.2940 0.5772 0.0443 0.0349
2 0.6642 0.9247 0.0439 0.0368
1 0.4998 0.7296 0.0648 0.0365
3 0.8889 0.9222 0.0442 0.0361
1 0.5618 0.7286 0.0481 0.0340
3 0.1883 0.5037 0.0406 0.0344
3 0.0895 0.9262 0.0406 0.0372
3 0.0406 0.5053 0.0429 0.0355
1 0.8886 0.7665 0.0461 0.0356
1 0.1151 0.8499 0.0920 0.0355
3 0.2936 0.4994 0.0488 0.0350
1 0.1167 0.7345 0.0880 0.0373
1 0.7128 0.7672 0.0476 0.0372
3 0.2374 0.9264 0.0458 0.0400
3 0.9384 0.6497 0.0463 0.0364
3 0.8881 0.8839 0.0469 0.0375
1 0.0432 0.8131 0.0429 0.0375
3 0.5619 0.9647 0.0464 0.0358
1 0.1885 0.7732 0.0437 0.0358
1 0.0438 0.8503 0.0417 0.0357
2 0.6660 0.8079 0.0432 0.0381
3 0.8922 0.6118 0.0473 0.0365
3 0.6147 0.8467 0.0444 0.0374
1 0.5627 0.7669 0.0472 0.0362
3 0.7672 0.8823 0.0452 0.0345
1 0.5619 0.8448 0.0483 0.0385
3 0.4235 0.5377 0.0688 0.0358
3 0.8237 0.9637 0.0583 0.0391
3 0.0408 0.5446 0.0419 0.0349
3 0.4972 0.9261 0.0667 0.0393
3 0.2926 0.7317 0.0436 0.0358
3 0.0106 0.6983 0.0192 0.0318
3 0.9408 0.4942 0.0470 0.0374
3 0.5609 0.9230 0.0498 0.0369
1 0.1160 0.8869 0.0906 0.0359
1 0.7124 0.8834 0.0508 0.0351
3 0.4207 0.6929 0.0729 0.0360
3 0.4223 0.6549 0.0717 0.0377
3 0.9388 0.5340 0.0500 0.0375
3 0.7693 0.6105 0.0432 0.0343
3 0.8290 0.9225 0.0662 0.0328
1 0.9369 0.7667 0.0456 0.0375
2 0.2978 0.9719 0.0453 0.0467
3 0.0112 0.9718 0.0225 0.0459
3 0.3542 0.6156 0.0656 0.0323
3 0.4241 0.9668 0.0646 0.0388
3 0.7721 0.5722 0.0451 0.0351
3 0.7201 0.6117 0.0559 0.0362
1 0.6167 0.7670 0.0432 0.0382
3 0.7169 0.4938 0.0470 0.0327
1 0.9354 0.8059 0.0481 0.0369
3 0.1133 0.5460 0.0914 0.0363
3 0.8926 0.6880 0.0487 0.0373
1 0.2391 0.7329 0.0459 0.0366
3 0.6173 0.5743 0.0447 0.0370
3 0.9356 0.8809 0.0442 0.0362
3 0.0107 0.6607 0.0212 0.0385
3 0.6165 0.8069 0.0461 0.0381
3 0.3545 0.5012 0.0645 0.0351
3 0.2386 0.6176 0.0468 0.0352
1 0.7124 0.7275 0.0494 0.0340
1 0.0115 0.8885 0.0228 0.0375
3 0.4247 0.4985 0.0702 0.0372
3 0.3503 0.6943 0.0675 0.0363
2 0.6680 0.5743 0.0421 0.0371
3 0.8886 0.8840 0.0447 0.0362
2 0.2399 0.9752 0.0506 0.0468
3 0.3548 0.5377 0.0632 0.0352
1 0.8897 0.7269 0.0421 0.0355
1 0.0113 0.8133 0.0225 0.0381
1 0.5002 0.8069 0.0616 0.0349
3 0.7735 0.6467 0.0435 0.0345
3 0.2378 0.6939 0.0453 0.0347
3 0.9405 0.5740 0.0467 0.0336
3 0.8913 0.6113 0.0452 0.0342
3 0.0115 0.9284 0.0231 0.0395
3 0.7126 0.9231 0.0432 0.0347
3 0.5006 0.4978 0.0746 0.0384
3 0.8922 0.6507 0.0456 0.0371
3 0.8280 0.8069 0.0618 0.0375
3 0.1885 0.7350 0.0433 0.0355
3 0.8231 0.8840 0.0620 0.0338
3 0.8302 0.7674 0.0580 0.0337
1 0.0431 0.7743 0.0419 0.0375
3 0.8232 0.6504 0.0522 0.0363
3 0.2936 0.6543 0.0422 0.0333
3 0.4242 0.8477 0.0674 0.0376
1 0.0405 0.6210 0.0416 0.0366
1 0.0112 0.8508 0.0225 0.0381
1 0.7127 0.8065 0.0506 0.0392
3 0.3502 0.8074 0.0616 0.0347
2 0.6680 0.6150 0.0385 0.0364
3 0.2927 0.7319 0.0441 0.0359
3 0.4974 0.9605 0.0674 0.0287
1 0.4968 0.8844 0.0672 0.0362
3 0.2937 0.8853 0.0437 0.0342
3 0.5675 0.5376 0.0556 0.0338
3 0.6174 0.6917 0.0436 0.0372
3 0.7709 0.5333 0.0447 0.0348
3 0.4245 0.5771 0.0676 0.0360
3 0.0402 0.5833 0.0413 0.0347
3 0.3517 0.7331 0.0614 0.0346
3 0.6169 0.7289 0.0433 0.0362
3 0.2909 0.5414 0.0537 0.0363
1 0.8888 0.8060 0.0455 0.0349
3 0.4982 0.6902 0.0637 0.0340
3 0.6169 0.6519 0.0436 0.0368
3 0.3563 0.9664 0.0646 0.0388
3 0.1145 0.6963 0.0911 0.0345
3 0.1892 0.8883 0.0424 0.0364
3 0.6175 0.6127 0.0458 0.0359
3 0.6159 0.9647 0.0459 0.0355
3 0.8282 0.7288 0.0644 0.0370
3 0.1879 0.6970 0.0403 0.0364
3 0.8279 0.6887 0.0672 0.0365
2 0.6647 0.8474 0.0421 0.0360
3 0.1137 0.5067 0.0898 0.0361
2 0.6656 0.7308 0.0397 0.0368
3 0.3512 0.8851 0.0625 0.0343
1 0.7115 0.8442 0.0480 0.0382
3 0.5633 0.6895 0.0463 0.0348
3 0.2379 0.6936 0.0451 0.0352
3 0.8250 0.8444 0.0609 0.0327
3 0.7681 0.9198 0.0477 0.0338
3 0.0449 0.9727 0.0393 0.0508
1 0.8888 0.8438 0.0459 0.0369
3 0.7712 0.4929 0.0451 0.0331
3 0.3537 0.7747 0.0613 0.0410
2 0.9356 0.9697 0.0317 0.0457
2 0.6690 0.4964 0.0391 0.0363
1 0.2402 0.8483 0.0475 0.0362
3 0.0070 0.5077 0.0128 0.0326
3 0.4991 0.5755 0.0673 0.0365
3 0.0409 0.6981 0.0411 0.0347
3 0.1884 0.6577 0.0435 0.0367
1 0.9350 0.7281 0.0442 0.0360
1 0.9357 0.8441 0.0452 0.0373
3 0.0095 0.7369 0.0189 0.0374
3 0.1874 0.5820 0.0439 0.0361
3 0.1132 0.6581 0.0926 0.0358
3 0.2387 0.5397 0.0469 0.0362
3 0.2933 0.8462 0.0447 0.0344
3 0.7155 0.5717 0.0466 0.0355
3 0.1887 0.9257 0.0442 0.0388
3 0.9360 0.9223 0.0399 0.0363
3 0.4238 0.8082 0.0713 0.0392
3 0.3508 0.8468 0.0620 0.0342
2 0.6664 0.6537 0.0418 0.0371
1 0.0084 0.7759 0.0168 0.0367
3 0.6152 0.9232 0.0467 0.0371
3 0.3521 0.6553 0.0716 0.0369
3 0.1895 0.8495 0.0428 0.0365
3 0.0430 0.9280 0.0409 0.0384
3 0.3542 0.5763 0.0640 0.0352
3 0.0405 0.6211 0.0414 0.0359
3 0.8438 0.4928 0.0429 0.0381
3 0.5017 0.6139 0.0745 0.0347
3 0.1136 0.6204 0.0916 0.0348
3 0.5635 0.6508 0.0482 0.0352
3 0.8925 0.4936 0.0512 0.0379
3 0.1877 0.5422 0.0442 0.0373
3 0.2939 0.6154 0.0425 0.0336
3 0.2933 0.6934 0.0413 0.0352
3 0.7691 0.7271 0.0424 0.0342
3 0.5633 0.6121 0.0505 0.0377
2 0.6685 0.5360 0.0410 0.0359
1 0.2390 0.8859 0.0462 0.0356
2 0.6639 0.8854 0.0434 0.0366
3 0.5633 0.5725 0.0471 0.0354
3 0.7685 0.7667 0.0446 0.0339
3 0.2385 0.6558 0.0452 0.0350
1 0.5613 0.8836 0.0456 0.0362
3 0.7671 0.8434 0.0469 0.0344
3 0.6164 0.8859 0.0444 0.0382
3 0.6182 0.4953 0.0466 0.0364
3 0.8917 0.5715 0.0474 0.0360
3 0.1888 0.8118 0.0419 0.0367
3 0.8439 0.5345 0.0472 0.0386
3 0.1917 0.9693 0.0460 0.0431
3 0.4230 0.7322 0.0691 0.0364
2 0.9413 0.6913 0.0460 0.0389
3 0.0079 0.5469 0.0157 0.0366
3 0.8438 0.5725 0.0418 0.0341
3 0.7143 0.6501 0.0509 0.0333
3 0.7705 0.6886 0.0444 0.0362
1 0.0435 0.7350 0.0422 0.0346
1 0.2392 0.7714 0.0445 0.0350
1 0.4983 0.7695 0.0658 0.0348
3 0.4990 0.6521 0.0628 0.0365
3 0.9391 0.6113 0.0486 0.0363
1 0.1143 0.7752 0.0921 0.0355
1 0.0440 0.8871 0.0428 0.0350
3 0.5646 0.4943 0.0470 0.0364
3 0.4240 0.9263 0.0651 0.0420
3 0.4227 0.6146 0.0659 0.0346
3 0.1871 0.6186 0.0447 0.0343
