3 0.3448 0.7170 0.0504 0.0639
3 0.0629 0.5891 0.0499 0.0617
2 0.1057 0.9224 0.0385 0.0560
3 0.4002 0.5833 0.0583 0.0594
3 0.3464 0.1799 0.0496 0.0636
3 0.4665 0.4424 0.0695 0.0674
2 0.9610 0.2141 0.0451 0.0659
2 0.5993 0.1686 0.0513 0.0633
3 0.3998 0.6478 0.0611 0.0627
3 0.0605 0.6541 0.0506 0.0649
3 0.4011 0.3780 0.0568 0.0679
3 0.1770 0.5207 0.0859 0.0633
2 0.7233 0.7141 0.0945 0.0626
2 0.2730 0.1220 0.0903 0.0645
2 0.0686 0.2610 0.0427 0.0618
2 0.0266 0.4948 0.0169 0.0321
3 0.0638 0.5228 0.0468 0.0633
3 0.9642 0.4966 0.0463 0.0623
3 0.8577 0.7088 0.0633 0.0699
2 0.1125 0.3239 0.0388 0.0629
3 0.9693 0.7784 0.0484 0.0722
2 0.5377 0.9055 0.0709 0.0196
3 0.9126 0.4966 0.0486 0.0678
3 0.2719 0.4536 0.0972 0.0584
2 0.2717 0.2542 0.0934 0.0647
3 0.0224 0.7597 0.0169 0.0321
2 0.9107 0.2880 0.0505 0.0648
3 0.2655 0.9055 0.0993 0.0252
3 0.6028 0.8543 0.0525 0.0672
3 0.4665 0.5810 0.0684 0.0586
3 0.5386 0.8549 0.0711 0.0703
2 0.9740 0.9281 0.0521 0.0705
3 0.7991 0.8538 0.0530 0.0736
2 0.9606 0.0705 0.0472 0.0723
3 0.6513 0.5064 0.0445 0.0633
3 0.1109 0.5892 0.0431 0.0671
2 0.0671 0.1252 0.0484 0.0689
2 0.7197 0.1601 0.0944 0.0695
3 0.3996 0.9224 0.0604 0.0571
3 0.8559 0.5668 0.0650 0.0695
2 0.5994 0.2370 0.0524 0.0701
3 0.2684 0.6555 0.0934 0.0620
2 0.0243 0.6259 0.0169 0.0321
2 0.7990 0.9192 0.0551 0.0545
3 0.3999 0.7859 0.0606 0.0673
2 0.1141 0.1251 0.0398 0.0640
3 0.6010 0.5760 0.0515 0.0622
3 0.0594 0.7920 0.0493 0.0631
3 0.3444 0.6476 0.0488 0.0610
3 0.3456 0.3151 0.0475 0.0607
2 0.7215 0.3647 0.0940 0.0673
2 0.6485 0.1612 0.0434 0.0679
3 0.6008 0.7152 0.0498 0.0646
3 0.8537 0.2880 0.0643 0.0743
2 0.0261 0.5256 0.0169 0.0321
3 0.5368 0.4409 0.0699 0.0674
3 0.9191 0.8538 0.0519 0.0738
2 0.0247 0.5606 0.0169 0.0321
3 0.8551 0.4984 0.0644 0.0639
3 0.6008 0.7850 0.0541 0.0666
3 0.1099 0.5230 0.0428 0.0657
3 0.9133 0.4268 0.0492 0.0637
3 0.5377 0.7159 0.0688 0.0645
3 0.4010 0.7188 0.0575 0.0640
2 0.9137 0.5659 0.0514 0.0693
3 0.3418 0.9069 0.0530 0.0299
3 0.8574 0.7801 0.0667 0.0693
2 0.8599 0.9192 0.0638 0.0545
3 0.2705 0.5895 0.0928 0.0605
2 0.5382 0.3714 0.0687 0.0595
3 0.6505 0.6446 0.0425 0.0655
3 0.0650 0.4558 0.0468 0.0639
3 0.3995 0.8570 0.0611 0.0686
2 0.4664 0.1729 0.0698 0.0691
2 0.1131 0.1927 0.0388 0.0610
2 0.5377 0.1043 0.0672 0.0652
3 0.0579 0.8582 0.0486 0.0619
2 0.0199 0.8235 0.0169 0.0321
3 0.5377 0.7850 0.0707 0.0660
3 0.4002 0.4490 0.0574 0.0680
3 0.2716 0.5218 0.0950 0.0595
2 0.1133 0.2594 0.0382 0.0627
2 0.2715 0.3205 0.0927 0.0680
2 0.9199 0.9201 0.0551 0.0545
3 0.0603 0.7235 0.0493 0.0631
2 0.1784 0.3876 0.0888 0.0602
3 0.3452 0.3785 0.0483 0.0622
3 0.0222 0.7911 0.0169 0.0321
2 0.7240 0.9174 0.0919 0.0518
3 0.1072 0.8582 0.0475 0.0628
2 0.0247 0.5935 0.0169 0.0321
3 0.7962 0.2905 0.0504 0.0665
3 0.7216 0.5736 0.0934 0.0673
2 0.0676 0.3887 0.0447 0.0572
2 0.0197 0.8573 0.0154 0.0338
3 0.6543 0.8557 0.0456 0.0681
3 0.5380 0.5780 0.0706 0.0640
3 0.6506 0.4370 0.0447 0.0650
2 0.7233 0.6429 0.0968 0.0679
2 0.5374 0.2403 0.0676 0.0666
3 0.4002 0.3121 0.0593 0.0627
3 0.4654 0.7184 0.0685 0.0666
3 0.9177 0.7788 0.0511 0.0685
3 0.8538 0.0794 0.0663 0.0756
2 0.4658 0.3715 0.0697 0.0617
3 0.7971 0.3628 0.0523 0.0693
3 0.9683 0.6334 0.0493 0.0662
3 0.2692 0.7253 0.0938 0.0612
2 0.6530 0.9205 0.0434 0.0545
2 0.9126 0.3536 0.0498 0.0586
3 0.7248 0.8539 0.0917 0.0677
2 0.7214 0.2975 0.0960 0.0688
3 0.5374 0.5106 0.0697 0.0641
3 0.6004 0.5078 0.0524 0.0657
2 0.9098 0.0750 0.0491 0.0732
2 0.0685 0.3259 0.0433 0.0628
3 0.1737 0.9199 0.0849 0.0537
3 0.7219 0.4355 0.0934 0.0681
3 0.9666 0.5644 0.0490 0.0662
2 0.4658 0.2406 0.0706 0.0689
2 0.9620 0.2854 0.0456 0.0670
3 0.4664 0.7869 0.0702 0.0680
2 0.2707 0.3843 0.0939 0.0583
2 0.4660 0.9050 0.0709 0.0196
2 0.9630 0.3506 0.0458 0.0614
3 0.7982 0.7800 0.0518 0.0685
3 0.3425 0.8574 0.0520 0.0626
2 0.0216 0.7244 0.0169 0.0321
3 0.1780 0.4553 0.0858 0.0598
2 0.1791 0.3208 0.0885 0.0686
3 0.4008 0.1122 0.0589 0.0658
3 0.7970 0.5694 0.0525 0.0701
3 0.8544 0.3576 0.0641 0.0678
2 0.1116 0.3876 0.0401 0.0583
2 0.4664 0.1067 0.0676 0.0672
3 0.7235 0.7850 0.0975 0.0675
2 0.1795 0.1200 0.0860 0.0692
3 0.1080 0.7912 0.0435 0.0640
3 0.1768 0.5897 0.0865 0.0598
3 0.1104 0.4553 0.0418 0.0657
3 0.3448 0.5151 0.0454 0.0617
3 0.7970 0.4299 0.0512 0.0705
3 0.7956 0.2234 0.0503 0.0747
2 0.6495 0.3667 0.0415 0.0624
2 0.5998 0.3694 0.0522 0.0590
3 0.6517 0.5743 0.0436 0.0622
3 0.4669 0.6465 0.0689 0.0640
2 0.5371 0.1712 0.0676 0.0654
3 0.1754 0.7244 0.0872 0.0626
3 0.7965 0.4996 0.0515 0.0656
2 0.5373 0.3062 0.0685 0.0693
3 0.1109 0.6541 0.0442 0.0648
2 0.4662 0.3097 0.0687 0.0692
2 0.1745 0.6543 0.0850 0.0645
3 0.1744 0.7909 0.0875 0.0641
3 0.9160 0.6367 0.0480 0.0677
3 0.5376 0.6458 0.0668 0.0657
2 0.9639 0.4244 0.0446 0.0706
3 0.7989 0.7118 0.0528 0.0652
2 0.0689 0.1950 0.0441 0.0617
2 0.1792 0.2547 0.0888 0.0692
2 0.0585 0.9211 0.0462 0.0561
2 0.0228 0.6603 0.0169 0.0321
3 0.3449 0.5811 0.0497 0.0655
2 0.9099 0.2168 0.0486 0.0667
2 0.6485 0.0905 0.0416 0.0672
3 0.3999 0.5182 0.0593 0.0637
3 0.2679 0.7919 0.0937 0.0631
3 0.1089 0.7224 0.0433 0.0635
3 0.4662 0.5140 0.0684 0.0642
3 0.7980 0.6417 0.0528 0.0693
3 0.8591 0.8538 0.0669 0.0746
2 0.7188 0.0892 0.0957 0.0703
3 0.1741 0.8585 0.0870 0.0620
3 0.8563 0.6375 0.0624 0.0663
3 0.6520 0.7862 0.0435 0.0655
2 0.0222 0.6935 0.0169 0.0321
2 0.6496 0.2312 0.0458 0.0666
2 0.7212 0.2287 0.0976 0.0671
2 0.0178 0.8929 0.0157 0.0356
3 0.7949 0.1522 0.0531 0.0655
3 0.3462 0.1135 0.0476 0.0600
2 0.9102 0.1472 0.0491 0.0674
2 0.9608 0.1446 0.0465 0.0677
3 0.3996 0.2440 0.0595 0.0653
3 0.8531 0.1473 0.0658 0.0698
3 0.2668 0.8579 0.0948 0.0621
2 0.6005 0.3034 0.0509 0.0651
3 0.4018 0.1786 0.0578 0.0571
3 0.8551 0.4286 0.0634 0.0709
3 0.7211 0.5040 0.0942 0.0706
3 0.6000 0.4384 0.0517 0.0696
3 0.9164 0.7080 0.0506 0.0685
3 0.3453 0.4473 0.0485 0.0670
3 0.3432 0.7868 0.0503 0.0682
2 0.6019 0.9210 0.0509 0.0586
3 0.7931 0.0863 0.0520 0.0697
2 0.2731 0.1885 0.0978 0.0657
2 0.5996 0.0994 0.0510 0.0670
3 0.9734 0.8522 0.0533 0.0722
3 0.3451 0.2482 0.0476 0.0657
3 0.8530 0.2201 0.0643 0.0743
2 0.1789 0.1902 0.0860 0.0640
3 0.6006 0.6443 0.0504 0.0681
3 0.6522 0.7155 0.0441 0.0647
3 0.4669 0.8560 0.0687 0.0682
2 0.6498 0.2969 0.0418 0.0598
3 0.9683 0.7052 0.0488 0.0723
