2 0.9320 0.2337 0.0246 0.0552
1 0.7530 0.6234 0.0319 0.0764
1 0.4508 0.6505 0.0284 0.0807
2 0.8883 0.2207 0.0349 0.0586
1 0.7145 0.6169 0.0505 0.0741
1 0.4886 0.8243 0.0617 0.0947
3 0.6428 0.4645 0.0265 0.0659
2 0.9259 0.1785 0.0246 0.0552
2 0.5549 0.2588 0.0516 0.0535
3 0.0612 0.5741 0.0410 0.0761
3 0.8699 0.3813 0.0477 0.0715
1 0.7804 0.6281 0.0320 0.0770
3 0.6184 0.5325 0.0232 0.0700
2 0.2451 0.4637 0.0398 0.0735
1 0.7975 0.8686 0.0332 0.0940
2 0.8478 0.1602 0.0447 0.0690
2 0.1822 0.3232 0.0375 0.0786
3 0.9535 0.5842 0.0240 0.0753
2 0.7521 0.1885 0.0302 0.0689
2 0.3687 0.4167 0.0515 0.0805
3 0.5937 0.5255 0.0227 0.0699
1 0.6472 0.6846 0.0255 0.0763
2 0.1593 0.3188 0.0388 0.0870
2 0.2740 0.4684 0.0371 0.0853
2 0.3138 0.4765 0.0522 0.0748
2 0.9202 0.2842 0.0258 0.0658
3 0.8378 0.4968 0.0502 0.0724
3 0.2604 0.6081 0.0329 0.0867
2 0.6358 0.1601 0.0263 0.0644
2 0.7785 0.1944 0.0347 0.0759
3 0.7775 0.5592 0.0293 0.0776
1 0.8096 0.6317 0.0326 0.0807
3 0.0710 0.7352 0.0345 0.0965
2 0.0550 0.4310 0.0393 0.0731
3 0.9204 0.5150 0.0373 0.0749
3 0.3856 0.8053 0.0309 0.0936
1 0.7301 0.9533 0.0562 0.0935
3 0.6678 0.4004 0.0276 0.0725
1 0.4403 0.9092 0.0327 0.1026
1 0.7172 0.6960 0.0532 0.0880
1 0.9204 0.9580 0.0432 0.0841
1 0.4948 0.5813 0.0587 0.0787
2 0.3646 0.4916 0.0523 0.0747
2 0.2185 0.4626 0.0417 0.0771
2 0.1231 0.3781 0.0454 0.0779
3 0.2868 0.7857 0.0603 0.1000
3 0.4558 0.5007 0.0285 0.0736
3 0.3992 0.5663 0.0292 0.0832
1 0.7589 0.7028 0.0322 0.0821
2 0.7260 0.1309 0.0263 0.0516
2 0.0203 0.4853 0.0334 0.0651
2 0.1492 0.3823 0.0339 0.0781
1 0.6799 0.7687 0.0314 0.0799
2 0.0831 0.4397 0.0379 0.0830
1 0.7626 0.7803 0.0313 0.0927
2 0.4306 0.4289 0.0261 0.0788
3 0.7019 0.3427 0.0453 0.0660
2 0.1919 0.4547 0.0463 0.0817
2 0.2639 0.2725 0.0416 0.0593
3 0.6150 0.3312 0.0224 0.0623
1 0.8043 0.9570 0.0332 0.0859
3 0.1919 0.6786 0.0381 0.0993
3 0.1128 0.8362 0.0341 0.1071
2 0.7347 0.2930 0.0277 0.0590
2 0.0465 0.3006 0.0372 0.0651
1 0.4931 0.6586 0.0592 0.0819
2 0.4384 0.2986 0.0261 0.0699
2 0.9255 0.3397 0.0258 0.0716
3 0.1346 0.6709 0.0368 0.1041
3 0.9594 0.4586 0.0232 0.0643
2 0.4108 0.3598 0.0310 0.0743
2 0.8769 0.1126 0.0303 0.0552
3 0.4579 0.4298 0.0276 0.0711
2 0.8420 0.0982 0.0413 0.0552
2 0.8078 0.1492 0.0457 0.0654
3 0.0277 0.6332 0.0300 0.0825
2 0.0734 0.5056 0.0420 0.0879
2 0.1032 0.5144 0.0458 0.0833
3 0.5530 0.5194 0.0565 0.0730
2 0.1675 0.2570 0.0331 0.0732
3 0.1818 0.8626 0.1095 0.1118
1 0.9896 0.9288 0.0146 0.0747
2 0.1843 0.5279 0.0374 0.0879
3 0.8446 0.5692 0.0500 0.0795
3 0.3476 0.7099 0.0584 0.0880
2 0.3290 0.2834 0.0505 0.0578
3 0.7947 0.4257 0.0291 0.0699
2 0.6608 0.1670 0.0257 0.0549
3 0.3078 0.5425 0.0566 0.0812
2 0.6128 0.1534 0.0219 0.0594
1 0.9744 0.8636 0.0236 0.0784
3 0.7386 0.3515 0.0259 0.0661
2 0.3725 0.3514 0.0538 0.0657
1 0.9697 0.7906 0.0263 0.0803
3 0.0133 0.5535 0.0267 0.0750
3 0.0884 0.8283 0.0339 0.1050
2 0.6624 0.2221 0.0289 0.0674
3 0.9279 0.5787 0.0355 0.0752
2 0.1016 0.3091 0.0401 0.0735
3 0.7454 0.4802 0.0242 0.0701
3 0.1521 0.7595 0.0378 0.1042
3 0.8898 0.5747 0.0493 0.0747
2 0.7696 0.0766 0.0246 0.0552
2 0.2327 0.3293 0.0353 0.0784
2 0.7808 0.2485 0.0327 0.0740
1 0.6188 0.6029 0.0245 0.0664
2 0.1999 0.3883 0.0410 0.0781
2 0.4700 0.1254 0.0220 0.0549
3 0.5004 0.3727 0.0526 0.0712
1 0.8325 0.9619 0.0323 0.0761
2 0.1139 0.4442 0.0457 0.0740
3 0.0904 0.5894 0.0468 0.0895
3 0.9082 0.3904 0.0332 0.0648
1 0.6229 0.8478 0.0252 0.0840
2 0.5548 0.2007 0.0506 0.0532
1 0.8751 0.9600 0.0520 0.0801
2 0.2080 0.3273 0.0383 0.0775
1 0.5512 0.7490 0.0603 0.0866
2 0.0824 0.2389 0.0360 0.0602
3 0.8253 0.3710 0.0512 0.0680
2 0.1327 0.3147 0.0419 0.0708
1 0.7276 0.8629 0.0548 0.0945
3 0.0507 0.6432 0.0311 0.0876
3 0.9647 0.5208 0.0230 0.0631
2 0.6140 0.2705 0.0244 0.0660
1 0.9109 0.7945 0.0479 0.0846
3 0.5540 0.4509 0.0553 0.0740
2 0.2362 0.5357 0.0356 0.0785
1 0.6512 0.8516 0.0277 0.0810
3 0.1987 0.8634 0.0395 0.1036
2 0.8527 0.2156 0.0448 0.0667
2 0.8626 0.3237 0.0444 0.0699
2 0.9093 0.1781 0.0240 0.0623
3 0.9301 0.3979 0.0256 0.0678
2 0.4649 0.2445 0.0248 0.0549
1 0.7874 0.7076 0.0342 0.0786
3 0.0152 0.7793 0.0219 0.0808
3 0.4961 0.5091 0.0564 0.0798
2 0.2514 0.3981 0.0370 0.0839
2 0.7845 0.3048 0.0330 0.0787
1 0.6523 0.9451 0.0288 0.0905
3 0.8767 0.4438 0.0483 0.0731
3 0.2790 0.8716 0.0638 0.1105
3 0.9127 0.4528 0.0265 0.0746
2 0.0376 0.3582 0.0372 0.0651
3 0.7409 0.4142 0.0288 0.0685
3 0.2944 0.6982 0.0567 0.0923
3 0.7727 0.4850 0.0276 0.0707
2 0.4675 0.1812 0.0220 0.0549
1 0.5960 0.9344 0.0269 0.0900
1 0.9516 0.9449 0.0257 0.0820
3 0.9727 0.5854 0.0250 0.0746
3 0.3945 0.6384 0.0280 0.0807
2 0.7489 0.1356 0.0291 0.0686
3 0.0629 0.8179 0.0334 0.1037
2 0.4137 0.2970 0.0261 0.0699
2 0.2257 0.3926 0.0355 0.0867
2 0.2936 0.2765 0.0400 0.0592
3 0.7494 0.5491 0.0249 0.0739
3 0.3368 0.8904 0.0630 0.1136
1 0.9895 0.8529 0.0146 0.0747
1 0.7923 0.7851 0.0321 0.0924
3 0.0054 0.6955 0.0108 0.0709
2 0.7464 0.0798 0.0276 0.0648
2 0.0910 0.3694 0.0399 0.0886
1 0.9515 0.8686 0.0290 0.0854
3 0.7105 0.5449 0.0504 0.0805
1 0.9026 0.7182 0.0526 0.0843
3 0.6724 0.5359 0.0292 0.0725
3 0.3529 0.6294 0.0585 0.0807
3 0.5934 0.4554 0.0214 0.0661
3 0.7053 0.4109 0.0472 0.0668
2 0.2102 0.5279 0.0334 0.0865
1 0.9463 0.7931 0.0295 0.0832
2 0.2579 0.3326 0.0382 0.0817
1 0.5509 0.8378 0.0598 0.0938
1 0.6495 0.7630 0.0260 0.0766
2 0.7005 0.2845 0.0467 0.0629
1 0.5951 0.8412 0.0284 0.0848
2 0.5033 0.2481 0.0500 0.0580
3 0.2430 0.6887 0.0271 0.0851
3 0.5007 0.3070 0.0533 0.0715
3 0.3595 0.5584 0.0550 0.0759
2 0.1126 0.2425 0.0377 0.0626
2 0.1901 0.2606 0.0341 0.0746
1 0.6457 0.6077 0.0280 0.0711
2 0.4279 0.4981 0.0268 0.0817
1 0.4437 0.8141 0.0322 0.0922
2 0.5556 0.1428 0.0493 0.0570
2 0.4073 0.4258 0.0303 0.0754
3 0.8002 0.4882 0.0308 0.0743
3 0.7077 0.4711 0.0475 0.0691
3 0.6155 0.3964 0.0238 0.0607
3 0.6659 0.3365 0.0276 0.0584
2 0.7226 0.0733 0.0259 0.0647
1 0.5523 0.6704 0.0579 0.0835
1 0.8564 0.7187 0.0544 0.0809
3 0.7632 0.3576 0.0285 0.0671
3 0.5548 0.3182 0.0534 0.0674
3 0.4623 0.3023 0.0255 0.0720
1 0.6774 0.6887 0.0297 0.0815
3 0.0838 0.6599 0.0466 0.0914
2 0.7290 0.1844 0.0268 0.0590
3 0.7678 0.4241 0.0281 0.0728
2 0.3237 0.3443 0.0529 0.0684
2 0.9206 0.1198 0.0246 0.0552
2 0.2860 0.3297 0.0364 0.0784
3 0.6708 0.4657 0.0274 0.0682
2 0.6926 0.1165 0.0428 0.0635
1 0.6748 0.6117 0.0299 0.0712
3 0.4909 0.7376 0.0614 0.0874
3 0.4476 0.7304 0.0291 0.0874
3 0.2298 0.6065 0.0404 0.0841
1 0.8301 0.8718 0.0339 0.0962
2 0.6362 0.2176 0.0273 0.0656
3 0.1089 0.6625 0.0375 0.0989
3 0.0974 0.7454 0.0337 0.0871
1 0.9171 0.8745 0.0475 0.0879
3 0.0092 0.6227 0.0184 0.0722
2 0.7324 0.2375 0.0253 0.0600
2 0.0752 0.3015 0.0381 0.0649
3 0.8834 0.5065 0.0489 0.0740
3 0.1634 0.6741 0.0373 0.1022
1 0.5501 0.9295 0.0617 0.1025
1 0.8227 0.7882 0.0323 0.0921
3 0.8302 0.4333 0.0511 0.0669
1 0.7230 0.7721 0.0535 0.0828
2 0.9451 0.3440 0.0246 0.0552
2 0.1402 0.2515 0.0403 0.0664
2 0.4040 0.4942 0.0294 0.0765
2 0.6373 0.2753 0.0280 0.0670
2 0.3182 0.4107 0.0527 0.0715
1 0.9341 0.6498 0.0350 0.0817
3 0.2415 0.7769 0.0395 0.1005
2 0.1657 0.4550 0.0370 0.0819
1 0.5941 0.5990 0.0230 0.0695
1 0.8163 0.7105 0.0364 0.0859
1 0.6206 0.6798 0.0239 0.0718
2 0.8208 0.3115 0.0500 0.0762
2 0.6909 0.0634 0.0428 0.0635
2 0.8954 0.2731 0.0368 0.0576
3 0.4186 0.7238 0.0292 0.0786
2 0.6570 0.0562 0.0246 0.0552
2 0.0638 0.3635 0.0410 0.0758
1 0.7682 0.8652 0.0334 0.0979
1 0.9734 0.9377 0.0212 0.0747
3 0.4513 0.5752 0.0270 0.0798
3 0.0194 0.7095 0.0236 0.0827
3 0.0359 0.5638 0.0297 0.0828
3 0.3903 0.7189 0.0304 0.0884
1 0.9869 0.7870 0.0170 0.0734
3 0.4224 0.6452 0.0281 0.0807
1 0.5531 0.5945 0.0565 0.0775
3 0.9472 0.5208 0.0255 0.0788
2 0.1317 0.5178 0.0364 0.0890
2 0.6975 0.2288 0.0451 0.0677
2 0.8045 0.1009 0.0482 0.0638
3 0.1807 0.7646 0.0381 0.1084
2 0.5066 0.1337 0.0503 0.0549
2 0.5922 0.2669 0.0245 0.0616
2 0.9385 0.2864 0.0246 0.0552
2 0.9010 0.3309 0.0347 0.0553
2 0.4357 0.3626 0.0288 0.0738
3 0.1469 0.5903 0.0297 0.0822
2 0.0288 0.4206 0.0360 0.0651
2 0.4255 0.5720 0.0300 0.0829
1 0.4863 0.9169 0.0641 0.1080
3 0.3004 0.6192 0.0562 0.0861
2 0.2151 0.2646 0.0369 0.0633
3 0.2187 0.6855 0.0391 0.0985
1 0.8957 0.6457 0.0511 0.0840
3 0.4618 0.3642 0.0234 0.0716
3 0.2084 0.7706 0.0374 0.1061
1 0.8690 0.8753 0.0534 0.0944
3 0.3800 0.8995 0.0317 0.1031
3 0.1699 0.8540 0.0370 0.1101
2 0.7559 0.2432 0.0308 0.0705
3 0.5925 0.3257 0.0200 0.0612
2 0.8169 0.2534 0.0500 0.0653
2 0.2802 0.3978 0.0387 0.0902
3 0.2576 0.6899 0.0246 0.0998
1 0.6236 0.9472 0.0269 0.0900
2 0.1746 0.3829 0.0407 0.0752
3 0.0379 0.7951 0.0287 0.0924
2 0.5916 0.1462 0.0220 0.0549
1 0.9403 0.7205 0.0347 0.0837
3 0.8053 0.5620 0.0327 0.0757
2 0.5917 0.2068 0.0240 0.0622
3 0.0435 0.7167 0.0339 0.0943
3 0.2331 0.8667 0.0461 0.1059
3 0.9501 0.3963 0.0256 0.0710
2 0.9129 0.2316 0.0251 0.0623
1 0.5946 0.7542 0.0256 0.0752
3 0.1415 0.8468 0.0365 0.1128
1 0.8627 0.7932 0.0538 0.0893
3 0.7895 0.3602 0.0300 0.0739
3 0.1207 0.5852 0.0320 0.0825
3 0.6393 0.3332 0.0232 0.0653
2 0.6950 0.1764 0.0423 0.0620
2 0.0573 0.2353 0.0389 0.0651
1 0.5943 0.6753 0.0247 0.0749
3 0.9357 0.4532 0.0269 0.0742
2 0.5042 0.1907 0.0503 0.0549
3 0.1737 0.5965 0.0329 0.0800
3 0.1233 0.7573 0.0369 0.0944
2 0.8834 0.1686 0.0379 0.0698
2 0.6137 0.2095 0.0220 0.0549
3 0.6409 0.3952 0.0265 0.0659
2 0.6647 0.2769 0.0299 0.0597
2 0.1562 0.5224 0.0348 0.0820
2 0.8584 0.2688 0.0483 0.0683
3 0.6167 0.4601 0.0266 0.0659
2 0.3772 0.2909 0.0493 0.0570
3 0.6443 0.5326 0.0259 0.0677
3 0.4989 0.4390 0.0560 0.0784
1 0.6858 0.9485 0.0337 0.0941
2 0.7745 0.1371 0.0350 0.0751
1 0.9803 0.7200 0.0255 0.0818
3 0.5930 0.3909 0.0207 0.0634
3 0.2658 0.5431 0.0370 0.0771
2 0.1408 0.4473 0.0351 0.0800
2 0.6593 0.1122 0.0246 0.0552
2 0.8117 0.2024 0.0469 0.0659
1 0.9653 0.7210 0.0213 0.0873
1 0.9589 0.6514 0.0221 0.0813
3 0.4097 0.9020 0.0303 0.0948
3 0.1999 0.6039 0.0369 0.0975
1 0.9761 0.6523 0.0258 0.0768
3 0.5543 0.3818 0.0534 0.0674
3 0.3434 0.7983 0.0598 0.0963
2 0.0447 0.4966 0.0375 0.0956
1 0.6829 0.8538 0.0332 0.0883
1 0.7749 0.9559 0.0313 0.0882
2 0.9012 0.1210 0.0201 0.0552
3 0.4131 0.8103 0.0299 0.0890
2 0.7599 0.2985 0.0292 0.0598
1 0.8501 0.6377 0.0546 0.0822
