2 0.4469 0.3658 0.0664 0.0767
3 0.7489 0.7921 0.0398 0.0910
3 0.2245 0.7196 0.0783 0.0884
3 0.3877 0.7133 0.0376 0.0835
2 0.7485 0.1450 0.0223 0.0988
2 0.2446 0.3890 0.0735 0.0774
2 0.7786 0.2355 0.0276 0.0944
2 0.8075 0.2039 0.0337 0.0813
2 0.0705 0.7227 0.0353 0.0952
2 0.2403 0.4709 0.0747 0.0789
2 0.4441 0.9307 0.0758 0.1323
2 0.1703 0.4715 0.0703 0.0818
3 0.6919 0.7955 0.0758 0.0998
3 0.9085 0.7736 0.0677 0.0913
2 0.0442 0.5544 0.0618 0.0810
2 0.6014 0.4438 0.0802 0.0826
3 0.0639 0.8087 0.0282 0.0803
2 0.0244 0.8900 0.0420 0.0977
2 0.0776 0.6394 0.0368 0.0893
2 0.9413 0.1316 0.0447 0.0634
2 0.2294 0.6347 0.0751 0.0763
2 0.0597 0.9091 0.0286 0.1124
3 0.8241 0.7838 0.0398 0.1010
2 0.9695 0.4218 0.0390 0.0772
2 0.3054 0.9240 0.0423 0.1243
3 0.9458 0.5867 0.0429 0.0913
2 0.6133 0.9206 0.0859 0.1184
2 0.8940 0.0715 0.0488 0.0782
2 0.9535 0.2741 0.0432 0.0736
3 0.7361 0.6039 0.0386 0.0853
2 0.6022 0.5293 0.0794 0.0798
2 0.6777 0.5228 0.0731 0.0844
3 0.7734 0.5999 0.0350 0.0878
2 0.8562 0.2031 0.0664 0.0800
2 0.7874 0.3506 0.0414 0.0878
2 0.9760 0.4947 0.0383 0.0831
2 0.2672 0.9277 0.0420 0.1324
2 0.7962 0.0649 0.0340 0.0798
2 0.9158 0.2771 0.0491 0.0773
2 0.7680 0.1001 0.0250 0.1080
3 0.9862 0.6691 0.0277 0.0836
2 0.3273 0.3780 0.0361 0.0775
2 0.2357 0.5489 0.0739 0.0766
3 0.6872 0.7006 0.0733 0.0904
2 0.4450 0.5322 0.0730 0.0773
3 0.6059 0.6168 0.0809 0.0825
3 0.6825 0.6099 0.0734 0.0846
3 0.1505 0.7257 0.0739 0.0812
3 0.4432 0.8089 0.0740 0.0886
2 0.4461 0.6211 0.0705 0.0817
2 0.1576 0.6369 0.0700 0.0763
2 0.1082 0.6390 0.0404 0.0875
2 0.0851 0.5541 0.0370 0.0877
3 0.2739 0.8128 0.0349 0.0891
2 0.6947 0.9088 0.0753 0.1229
2 0.9650 0.8619 0.0381 0.1120
2 0.3933 0.4510 0.0336 0.0788
2 0.3586 0.4547 0.0321 0.0812
2 0.8009 0.5133 0.0399 0.0826
2 0.9233 0.3510 0.0492 0.0839
2 0.3185 0.6270 0.0364 0.0829
3 0.7869 0.7845 0.0366 0.1001
3 0.8153 0.6884 0.0377 0.0931
2 0.9449 0.2010 0.0411 0.0861
2 0.8020 0.1394 0.0340 0.0798
2 0.3212 0.5374 0.0379 0.0813
3 0.3112 0.8126 0.0394 0.0870
2 0.0363 0.6370 0.0602 0.0831
2 0.9323 0.0685 0.0447 0.0634
3 0.5246 0.8067 0.0817 0.0859
2 0.5206 0.4486 0.0755 0.0766
2 0.0109 0.5574 0.0214 0.0764
2 0.8231 0.3534 0.0386 0.0837
3 0.3484 0.8106 0.0324 0.0899
3 0.9011 0.6821 0.0693 0.0934
2 0.9602 0.7597 0.0391 0.0858
2 0.3603 0.3749 0.0336 0.0783
2 0.3542 0.6224 0.0342 0.0792
3 0.8616 0.7752 0.0365 0.0987
2 0.9608 0.3486 0.0409 0.0810
3 0.4444 0.7130 0.0721 0.0873
2 0.3837 0.9281 0.0411 0.1314
2 0.7654 0.5151 0.0346 0.0834
3 0.3148 0.7169 0.0382 0.0843
2 0.9174 0.8776 0.0622 0.1240
2 0.5208 0.3655 0.0722 0.0797
2 0.9554 0.6729 0.0448 0.0922
2 0.0929 0.4765 0.0385 0.0836
3 0.7432 0.6938 0.0363 0.0962
2 0.2876 0.5411 0.0336 0.0859
2 0.3946 0.3722 0.0354 0.0715
2 0.5221 0.6228 0.0786 0.0836
2 0.6736 0.4370 0.0716 0.0800
2 0.3439 0.9266 0.0378 0.1314
2 0.2092 0.9328 0.0835 0.1344
2 0.7723 0.1678 0.0232 0.1061
2 0.0173 0.4097 0.0345 0.0736
2 0.8383 0.5128 0.0396 0.0897
2 0.4462 0.4484 0.0696 0.0745
2 0.7250 0.4331 0.0368 0.0885
2 0.7548 0.3546 0.0373 0.0840
2 0.1344 0.9316 0.0751 0.1073
3 0.7788 0.6919 0.0348 0.0926
3 0.2780 0.7182 0.0351 0.0851
3 0.0272 0.8069 0.0453 0.0738
2 0.0142 0.4807 0.0283 0.0736
2 0.2845 0.6300 0.0334 0.0815
2 0.5981 0.3600 0.0734 0.0785
2 0.7553 0.9049 0.0399 0.1315
2 0.8294 0.4330 0.0360 0.0893
2 0.9904 0.8445 0.0192 0.1120
2 0.3247 0.4559 0.0368 0.0827
3 0.8446 0.5962 0.0335 0.0889
2 0.2948 0.3824 0.0330 0.0786
2 0.7225 0.3559 0.0400 0.0848
2 0.7777 0.2800 0.0276 0.0567
2 0.8486 0.1336 0.0709 0.0894
2 0.7540 0.2768 0.0176 0.0950
2 0.8428 0.0699 0.0665 0.0760
3 0.9830 0.5825 0.0340 0.0877
2 0.8869 0.5084 0.0704 0.0864
3 0.2177 0.8114 0.0804 0.0941
2 0.7919 0.9041 0.0373 0.1338
3 0.6086 0.7090 0.0803 0.0856
2 0.7594 0.4321 0.0355 0.0912
3 0.8531 0.6852 0.0371 0.0957
2 0.7292 0.5174 0.0345 0.0825
3 0.5245 0.7124 0.0793 0.0782
2 0.9394 0.5053 0.0454 0.0856
2 0.1177 0.5515 0.0374 0.0878
2 0.2913 0.4582 0.0340 0.0856
2 0.0872 0.9186 0.0305 0.1219
2 0.7927 0.4326 0.0370 0.0846
2 0.8996 0.1335 0.0489 0.0874
2 0.0332 0.7206 0.0532 0.0854
2 0.0502 0.4769 0.0662 0.0799
2 0.5214 0.5334 0.0769 0.0797
2 0.6701 0.3526 0.0684 0.0783
3 0.9889 0.7496 0.0221 0.0831
2 0.8794 0.4289 0.0705 0.0821
2 0.1648 0.5541 0.0698 0.0786
2 0.8712 0.3532 0.0721 0.0822
2 0.5287 0.9355 0.0852 0.1168
2 0.9072 0.2001 0.0492 0.0933
2 0.0600 0.4043 0.0662 0.0736
2 0.1297 0.3977 0.0348 0.0815
2 0.8622 0.2767 0.0695 0.0767
2 0.3912 0.5329 0.0373 0.0812
2 0.1760 0.3969 0.0676 0.0762
2 0.8308 0.8946 0.0483 0.1289
3 0.3509 0.7152 0.0360 0.0855
2 0.1005 0.4037 0.0341 0.0678
3 0.1017 0.7188 0.0365 0.0914
3 0.6116 0.8052 0.0823 0.0892
2 0.1233 0.4720 0.0379 0.0876
3 0.1421 0.8178 0.0735 0.0867
2 0.8698 0.8862 0.0436 0.1254
3 0.0938 0.8094 0.0346 0.0934
2 0.3906 0.6219 0.0354 0.0770
2 0.8149 0.2775 0.0365 0.0793
2 0.3570 0.5374 0.0341 0.0775
2 0.9313 0.4257 0.0494 0.0808
2 0.7528 0.2202 0.0220 0.0988
3 0.3858 0.8106 0.0375 0.0908
3 0.8940 0.5939 0.0696 0.0814
3 0.8075 0.5978 0.0395 0.0842
