2 0.3138 0.3928 0.0521 0.0702
2 0.9333 0.2279 0.0223 0.0674
3 0.2774 0.8519 0.0609 0.1099
2 0.7378 0.4700 0.0271 0.0748
3 0.4885 0.5966 0.0582 0.0971
2 0.6324 0.2963 0.0258 0.0756
3 0.7087 0.6344 0.0509 0.0966
3 0.6435 0.8172 0.0274 0.0996
3 0.7892 0.9365 0.0308 0.1031
3 0.7534 0.7400 0.0313 0.0969
3 0.1007 0.7013 0.0314 0.1010
2 0.6643 0.4587 0.0286 0.0754
2 0.7320 0.3189 0.0336 0.0805
3 0.9034 0.8462 0.0450 0.0891
3 0.9385 0.8374 0.0278 0.0890
2 0.5866 0.4478 0.0254 0.0814
3 0.1548 0.7157 0.0396 0.0991
2 0.5849 0.2155 0.0261 0.0704
2 0.7844 0.3295 0.0309 0.0915
2 0.5859 0.3667 0.0246 0.0757
3 0.7505 0.6450 0.0299 0.0947
2 0.8155 0.2633 0.0474 0.0756
2 0.8654 0.3458 0.0493 0.0769
2 0.7795 0.2605 0.0309 0.0826
2 0.1156 0.3553 0.0335 0.0660
2 0.5858 0.2898 0.0253 0.0705
3 0.9283 0.6666 0.0326 0.0844
3 0.9417 0.9219 0.0231 0.0856
2 0.3566 0.4877 0.0548 0.0842
2 0.6963 0.3093 0.0482 0.0706
2 0.3065 0.4772 0.0553 0.0829
2 0.1934 0.3707 0.0335 0.0702
3 0.7640 0.9336 0.0289 0.1019
2 0.9143 0.5038 0.0344 0.0666
3 0.4843 0.7949 0.0613 0.1081
2 0.4497 0.4991 0.0281 0.0856
3 0.8915 0.6670 0.0493 0.0804
3 0.2857 0.7441 0.0581 0.1140
2 0.9320 0.4350 0.0252 0.0869
2 0.2078 0.4561 0.0344 0.0902
3 0.4469 0.5860 0.0263 0.0912
2 0.8516 0.2063 0.0488 0.0718
3 0.8048 0.6485 0.0306 0.0993
2 0.9021 0.3596 0.0326 0.0683
3 0.4432 0.6824 0.0261 0.0885
2 0.8890 0.2180 0.0344 0.0629
2 0.3470 0.6637 0.0530 0.1010
2 0.4208 0.5873 0.0280 0.0904
2 0.6307 0.2251 0.0248 0.0743
2 0.0653 0.5046 0.0400 0.0973
2 0.4576 0.1877 0.0256 0.0720
3 0.5895 0.7097 0.0256 0.0915
2 0.6082 0.2947 0.0262 0.0716
3 0.2011 0.8387 0.0443 0.1050
3 0.6744 0.8220 0.0304 0.1033
3 0.5469 0.6084 0.0571 0.0930
2 0.7488 0.1800 0.0321 0.0852
3 0.7875 0.8349 0.0327 0.1190
2 0.1353 0.6243 0.0335 0.0943
3 0.6381 0.5407 0.0245 0.0740
3 0.5447 0.9119 0.0591 0.1150
3 0.3836 0.7709 0.0255 0.0936
2 0.4901 0.5097 0.0573 0.0829
3 0.6698 0.6285 0.0281 0.0899
3 0.4831 0.8957 0.0622 0.1073
2 0.4160 0.6747 0.0302 0.0956
3 0.1723 0.8253 0.0360 0.1222
2 0.6338 0.3736 0.0260 0.0834
3 0.8213 0.9380 0.0327 0.1059
3 0.7774 0.6417 0.0315 0.0975
2 0.0950 0.5175 0.0384 0.0954
2 0.4230 0.4960 0.0277 0.0943
2 0.2355 0.4595 0.0377 0.1006
2 0.8311 0.4881 0.0520 0.0821
3 0.0393 0.7641 0.0254 0.1040
3 0.6128 0.5433 0.0228 0.0727
3 0.5466 0.7019 0.0582 0.1074
3 0.5897 0.9181 0.0280 0.1008
2 0.0246 0.6600 0.0248 0.0872
3 0.1437 0.8207 0.0384 0.1255
3 0.7593 0.8310 0.0327 0.1139
2 0.7927 0.4802 0.0312 0.0806
2 0.0738 0.6983 0.0401 0.0996
3 0.6398 0.6243 0.0267 0.0940
3 0.5472 0.5222 0.0547 0.0820
3 0.9596 0.9105 0.0158 0.0910
2 0.1758 0.5386 0.0330 0.0965
2 0.6563 0.2375 0.0292 0.0760
2 0.5470 0.3614 0.0525 0.0661
2 0.1689 0.3657 0.0335 0.0702
2 0.6114 0.4566 0.0247 0.0772
2 0.2732 0.3815 0.0335 0.0702
3 0.5893 0.6150 0.0236 0.0897
2 0.5847 0.1471 0.0249 0.0708
3 0.2073 0.7342 0.0423 0.1153
2 0.4593 0.1152 0.0256 0.0720
2 0.4560 0.2589 0.0256 0.0818
3 0.8848 0.5805 0.0492 0.0813
2 0.0296 0.5884 0.0302 0.0984
2 0.9576 0.5125 0.0223 0.0704
2 0.2947 0.6570 0.0514 0.0975
2 0.4913 0.4250 0.0524 0.0857
3 0.6766 0.9295 0.0283 0.1059
2 0.7740 0.1851 0.0330 0.0842
2 0.0381 0.5009 0.0357 0.1036
2 0.0459 0.4226 0.0335 0.0946
2 0.7617 0.4055 0.0300 0.0839
2 0.7247 0.1732 0.0274 0.0729
2 0.1898 0.6355 0.0330 0.0992
3 0.4110 0.7773 0.0290 0.0952
2 0.4934 0.2705 0.0525 0.0690
3 0.4418 0.7803 0.0298 0.0984
2 0.0654 0.7902 0.0339 0.1057
2 0.2202 0.3707 0.0335 0.0702
2 0.8816 0.1471 0.0314 0.0663
2 0.8782 0.4981 0.0510 0.0859
2 0.5481 0.2036 0.0498 0.0637
3 0.3356 0.8582 0.0569 0.1062
2 0.6611 0.3816 0.0322 0.0820
2 0.6897 0.0993 0.0451 0.0694
3 0.9226 0.5912 0.0330 0.0753
2 0.1014 0.4389 0.0462 0.0835
2 0.9384 0.5090 0.0233 0.0675
2 0.0457 0.6771 0.0287 0.0917
3 0.9344 0.7509 0.0286 0.0804
3 0.4868 0.6953 0.0594 0.1040
2 0.7011 0.4639 0.0481 0.0758
3 0.5455 0.8024 0.0597 0.1005
2 0.0545 0.5942 0.0368 0.0914
2 0.1324 0.4415 0.0380 0.0975
3 0.6413 0.7193 0.0266 0.0919
2 0.2294 0.5508 0.0364 0.1064
2 0.6093 0.3725 0.0260 0.0781
2 0.0722 0.4262 0.0381 0.0849
2 0.6074 0.1476 0.0249 0.0725
3 0.6726 0.7201 0.0290 0.0961
3 0.5896 0.8093 0.0241 0.1018
2 0.1476 0.5325 0.0373 0.1031
3 0.9607 0.8225 0.0190 0.0836
2 0.9078 0.1569 0.0241 0.0660
2 0.1434 0.3574 0.0335 0.0660
3 0.3784 0.8693 0.0311 0.0939
3 0.9434 0.5839 0.0235 0.0835
2 0.1112 0.6111 0.0335 0.0943
2 0.0568 0.3440 0.0335 0.0660
3 0.6455 0.9264 0.0285 0.1022
2 0.5475 0.4413 0.0536 0.0724
2 0.7217 0.1003 0.0264 0.0687
2 0.8583 0.2787 0.0454 0.0612
3 0.7204 0.9327 0.0558 0.1087
2 0.9257 0.3630 0.0255 0.0772
2 0.7459 0.1078 0.0264 0.0687
2 0.9083 0.4340 0.0329 0.0739
3 0.6670 0.5391 0.0285 0.0852
3 0.8002 0.5618 0.0309 0.1016
3 0.9491 0.6638 0.0237 0.0871
3 0.7823 0.7395 0.0325 0.1124
3 0.9556 0.7422 0.0218 0.0797
3 0.8449 0.6609 0.0541 0.0904
3 0.9750 0.8168 0.0163 0.0797
2 0.0166 0.4949 0.0188 0.0876
2 0.2465 0.3738 0.0335 0.0702
3 0.0904 0.7966 0.0291 0.1032
2 0.6589 0.3087 0.0316 0.0672
3 0.9753 0.8925 0.0159 0.0732
3 0.9075 0.9448 0.0432 0.0987
2 0.8044 0.1290 0.0461 0.0769
3 0.7136 0.7274 0.0520 0.1021
2 0.0859 0.3487 0.0335 0.0660
2 0.6075 0.2196 0.0249 0.0725
3 0.5887 0.5314 0.0222 0.0722
3 0.6136 0.6205 0.0239 0.0919
2 0.6992 0.3864 0.0483 0.0787
3 0.8637 0.9472 0.0517 0.1055
2 0.3921 0.5772 0.0305 0.0895
3 0.6180 0.9224 0.0280 0.1009
2 0.4968 0.1250 0.0540 0.0710
3 0.1254 0.7122 0.0428 0.1003
2 0.2590 0.5542 0.0399 0.1029
3 0.6151 0.7172 0.0244 0.0885
2 0.2498 0.6455 0.0392 0.0933
2 0.7893 0.4056 0.0368 0.0852
3 0.7170 0.8305 0.0529 0.1092
2 0.6352 0.4565 0.0278 0.0834
3 0.6162 0.8176 0.0244 0.0970
2 0.4923 0.3433 0.0552 0.0778
2 0.5479 0.2816 0.0514 0.0643
2 0.2164 0.6444 0.0402 0.1036
2 0.4544 0.3415 0.0256 0.0818
2 0.8205 0.3387 0.0482 0.0783
2 0.7544 0.2518 0.0280 0.0846
3 0.8180 0.8398 0.0345 0.1150
3 0.1141 0.8115 0.0359 0.1008
2 0.8471 0.1330 0.0438 0.0718
3 0.1794 0.7250 0.0393 0.1145
3 0.9623 0.5838 0.0215 0.0828
2 0.6931 0.2397 0.0469 0.0741
2 0.9463 0.3539 0.0235 0.0850
3 0.0191 0.7448 0.0212 0.0859
2 0.9283 0.1587 0.0223 0.0674
2 0.6302 0.1518 0.0249 0.0726
3 0.8578 0.8438 0.0533 0.0973
3 0.8391 0.5677 0.0513 0.0924
2 0.7710 0.1146 0.0264 0.0687
2 0.9128 0.2246 0.0241 0.0660
2 0.8263 0.4107 0.0512 0.0896
2 0.2022 0.5417 0.0310 0.0971
2 0.3879 0.6723 0.0327 0.0934
2 0.9513 0.4374 0.0247 0.0752
2 0.4523 0.4192 0.0253 0.0828
2 0.1243 0.5264 0.0343 0.0999
2 0.7590 0.3239 0.0287 0.0864
2 0.9198 0.2934 0.0223 0.0674
2 0.1643 0.6264 0.0426 0.0880
2 0.8967 0.2885 0.0322 0.0648
2 0.3525 0.5762 0.0568 0.0857
3 0.7444 0.5548 0.0273 0.0951
2 0.8096 0.1959 0.0451 0.0701
2 0.1827 0.4539 0.0391 0.0940
2 0.3966 0.4929 0.0307 0.0874
3 0.3410 0.7571 0.0602 0.1080
2 0.0105 0.5949 0.0081 0.0820
2 0.6551 0.1588 0.0249 0.0725
3 0.7718 0.5563 0.0295 0.0950
3 0.9676 0.6625 0.0229 0.0806
3 0.2355 0.8463 0.0440 0.1051
2 0.0845 0.6053 0.0367 0.0977
2 0.6918 0.1685 0.0452 0.0694
2 0.8710 0.4216 0.0490 0.0785
2 0.0336 0.3313 0.0270 0.0693
2 0.3010 0.5641 0.0523 0.0867
2 0.2694 0.4663 0.0367 0.0879
2 0.1587 0.4471 0.0332 0.0921
3 0.4074 0.8778 0.0309 0.0998
2 0.5487 0.1358 0.0500 0.0597
3 0.8114 0.7400 0.0335 0.1142
2 0.4951 0.1961 0.0540 0.0710
3 0.2429 0.7394 0.0381 0.1173
2 0.9370 0.2969 0.0223 0.0674
3 0.8511 0.7496 0.0534 0.0924
2 0.7677 0.4699 0.0275 0.0686
3 0.4368 0.8855 0.0289 0.1050
3 0.7052 0.5461 0.0501 0.0898
2 0.0243 0.4096 0.0221 0.0693
2 0.7286 0.2470 0.0351 0.0835
3 0.9730 0.7393 0.0202 0.0841
2 0.7346 0.3931 0.0340 0.0907
3 0.8974 0.7525 0.0473 0.0851
