3 0.0358 0.9754 0.0380 0.0239
3 0.0356 0.8818 0.0435 0.0244
3 0.0082 0.9513 0.0164 0.0231
2 0.1527 0.4033 0.1029 0.0416
2 0.3462 0.4022 0.1408 0.0423
2 0.4663 0.4020 0.0993 0.0412
2 0.5894 0.4024 0.1481 0.0426
2 0.8242 0.4008 0.1024 0.0423
2 0.8224 0.4436 0.1035 0.0419
2 0.8209 0.4845 0.1042 0.0412
2 0.8173 0.5256 0.1066 0.0405
2 0.8160 0.5658 0.1042 0.0391
2 0.8139 0.6068 0.1059 0.0416
2 0.7086 0.6063 0.1120 0.0427
2 0.7092 0.5249 0.1132 0.0412
2 0.7128 0.4848 0.1156 0.0412
2 0.7149 0.4434 0.1125 0.0402
2 0.5855 0.4846 0.1475 0.0423
2 0.5834 0.5255 0.1457 0.0402
2 0.5828 0.5668 0.1481 0.0420
2 0.4654 0.4438 0.1011 0.0402
2 0.4633 0.4842 0.1005 0.0423
2 0.4636 0.5260 0.0999 0.0384
2 0.4612 0.6061 0.0975 0.0387
2 0.3456 0.4434 0.1384 0.0394
2 0.2381 0.4452 0.0753 0.0402
2 0.1484 0.4862 0.0993 0.0412
2 0.2366 0.4857 0.0771 0.0430
2 0.3456 0.4857 0.1373 0.0430
2 0.3450 0.5667 0.1397 0.0409
2 0.3423 0.6072 0.1354 0.0380
2 0.2354 0.5663 0.0782 0.0387
2 0.1487 0.5274 0.0987 0.0412
2 0.1475 0.5672 0.1011 0.0405
2 0.2366 0.6075 0.0771 0.0408
2 0.1478 0.6081 0.1018 0.0412
2 0.1487 0.6475 0.0987 0.0384
2 0.1478 0.7274 0.0957 0.0412
2 0.2342 0.7269 0.0771 0.0409
2 0.2336 0.6864 0.0782 0.0402
2 0.3435 0.6471 0.1378 0.0420
2 0.4600 0.6466 0.1011 0.0423
2 0.5804 0.6466 0.1469 0.0409
2 0.8124 0.6471 0.1053 0.0384
2 0.8113 0.6876 0.1066 0.0399
2 0.7047 0.6874 0.1126 0.0395
3 0.8049 0.8878 0.1035 0.0402
3 0.4573 0.8064 0.0957 0.0388
2 0.7047 0.7661 0.1090 0.0391
2 0.5789 0.7272 0.1439 0.0409
2 0.4588 0.6880 0.0999 0.0398
2 0.3417 0.6871 0.1379 0.0387
2 0.3426 0.7274 0.1373 0.0412
2 0.4579 0.7283 0.0969 0.0416
2 0.7038 0.7276 0.1108 0.0395
2 0.8106 0.7272 0.1054 0.0409
2 0.1466 0.7677 0.0969 0.0402
2 0.2339 0.7666 0.0776 0.0402
2 0.3405 0.7668 0.1367 0.0384
2 0.4555 0.7666 0.0969 0.0409
2 0.5771 0.7666 0.1463 0.0395
2 0.8085 0.7673 0.1048 0.0387
3 0.1482 0.8075 0.0963 0.0409
3 0.2348 0.8077 0.0758 0.0420
3 0.3405 0.8077 0.1367 0.0412
3 0.5780 0.8068 0.1457 0.0402
3 0.7038 0.8062 0.1084 0.0412
3 0.8079 0.8064 0.1024 0.0388
3 0.8067 0.8471 0.0999 0.0384
3 0.8046 0.9279 0.1041 0.0380
3 0.8046 0.9666 0.0993 0.0380
3 0.6999 0.9664 0.1102 0.0377
3 0.6984 0.9279 0.1084 0.0409
3 0.7002 0.8874 0.1108 0.0394
3 0.7008 0.8476 0.1120 0.0395
3 0.5741 0.8478 0.1463 0.0391
3 0.4561 0.8476 0.0945 0.0409
3 0.3405 0.8473 0.1378 0.0409
3 0.2357 0.8476 0.0765 0.0395
3 0.1466 0.8482 0.1005 0.0384
3 0.1470 0.8887 0.0987 0.0405
3 0.2348 0.8887 0.0746 0.0405
3 0.3408 0.8885 0.1384 0.0416
3 0.4567 0.8878 0.0957 0.0395
3 0.5737 0.8876 0.1445 0.0377
3 0.5753 0.9281 0.1414 0.0420
3 0.4561 0.9273 0.0993 0.0398
3 0.3396 0.9277 0.1360 0.0377
3 0.2339 0.9286 0.0741 0.0380
3 0.1463 0.9291 0.0975 0.0377
3 0.1463 0.9682 0.0987 0.0384
3 0.2339 0.9677 0.0765 0.0387
3 0.3417 0.9664 0.1392 0.0369
3 0.4558 0.9669 0.0975 0.0395
3 0.5732 0.9684 0.1421 0.0387
3 0.0074 0.8585 0.0147 0.0222
3 0.0071 0.8813 0.0143 0.0229
3 0.0068 0.9051 0.0125 0.0236
3 0.0076 0.9292 0.0151 0.0231
3 0.0352 0.8583 0.0418 0.0236
3 0.0345 0.9053 0.0439 0.0236
3 0.0354 0.9297 0.0422 0.0236
3 0.0352 0.9522 0.0368 0.0234
3 0.0369 0.9938 0.0368 0.0124
3 0.0088 0.9937 0.0176 0.0127
3 0.0088 0.9759 0.0176 0.0249
2 0.1503 0.4454 0.1018 0.0412
2 0.1457 0.6880 0.0999 0.0405
2 0.5774 0.6876 0.1469 0.0398
2 0.2348 0.6471 0.0771 0.0405
2 0.7068 0.6464 0.1144 0.0398
2 0.2375 0.5255 0.0801 0.0402
2 0.3441 0.5267 0.1391 0.0405
2 0.5873 0.4438 0.1475 0.0395
2 0.5807 0.6064 0.1487 0.0373
2 0.4624 0.5661 0.0975 0.0412
2 0.7089 0.5649 0.1114 0.0380
2 0.7176 0.4018 0.1108 0.0423
2 0.2393 0.4036 0.0789 0.0430
