3 0.9489 0.3133 0.0294 0.0654
3 0.5912 0.6700 0.0368 0.0654
3 0.2622 0.4980 0.0331 0.0596
3 0.3626 0.8907 0.0351 0.0668
3 0.5151 0.2695 0.0334 0.0669
3 0.4773 0.6859 0.0355 0.0583
3 0.1942 0.4997 0.0331 0.0596
3 0.4012 0.8250 0.0355 0.0583
3 0.3680 0.2050 0.0368 0.0654
3 0.4406 0.6200 0.0368 0.0654
3 0.5549 0.8125 0.0368 0.0654
3 0.1273 0.3722 0.0331 0.0596
3 0.1191 0.6998 0.0329 0.0630
3 0.6667 0.4617 0.0368 0.0654
3 0.0874 0.7660 0.0303 0.0659
3 0.3328 0.6150 0.0368 0.0654
3 0.6300 0.1158 0.0368 0.0654
3 0.7076 0.8834 0.0368 0.0654
3 0.8479 0.3800 0.0350 0.0654
3 0.4058 0.2716 0.0368 0.0654
3 0.4776 0.6175 0.0368 0.0654
3 0.1603 0.3014 0.0331 0.0596
3 0.7390 0.5292 0.0368 0.0654
3 0.3332 0.5500 0.0368 0.0654
3 0.1935 0.3014 0.0331 0.0596
3 0.3328 0.2075 0.0368 0.0654
3 0.2277 0.4347 0.0331 0.0596
3 0.3689 0.4817 0.0368 0.0654
3 0.4052 0.1383 0.0368 0.0654
3 0.7396 0.4650 0.0368 0.0654
3 0.8479 0.4482 0.0341 0.0654
3 0.1942 0.5656 0.0331 0.0596
3 0.5924 0.3900 0.0368 0.0654
3 0.2528 0.8354 0.0363 0.0646
3 0.7400 0.6008 0.0368 0.0654
3 0.7021 0.3266 0.0368 0.0654
3 0.7400 0.6717 0.0368 0.0654
3 0.2290 0.2997 0.0331 0.0596
3 0.9509 0.1820 0.0294 0.0654
3 0.6316 0.8800 0.0368 0.0654
3 0.8829 0.3807 0.0350 0.0654
3 0.6660 0.2491 0.0368 0.0654
3 0.7771 0.6711 0.0341 0.0654
3 0.2172 0.9036 0.0374 0.0655
3 0.6300 0.1816 0.0368 0.0654
3 0.2277 0.2330 0.0331 0.0596
3 0.5546 0.3216 0.0368 0.0654
3 0.8483 0.1751 0.0350 0.0654
3 0.4391 0.7567 0.0355 0.0583
3 0.6285 0.3216 0.0368 0.0654
3 0.3269 0.8903 0.0338 0.0625
3 0.5943 0.1125 0.0368 0.0654
3 0.2538 0.7718 0.0361 0.0649
3 0.8134 0.3772 0.0368 0.0654
3 0.1186 0.7654 0.0325 0.0621
3 0.2187 0.8365 0.0360 0.0671
3 0.5158 0.1983 0.0368 0.0654
3 0.5558 0.1133 0.0368 0.0654
3 0.9178 0.3814 0.0350 0.0654
3 0.1171 0.8939 0.0309 0.0574
3 0.8128 0.3105 0.0368 0.0654
3 0.4767 0.4092 0.0368 0.0654
3 0.1273 0.5664 0.0331 0.0596
3 0.9768 0.1161 0.0278 0.0654
3 0.5152 0.4792 0.0368 0.0654
3 0.4037 0.6167 0.0368 0.0654
3 0.2973 0.6189 0.0368 0.0654
3 0.4046 0.2083 0.0368 0.0654
3 0.7049 0.6725 0.0368 0.0654
3 0.1492 0.9008 0.0345 0.0628
3 0.7749 0.6019 0.0326 0.0654
3 0.4409 0.4100 0.0368 0.0654
3 0.9168 0.4503 0.0350 0.0654
3 0.2619 0.6331 0.0331 0.0596
3 0.5549 0.3942 0.0368 0.0654
3 0.8497 0.7100 0.0341 0.0411
3 0.0664 0.1830 0.0282 0.0596
3 0.5152 0.6192 0.0368 0.0654
3 0.0956 0.4364 0.0303 0.0596
3 0.2986 0.5493 0.0331 0.0596
3 0.0594 0.7624 0.0249 0.0601
3 0.0385 0.6414 0.0266 0.0629
3 0.3676 0.4108 0.0368 0.0654
3 0.0363 0.8231 0.0232 0.0554
3 0.3282 0.7492 0.0327 0.0644
3 0.7390 0.1175 0.0368 0.0654
3 0.6316 0.7392 0.0368 0.0654
3 0.2979 0.3455 0.0331 0.0596
3 0.1258 0.1705 0.0331 0.0596
3 0.9181 0.1077 0.0350 0.0654
3 0.2616 0.3022 0.0331 0.0596
3 0.5153 0.1265 0.0341 0.0661
3 0.2192 0.7689 0.0358 0.0652
3 0.5543 0.6684 0.0368 0.0654
3 0.0676 0.5039 0.0269 0.0596
3 0.8490 0.5851 0.0341 0.0654
3 0.2898 0.8906 0.0365 0.0678
3 0.0871 0.8270 0.0295 0.0733
3 0.1945 0.4305 0.0331 0.0596
3 0.6697 0.8792 0.0368 0.0654
3 0.7033 0.4642 0.0368 0.0654
3 0.5921 0.4617 0.0368 0.0654
3 0.4403 0.2058 0.0368 0.0654
3 0.1273 0.6297 0.0331 0.0596
3 0.4024 0.7575 0.0355 0.0583
3 0.3322 0.4125 0.0368 0.0654
3 0.6664 0.1166 0.0368 0.0654
3 0.7406 0.1866 0.0368 0.0654
3 0.4784 0.1992 0.0351 0.0648
3 0.6670 0.1866 0.0368 0.0654
3 0.2914 0.6829 0.0355 0.0640
3 0.0362 0.7677 0.0232 0.0629
3 0.0397 0.2030 0.0230 0.0596
3 0.5931 0.8834 0.0368 0.0654
3 0.4394 0.8959 0.0355 0.0583
3 0.3998 0.8973 0.0355 0.0583
3 0.8148 0.7089 0.0341 0.0411
3 0.4049 0.3416 0.0368 0.0654
3 0.2546 0.7008 0.0361 0.0658
3 0.8844 0.5808 0.0341 0.0654
3 0.5152 0.4117 0.0368 0.0654
3 0.0956 0.2430 0.0331 0.0596
3 0.9950 0.1278 0.0099 0.0654
3 0.5912 0.5300 0.0368 0.0654
3 0.4400 0.4792 0.0368 0.0654
3 0.0956 0.5647 0.0303 0.0596
3 0.6667 0.3250 0.0368 0.0654
3 0.3676 0.6158 0.0368 0.0654
3 0.0348 0.7093 0.0211 0.0670
3 0.3627 0.8213 0.0346 0.0650
3 0.0399 0.2655 0.0266 0.0629
3 0.8492 0.6528 0.0341 0.0654
3 0.1267 0.4989 0.0331 0.0596
3 0.2268 0.1663 0.0331 0.0596
3 0.3689 0.5483 0.0368 0.0654
3 0.9178 0.2459 0.0350 0.0654
3 0.4782 0.3442 0.0368 0.0654
3 0.6667 0.6008 0.0368 0.0654
3 0.5915 0.2525 0.0368 0.0654
3 0.8136 0.5836 0.0341 0.0654
3 0.7033 0.1200 0.0368 0.0654
3 0.7021 0.2558 0.0368 0.0654
3 0.9496 0.1126 0.0294 0.0654
3 0.6312 0.6725 0.0368 0.0654
3 0.2970 0.4814 0.0331 0.0596
3 0.5561 0.4625 0.0368 0.0654
3 0.4031 0.4808 0.0368 0.0654
3 0.8824 0.2439 0.0350 0.0654
3 0.0383 0.4555 0.0266 0.0629
3 0.7772 0.1183 0.0368 0.0654
3 0.1840 0.8358 0.0362 0.0666
3 0.1597 0.6314 0.0331 0.0596
3 0.0377 0.5806 0.0266 0.0629
3 0.2271 0.6306 0.0331 0.0596
3 0.4419 0.1358 0.0368 0.0654
3 0.0388 0.8843 0.0260 0.0554
3 0.9176 0.1772 0.0350 0.0654
3 0.1515 0.7654 0.0329 0.0633
3 0.2199 0.6997 0.0355 0.0640
3 0.0665 0.4397 0.0269 0.0596
3 0.8826 0.5127 0.0341 0.0654
3 0.1948 0.3705 0.0331 0.0596
3 0.9797 0.4498 0.0304 0.0654
3 0.4046 0.4117 0.0368 0.0654
3 0.8143 0.6516 0.0341 0.0654
3 0.3328 0.4833 0.0368 0.0654
3 0.3676 0.2741 0.0368 0.0654
3 0.1612 0.4347 0.0331 0.0596
3 0.0660 0.6331 0.0269 0.0596
3 0.0396 0.3297 0.0266 0.0629
3 0.2910 0.7537 0.0354 0.0642
3 0.9802 0.3828 0.0294 0.0654
3 0.1926 0.6339 0.0331 0.0596
3 0.2607 0.1622 0.0331 0.0596
3 0.8123 0.4475 0.0341 0.0654
3 0.1870 0.6995 0.0392 0.0635
3 0.0663 0.3747 0.0285 0.0596
3 0.7754 0.3258 0.0368 0.0654
3 0.7024 0.3983 0.0368 0.0654
3 0.3680 0.3416 0.0368 0.0654
3 0.8138 0.5141 0.0341 0.0654
3 0.0679 0.2455 0.0294 0.0596
3 0.4779 0.8284 0.0355 0.0583
3 0.2280 0.5664 0.0331 0.0596
3 0.2905 0.8211 0.0353 0.0639
3 0.4757 0.9000 0.0355 0.0583
3 0.2286 0.3655 0.0331 0.0596
3 0.4780 0.2734 0.0368 0.0654
3 0.4785 0.1324 0.0375 0.0640
3 0.5145 0.7559 0.0355 0.0583
3 0.6306 0.4600 0.0368 0.0654
3 0.7413 0.7411 0.0341 0.0642
3 0.5924 0.3200 0.0368 0.0654
3 0.0962 0.3730 0.0303 0.0596
3 0.6679 0.7434 0.0368 0.0654
3 0.4397 0.8259 0.0355 0.0583
3 0.8834 0.1772 0.0350 0.0654
3 0.9494 0.4460 0.0304 0.0654
3 0.6297 0.3917 0.0368 0.0654
3 0.0383 0.3914 0.0266 0.0629
3 0.1849 0.7686 0.0354 0.0645
3 0.3635 0.7519 0.0336 0.0654
3 0.3279 0.6856 0.0334 0.0643
3 0.4397 0.6884 0.0355 0.0583
3 0.7400 0.2516 0.0368 0.0654
3 0.4052 0.5483 0.0368 0.0654
3 0.4767 0.4817 0.0368 0.0654
3 0.7751 0.3967 0.0368 0.0654
3 0.1609 0.5014 0.0331 0.0596
3 0.5142 0.6850 0.0355 0.0583
3 0.5155 0.3458 0.0368 0.0654
3 0.8128 0.2404 0.0368 0.0654
3 0.8493 0.1022 0.0350 0.0654
2 0.1269 0.3028 0.0347 0.0644
3 0.7755 0.7203 0.0341 0.0250
3 0.6294 0.5333 0.0368 0.0654
3 0.7400 0.3250 0.0368 0.0654
3 0.1180 0.8305 0.0312 0.0594
2 0.0674 0.3090 0.0280 0.0631
3 0.8485 0.2411 0.0350 0.0654
3 0.1276 0.2397 0.0331 0.0596
3 0.8834 0.4509 0.0341 0.0654
3 0.2625 0.4314 0.0331 0.0596
3 0.0615 0.6958 0.0317 0.0657
3 0.0967 0.6306 0.0303 0.0596
3 0.1590 0.1713 0.0331 0.0596
3 0.5536 0.1833 0.0368 0.0654
3 0.3328 0.2775 0.0368 0.0654
3 0.5139 0.8950 0.0355 0.0583
3 0.2622 0.5656 0.0331 0.0596
3 0.9169 0.3128 0.0335 0.0635
3 0.8479 0.5150 0.0341 0.0654
3 0.1512 0.7001 0.0344 0.0632
3 0.1923 0.1680 0.0331 0.0596
3 0.8139 0.1751 0.0350 0.0654
3 0.4770 0.5492 0.0368 0.0654
3 0.0938 0.1755 0.0331 0.0596
3 0.9499 0.3814 0.0294 0.0654
3 0.6664 0.6742 0.0368 0.0654
3 0.6285 0.2541 0.0368 0.0654
3 0.7045 0.1866 0.0368 0.0654
3 0.0667 0.5664 0.0269 0.0596
3 0.6670 0.3950 0.0368 0.0654
3 0.7030 0.5325 0.0368 0.0654
3 0.7064 0.8134 0.0368 0.0654
3 0.5543 0.8842 0.0368 0.0654
3 0.5148 0.5542 0.0368 0.0654
3 0.7760 0.2591 0.0368 0.0654
3 0.0606 0.8234 0.0249 0.0601
3 0.4021 0.6850 0.0355 0.0583
3 0.5549 0.2516 0.0368 0.0654
3 0.9494 0.2494 0.0294 0.0654
3 0.7036 0.6025 0.0368 0.0654
3 0.0962 0.5005 0.0303 0.0596
3 0.0959 0.3064 0.0331 0.0596
3 0.1606 0.3714 0.0331 0.0596
3 0.6670 0.5317 0.0368 0.0654
3 0.1932 0.2339 0.0331 0.0596
3 0.1823 0.9024 0.0364 0.0624
3 0.0876 0.6972 0.0312 0.0631
3 0.6300 0.8109 0.0368 0.0654
3 0.4416 0.3425 0.0368 0.0654
3 0.4400 0.2725 0.0368 0.0654
3 0.8842 0.1050 0.0350 0.0654
3 0.2622 0.3705 0.0331 0.0596
3 0.5152 0.8284 0.0355 0.0583
3 0.3335 0.3450 0.0368 0.0654
3 0.3636 0.6829 0.0353 0.0662
3 0.8131 0.1036 0.0350 0.0654
3 0.2982 0.2797 0.0331 0.0596
3 0.0621 0.8879 0.0253 0.0680
3 0.8483 0.3112 0.0350 0.0654
3 0.5909 0.1841 0.0368 0.0654
3 0.1501 0.8311 0.0349 0.0631
3 0.5543 0.5325 0.0368 0.0654
3 0.0868 0.8938 0.0295 0.0658
3 0.1603 0.2372 0.0331 0.0596
3 0.7412 0.3933 0.0368 0.0654
3 0.6682 0.8125 0.0368 0.0654
3 0.2616 0.2305 0.0331 0.0596
3 0.5931 0.8150 0.0368 0.0654
3 0.2974 0.1458 0.0368 0.0654
3 0.5552 0.6025 0.0368 0.0654
3 0.5931 0.6008 0.0368 0.0654
3 0.4403 0.5483 0.0368 0.0654
3 0.1615 0.5672 0.0331 0.0596
3 0.1270 0.4339 0.0331 0.0596
3 0.6300 0.5983 0.0368 0.0654
3 0.9786 0.2543 0.0294 0.0654
3 0.2274 0.4964 0.0331 0.0596
3 0.0383 0.5172 0.0266 0.0629
3 0.4794 0.7575 0.0355 0.0583
3 0.9791 0.3175 0.0294 0.0654
3 0.5540 0.7417 0.0368 0.0654
3 0.2979 0.4147 0.0331 0.0596
3 0.3270 0.8208 0.0349 0.0656
3 0.3680 0.1391 0.0368 0.0654
3 0.7763 0.1891 0.0368 0.0654
3 0.9781 0.1855 0.0294 0.0654
3 0.8832 0.3133 0.0350 0.0654
3 0.3325 0.1433 0.0368 0.0654
3 0.5934 0.7417 0.0368 0.0654
3 0.7058 0.7425 0.0368 0.0654
3 0.2522 0.9044 0.0367 0.0715
