3 0.1922 0.3913 0.0605 0.0644
2 0.3937 0.3206 0.0412 0.0688
2 0.4707 0.3234 0.0418 0.0579
3 0.3132 0.5381 0.0829 0.0746
2 0.9017 0.2606 0.0400 0.0657
3 0.0798 0.3935 0.0398 0.0653
2 0.0270 0.8581 0.0233 0.0748
2 0.6293 0.3230 0.0426 0.0565
3 0.0275 0.5300 0.0358 0.0699
3 0.1556 0.6157 0.0618 0.0739
2 0.3770 0.9048 0.0533 0.1191
2 0.9435 0.9003 0.0511 0.1086
2 0.4610 0.4606 0.0457 0.0652
3 0.9372 0.7773 0.0467 0.0870
3 0.1971 0.7883 0.0972 0.0801
2 0.4362 0.7922 0.0540 0.0940
2 0.6153 0.9079 0.0542 0.1003
3 0.7388 0.3909 0.0787 0.0622
3 0.6720 0.7880 0.0517 0.0794
2 0.2690 0.9118 0.0886 0.1084
3 0.9249 0.6097 0.0453 0.0769
3 0.4844 0.7876 0.0469 0.0846
2 0.6773 0.1296 0.0422 0.0576
3 0.6257 0.4612 0.0470 0.0667
3 0.4246 0.3885 0.0384 0.0712
3 0.0481 0.3908 0.0373 0.0612
3 0.3303 0.3901 0.0778 0.0634
3 0.0564 0.5352 0.0366 0.0704
3 0.8201 0.4615 0.0750 0.0691
2 0.1045 0.2616 0.0380 0.0693
3 0.1324 0.7857 0.0568 0.0789
3 0.1423 0.7000 0.0606 0.0735
3 0.8219 0.5366 0.0769 0.0720
2 0.6317 0.1928 0.0417 0.0543
3 0.0459 0.6101 0.0380 0.0721
2 0.6763 0.3232 0.0432 0.0572
2 0.8088 0.1323 0.0668 0.0580
3 0.8878 0.6923 0.0384 0.0879
2 0.4051 0.1927 0.0429 0.0733
3 0.9199 0.5364 0.0446 0.0693
2 0.0582 0.3236 0.0404 0.0615
2 0.0916 0.3253 0.0412 0.0717
3 0.0128 0.7559 0.0157 0.0747
2 0.2728 0.2574 0.0836 0.0680
3 0.6222 0.6165 0.0485 0.0813
2 0.7459 0.8944 0.0910 0.1220
3 0.4993 0.5357 0.0423 0.0768
2 0.4169 0.0699 0.0384 0.0644
2 0.8615 0.1962 0.0346 0.0631
2 0.4506 0.0708 0.0361 0.0644
2 0.1896 0.8939 0.0862 0.1197
3 0.3450 0.7902 0.0520 0.0831
3 0.6734 0.4617 0.0468 0.0648
3 0.8711 0.3923 0.0359 0.0675
2 0.6713 0.8962 0.0519 0.1249
2 0.3386 0.3233 0.0734 0.0716
3 0.3707 0.5399 0.0447 0.0700
3 0.5479 0.7845 0.0862 0.0845
3 0.0164 0.6770 0.0269 0.0705
3 0.7438 0.7876 0.0867 0.0745
3 0.7436 0.6994 0.0853 0.0807
3 0.3946 0.6981 0.0439 0.0824
3 0.6741 0.5369 0.0488 0.0702
3 0.5631 0.4589 0.0768 0.0701
2 0.0712 0.2615 0.0420 0.0691
2 0.4811 0.1910 0.0419 0.0576
2 0.2396 0.0741 0.0504 0.0595
3 0.8795 0.5341 0.0371 0.0740
3 0.3879 0.7867 0.0426 0.0807
3 0.1686 0.5373 0.0606 0.0709
3 0.3863 0.3877 0.0442 0.0740
2 0.4763 0.9081 0.0494 0.1048
3 0.0690 0.4629 0.0380 0.0645
3 0.0754 0.7765 0.0695 0.0845
2 0.9065 0.3256 0.0415 0.0669
3 0.5523 0.7006 0.0830 0.0876
2 0.2119 0.2570 0.0579 0.0711
2 0.7376 0.3230 0.0728 0.0586
3 0.2455 0.4646 0.0866 0.0711
2 0.9770 0.6922 0.0460 0.0794
3 0.0847 0.6959 0.0721 0.0814
3 0.3564 0.7046 0.0501 0.0829
2 0.2659 0.3213 0.0783 0.0709
2 0.7373 0.2585 0.0740 0.0591
2 0.3516 0.1930 0.0716 0.0654
3 0.5661 0.3900 0.0747 0.0680
3 0.2824 0.7899 0.0880 0.0805
2 0.1824 0.0766 0.0753 0.0612
2 0.8650 0.2599 0.0331 0.0630
3 0.7401 0.5385 0.0812 0.0716
3 0.0395 0.6881 0.0341 0.0696
3 0.6184 0.7867 0.0511 0.0855
3 0.3649 0.6179 0.0482 0.0744
3 0.6210 0.6989 0.0509 0.0838
2 0.8147 0.3239 0.0701 0.0565
3 0.4892 0.6994 0.0436 0.0868
2 0.5735 0.1914 0.0687 0.0548
2 0.1729 0.1354 0.0762 0.0653
2 0.2292 0.1330 0.0556 0.0631
2 0.8944 0.1412 0.0401 0.0538
2 0.3335 0.9002 0.0553 0.1063
3 0.2939 0.7024 0.0854 0.0733
3 0.0366 0.4601 0.0382 0.0621
3 0.6732 0.6158 0.0511 0.0742
3 0.1199 0.4661 0.0783 0.0762
3 0.8297 0.7831 0.0827 0.0794
2 0.4461 0.1327 0.0378 0.0627
3 0.8930 0.7789 0.0403 0.0931
2 0.4834 0.1294 0.0408 0.0563
2 0.5435 0.9119 0.0910 0.0997
2 0.4501 0.6160 0.0509 0.0791
2 0.8117 0.2594 0.0716 0.0604
2 0.8097 0.1952 0.0691 0.0556
2 0.5171 0.2577 0.0363 0.0677
3 0.7417 0.6163 0.0832 0.0756
2 0.8982 0.8997 0.0453 0.1078
2 0.4352 0.2568 0.0362 0.0705
3 0.9099 0.3911 0.0443 0.0672
2 0.5693 0.3215 0.0705 0.0603
2 0.0674 0.8777 0.0579 0.1005
3 0.8165 0.3902 0.0735 0.0623
2 0.2022 0.3228 0.0561 0.0788
2 0.3662 0.0748 0.0672 0.0492
3 0.4184 0.4590 0.0377 0.0731
2 0.0823 0.1962 0.0416 0.0615
2 0.2811 0.1947 0.0798 0.0689
2 0.5214 0.1299 0.0387 0.0574
2 0.3606 0.1315 0.0676 0.0624
2 0.1632 0.1959 0.0790 0.0670
2 0.5721 0.2567 0.0741 0.0659
2 0.1025 0.0746 0.0411 0.0615
3 0.9309 0.6921 0.0472 0.0769
2 0.5759 0.1309 0.0694 0.0549
2 0.8675 0.3259 0.0340 0.0651
3 0.8276 0.6975 0.0810 0.0794
2 0.0942 0.1389 0.0434 0.0615
3 0.6748 0.3917 0.0461 0.0628
3 0.6277 0.3895 0.0456 0.0641
2 0.8983 0.1956 0.0417 0.0583
3 0.2341 0.5405 0.0894 0.0752
2 0.4432 0.7015 0.0518 0.0820
2 0.2215 0.1945 0.0556 0.0678
2 0.1529 0.2587 0.0771 0.0738
2 0.2900 0.1325 0.0742 0.0638
3 0.2111 0.7065 0.0932 0.0787
2 0.8588 0.1376 0.0350 0.0601
3 0.6733 0.6994 0.0498 0.0753
2 0.6313 0.2553 0.0427 0.0609
2 0.4763 0.2578 0.0421 0.0652
3 0.5041 0.4622 0.0387 0.0714
2 0.1248 0.8508 0.0502 0.0655
3 0.4105 0.5368 0.0419 0.0823
3 0.1798 0.4648 0.0607 0.0662
3 0.3781 0.4664 0.0446 0.0683
3 0.5602 0.5341 0.0776 0.0744
3 0.5085 0.3887 0.0378 0.0690
2 0.2986 0.0745 0.0711 0.0527
3 0.2239 0.6198 0.0897 0.0776
3 0.0207 0.6069 0.0340 0.0761
3 0.1081 0.5401 0.0802 0.0756
3 0.0315 0.7623 0.0286 0.0759
3 0.5568 0.6142 0.0798 0.0826
3 0.9155 0.4608 0.0423 0.0655
2 0.1255 0.1369 0.0394 0.0684
2 0.7366 0.1937 0.0723 0.0547
2 0.5198 0.1911 0.0386 0.0639
2 0.6342 0.1312 0.0421 0.0555
3 0.6239 0.5367 0.0477 0.0739
2 0.4279 0.9120 0.0620 0.1078
3 0.3236 0.4610 0.0776 0.0661
2 0.6769 0.1936 0.0434 0.0565
2 0.4414 0.1931 0.0363 0.0664
2 0.8351 0.9019 0.0868 0.0987
3 0.4947 0.6153 0.0411 0.0845
2 0.1139 0.1973 0.0414 0.0702
3 0.8243 0.6159 0.0790 0.0829
2 0.4109 0.1320 0.0410 0.0711
3 0.4035 0.6160 0.0424 0.0863
3 0.3036 0.6200 0.0830 0.0751
3 0.1310 0.3913 0.0763 0.0600
2 0.3985 0.2567 0.0413 0.0720
2 0.6760 0.2571 0.0428 0.0575
2 0.1339 0.0773 0.0389 0.0645
2 0.1421 0.3232 0.0776 0.0676
3 0.8837 0.6111 0.0368 0.0834
2 0.0100 0.8485 0.0115 0.0748
2 0.7354 0.1312 0.0740 0.0602
3 0.8761 0.4567 0.0347 0.0692
3 0.4655 0.3906 0.0432 0.0659
3 0.4560 0.5366 0.0462 0.0733
2 0.4316 0.3215 0.0368 0.0671
2 0.5129 0.3234 0.0376 0.0679
3 0.0956 0.6144 0.0750 0.0794
3 0.7404 0.4624 0.0820 0.0655
2 0.3450 0.2577 0.0730 0.0706
2 0.9803 0.8411 0.0393 0.2099
3 0.2550 0.3914 0.0854 0.0698
