2 0.2221 0.6961 0.0606 0.0806
3 0.4808 0.4790 0.0944 0.0866
1 0.4009 0.6396 0.0433 0.0971
3 0.8726 0.3144 0.1342 0.1042
2 0.1139 0.6589 0.0351 0.0940
3 0.1838 0.2345 0.0623 0.0767
3 0.5128 0.0463 0.0946 0.0449
3 0.7599 0.0925 0.1346 0.0890
3 0.5081 0.1142 0.0979 0.0971
3 0.0818 0.4403 0.0497 0.0627
3 0.2979 0.2190 0.0426 0.0830
3 0.0200 0.4982 0.0239 0.0554
3 0.3768 0.3003 0.0497 0.0881
3 0.4930 0.3013 0.0957 0.0883
3 0.1004 0.0429 0.0501 0.0530
3 0.1459 0.0420 0.0354 0.0372
3 0.5878 0.1060 0.0677 0.0933
3 0.3450 0.1339 0.0409 0.0924
3 0.6505 0.2002 0.0718 0.0914
3 0.0332 0.1910 0.0228 0.0657
3 0.0303 0.2477 0.0234 0.0569
3 0.9730 0.1042 0.0467 0.1013
3 0.2507 0.1473 0.0618 0.0766
1 0.3621 0.5410 0.0461 0.0866
3 0.0851 0.3752 0.0468 0.0600
3 0.9621 0.4383 0.0619 0.1040
1 0.1699 0.5203 0.0668 0.0809
3 0.6313 0.4015 0.0701 0.1012
3 0.1430 0.0944 0.0393 0.0718
2 0.2721 0.7049 0.0377 0.0745
3 0.1884 0.1613 0.0612 0.0750
1 0.4679 0.6586 0.0923 0.0976
3 0.3705 0.3822 0.0457 0.0854
3 0.4364 0.1241 0.0464 0.0973
3 0.3876 0.1263 0.0444 0.0902
3 0.0611 0.0579 0.0227 0.0638
3 0.2297 0.5259 0.0627 0.0765
3 0.2574 0.0635 0.0652 0.0792
1 0.1202 0.5110 0.0340 0.0672
3 0.5001 0.2121 0.0980 0.0816
3 0.0952 0.1752 0.0490 0.0645
3 0.0251 0.3761 0.0224 0.0578
3 0.2379 0.3745 0.0623 0.0746
3 0.1237 0.4410 0.0355 0.0676
3 0.0865 0.3103 0.0503 0.0611
3 0.8790 0.2033 0.1281 0.0985
2 0.5390 0.7778 0.0643 0.1005
3 0.0409 0.4994 0.0225 0.0650
1 0.9463 0.6601 0.0635 0.1087
1 0.9887 0.6732 0.0227 0.1169
3 0.0590 0.1235 0.0219 0.0558
3 0.3648 0.4659 0.0466 0.0899
1 0.1633 0.5887 0.0642 0.0790
1 0.8459 0.6404 0.1384 0.1161
3 0.3823 0.2152 0.0503 0.0984
3 0.0346 0.1206 0.0233 0.0634
2 0.6023 0.7895 0.0710 0.1303
2 0.1607 0.6728 0.0593 0.1051
3 0.1750 0.4447 0.0650 0.0670
3 0.6412 0.3035 0.0733 0.0883
1 0.6097 0.6887 0.0693 0.1063
1 0.0747 0.5712 0.0494 0.0690
1 0.4059 0.5504 0.0497 0.0947
3 0.9664 0.3255 0.0572 0.1040
1 0.7133 0.6161 0.1336 0.1135
3 0.3035 0.1373 0.0407 0.0843
1 0.9844 0.7912 0.0312 0.1169
1 0.4738 0.5707 0.0953 0.0918
2 0.8286 0.8874 0.1365 0.1512
3 0.4305 0.2095 0.0487 0.0969
3 0.0179 0.5603 0.0216 0.0597
3 0.3483 0.0549 0.0360 0.0628
3 0.1386 0.1671 0.0356 0.0734
3 0.3218 0.4615 0.0410 0.0761
1 0.1310 0.3050 0.0365 0.0696
3 0.4398 0.0531 0.0479 0.0594
3 0.0932 0.2424 0.0497 0.0699
1 0.8559 0.5317 0.1369 0.1131
3 0.0226 0.4392 0.0237 0.0558
1 0.7068 0.7208 0.1300 0.1190
2 0.9769 0.9309 0.0461 0.1189
3 0.0384 0.5639 0.0189 0.0605
1 0.2756 0.6124 0.0380 0.0824
3 0.3304 0.3003 0.0416 0.0798
3 0.6222 0.5019 0.0730 0.0955
1 0.2808 0.5292 0.0400 0.0777
1 0.3561 0.6271 0.0470 0.0909
2 0.0154 0.6366 0.0241 0.0668
3 0.4226 0.2984 0.0495 0.0965
2 0.3078 0.7136 0.0360 0.0716
1 0.6168 0.5883 0.0667 0.0993
2 0.7002 0.8386 0.1290 0.1812
1 0.5576 0.4860 0.0668 0.0951
3 0.5653 0.3919 0.0640 0.1074
1 0.2251 0.6021 0.0653 0.0840
3 0.4868 0.3911 0.0966 0.0828
3 0.2836 0.4523 0.0407 0.0729
1 0.8399 0.7514 0.1348 0.1294
1 0.5538 0.5775 0.0687 0.0981
3 0.0486 0.3763 0.0222 0.0662
3 0.5741 0.2940 0.0651 0.1045
3 0.4166 0.3907 0.0487 0.0859
2 0.0368 0.6431 0.0238 0.0776
3 0.0981 0.1070 0.0505 0.0743
2 0.3516 0.7297 0.0467 0.0825
3 0.0552 0.2488 0.0235 0.0602
3 0.0279 0.3155 0.0233 0.0685
2 0.4634 0.7693 0.0952 0.1066
3 0.2887 0.2998 0.0402 0.0790
2 0.9274 0.9177 0.0713 0.1353
3 0.6572 0.1020 0.0752 0.0944
3 0.3927 0.0542 0.0470 0.0599
3 0.5815 0.1989 0.0622 0.0955
3 0.2873 0.3776 0.0419 0.0767
3 0.7427 0.3033 0.1349 0.0890
3 0.2344 0.4523 0.0588 0.0773
3 0.1353 0.2370 0.0370 0.0731
2 0.3949 0.7510 0.0440 0.0984
3 0.8637 0.4227 0.1367 0.1069
3 0.1935 0.0848 0.0656 0.0733
1 0.9373 0.7788 0.0656 0.1169
3 0.3280 0.3784 0.0415 0.0813
3 0.7317 0.4090 0.1342 0.1007
3 0.9530 0.5497 0.0627 0.1098
3 0.2465 0.2245 0.0608 0.0793
3 0.9718 0.2104 0.0512 0.1039
3 0.0453 0.4403 0.0223 0.0616
3 0.3163 0.5375 0.0402 0.0774
3 0.0517 0.3125 0.0220 0.0625
3 0.3072 0.0597 0.0440 0.0721
1 0.5474 0.6738 0.0687 0.1008
3 0.3120 0.6187 0.0383 0.0819
3 0.8850 0.0922 0.1223 0.0962
3 0.1783 0.3751 0.0662 0.0648
3 0.7516 0.1985 0.1363 0.0991
1 0.0785 0.5027 0.0510 0.0643
3 0.1787 0.3089 0.0630 0.0760
3 0.1273 0.3715 0.0371 0.0674
1 0.1169 0.5764 0.0348 0.0666
3 0.3363 0.2174 0.0465 0.0883
2 0.0721 0.6498 0.0483 0.0784
3 0.0572 0.1880 0.0241 0.0629
3 0.2420 0.3003 0.0605 0.0713
1 0.7241 0.5146 0.1306 0.1019
3 0.0375 0.0609 0.0205 0.0647
3 0.4103 0.4687 0.0485 0.0917
