2 0.5402 0.1184 0.0782 0.0971
2 0.9699 0.8040 0.0603 0.2599
3 0.1480 0.5381 0.1777 0.1440
3 0.4164 0.5525 0.1348 0.1563
3 0.7456 0.5710 0.1300 0.1646
2 0.1127 0.7534 0.1611 0.2905
2 0.3869 0.7717 0.1603 0.2877
2 0.6483 0.7901 0.1438 0.3047
2 0.6363 0.5634 0.1200 0.1602
2 0.9289 0.4450 0.1299 0.1275
2 0.7255 0.4280 0.1093 0.1191
2 0.6290 0.4245 0.1036 0.1233
2 0.9476 0.2367 0.1049 0.0992
2 0.8943 0.3288 0.1101 0.1049
2 0.8052 0.3196 0.1142 0.1006
2 0.7135 0.3139 0.1036 0.1035
2 0.7850 0.2232 0.1036 0.0921
2 0.6995 0.2197 0.0986 0.0935
2 0.6207 0.2161 0.0855 0.0950
2 0.6227 0.3111 0.0912 0.1063
2 0.1900 0.4003 0.1552 0.1220
2 0.3130 0.4067 0.1570 0.1250
2 0.4309 0.4140 0.1119 0.1260
2 0.5304 0.3058 0.0988 0.1063
2 0.4437 0.3013 0.1011 0.1073
2 0.3367 0.2959 0.1472 0.1063
2 0.5370 0.2098 0.0879 0.0896
2 0.4540 0.2078 0.1010 0.0955
2 0.3550 0.2019 0.1301 0.0915
2 0.2774 0.1173 0.1164 0.0797
2 0.3741 0.1213 0.1250 0.0816
3 0.5198 0.5530 0.1252 0.1646
2 0.2237 0.2905 0.1438 0.1053
2 0.2543 0.1985 0.1273 0.0906
2 0.8684 0.2289 0.1077 0.0950
2 0.5296 0.4165 0.0994 0.1388
2 0.9620 0.3309 0.0761 0.1091
2 0.5151 0.7809 0.1290 0.2863
2 0.8291 0.4379 0.1290 0.1304
3 0.8571 0.5823 0.1188 0.1666
3 0.2878 0.5494 0.1654 0.1584
3 0.9553 0.5916 0.0894 0.1646
2 0.2442 0.7604 0.2073 0.2905
2 0.9798 0.4445 0.0404 0.1214
2 0.8471 0.1414 0.0962 0.0914
2 0.4631 0.1160 0.0919 0.1001
2 0.9348 0.1465 0.1304 0.0899
2 0.6141 0.1245 0.0773 0.1053
2 0.6938 0.1309 0.0888 0.0926
2 0.7686 0.1331 0.0920 0.0881
2 0.7732 0.7997 0.1586 0.2926
2 0.9022 0.8147 0.1865 0.3113
