1 0.2697 0.1673 0.1002 0.0227
1 0.2311 0.2108 0.1097 0.0266
1 0.1897 0.2624 0.1076 0.0272
1 0.1015 0.3589 0.1277 0.0374
1 0.2125 0.3976 0.1595 0.0421
1 0.1531 0.4879 0.1718 0.0525
1 0.0308 0.5333 0.0153 0.0546
1 0.6734 0.6994 0.2811 0.0882
1 0.0418 0.4849 0.0608 0.0482
1 0.3634 0.4453 0.2041 0.0482
1 0.0745 0.3955 0.1230 0.0365
1 0.2508 0.1884 0.0989 0.0224
1 0.2119 0.2352 0.1122 0.0278
1 0.8675 0.3262 0.1129 0.0422
1 0.8747 0.4085 0.1182 0.0426
2 0.2599 0.3232 0.1461 0.0336
1 0.5953 0.2046 0.1142 0.0291
1 0.7299 0.1752 0.1613 0.0305
1 0.7186 0.2892 0.1876 0.0362
1 0.8516 0.1702 0.0885 0.0291
1 0.9304 0.1204 0.0828 0.0248
1 0.3675 0.1645 0.1167 0.0240
1 0.3804 0.1435 0.1136 0.0223
1 0.4304 0.7601 0.2017 0.0924
1 0.6843 0.6257 0.2648 0.0781
1 0.0611 0.4376 0.0980 0.0464
1 0.3149 0.5481 0.2273 0.0663
1 0.3368 0.4944 0.2103 0.0533
1 0.4708 0.2071 0.1562 0.0291
1 0.4912 0.1611 0.1468 0.0251
1 0.6507 0.7789 0.2809 0.0832
1 0.5001 0.1382 0.1439 0.0237
1 0.9494 0.3254 0.0502 0.0375
1 0.2568 0.6718 0.2526 0.0709
1 0.4557 0.6838 0.1927 0.0759
1 0.0838 0.6595 0.1428 0.0718
1 0.2193 0.7436 0.2571 0.0965
1 0.4298 0.2912 0.1792 0.0344
1 0.1684 0.2915 0.1099 0.0281
1 0.4436 0.2604 0.1716 0.0316
1 0.4577 0.2328 0.1636 0.0301
1 0.4824 0.1835 0.1492 0.0262
1 0.3970 0.3606 0.1927 0.0378
1 0.3803 0.3998 0.2005 0.0430
1 0.5126 0.5015 0.1647 0.0572
1 0.1158 0.5378 0.1845 0.0611
1 0.0941 0.5943 0.1655 0.0650
1 0.4923 0.5561 0.1647 0.0681
1 0.2848 0.6074 0.2399 0.0728
1 0.4792 0.6193 0.1747 0.0749
1 0.1860 0.8437 0.2712 0.1440
3 0.3807 0.8605 0.1977 0.1342
1 0.6915 0.5631 0.2558 0.0683
1 0.2876 0.1459 0.1067 0.0248
1 0.6160 0.1351 0.1029 0.0248
1 0.7337 0.1303 0.1487 0.0287
1 0.8472 0.1242 0.0822 0.0266
1 0.9335 0.1428 0.0791 0.0273
1 0.9351 0.1663 0.0734 0.0284
1 0.9376 0.1939 0.0722 0.0305
1 0.6088 0.1584 0.1073 0.0269
1 0.7308 0.1529 0.1506 0.0280
1 0.8501 0.1468 0.0878 0.0273
1 0.8563 0.1968 0.0978 0.0326
1 0.8579 0.2240 0.1023 0.0305
1 0.9404 0.2234 0.0678 0.0287
1 0.9401 0.2548 0.0621 0.0319
1 0.9429 0.2878 0.0577 0.0384
1 0.8614 0.2548 0.1054 0.0334
1 0.8642 0.2892 0.1060 0.0369
1 0.7271 0.2007 0.1694 0.0326
1 0.7249 0.2279 0.1726 0.0319
1 0.7221 0.2575 0.1770 0.0344
1 0.5708 0.2906 0.1293 0.0348
1 0.5787 0.2596 0.1211 0.0316
1 0.5878 0.2304 0.1142 0.0291
1 0.6035 0.1797 0.1079 0.0251
1 0.3503 0.1867 0.1249 0.0248
1 0.3349 0.2102 0.1318 0.0273
1 0.3180 0.2351 0.1330 0.0276
1 0.3010 0.2625 0.1380 0.0301
1 0.2816 0.2923 0.1393 0.0308
2 0.1364 0.3228 0.1446 0.0327
1 0.4097 0.3243 0.1973 0.0366
1 0.5607 0.3249 0.1348 0.0387
1 0.7166 0.3253 0.1950 0.0396
1 0.8694 0.3658 0.1152 0.0465
1 0.9515 0.3660 0.0459 0.0435
1 0.9530 0.4092 0.0444 0.0456
1 0.8807 0.4535 0.1333 0.0533
1 0.8819 0.5079 0.1385 0.0572
1 0.7132 0.3649 0.2048 0.0430
1 0.7098 0.4058 0.2161 0.0421
1 0.7045 0.4518 0.2282 0.0516
1 0.6940 0.5064 0.2447 0.0568
1 0.5483 0.3619 0.1461 0.0387
1 0.5377 0.4038 0.1536 0.0452
1 0.5238 0.4481 0.1634 0.0469
1 0.1808 0.4419 0.1777 0.0456
1 0.0383 0.8267 0.0587 0.1182
1 0.6293 0.8801 0.3244 0.1394
1 0.8764 0.9047 0.1880 0.1347
1 0.8858 0.6353 0.1546 0.0713
1 0.8907 0.7093 0.1609 0.0831
1 0.8815 0.7985 0.1792 0.1109
1 0.8858 0.5682 0.1420 0.0702
1 0.0600 0.7325 0.0985 0.0795
1 0.2354 0.3585 0.1589 0.0370
