3 0.3026 0.5467 0.0310 0.0451
3 0.3301 0.2341 0.0258 0.0477
1 0.6361 0.0170 0.0710 0.0341
1 0.2694 0.5937 0.0306 0.0440
1 0.0114 0.7643 0.0228 0.0500
1 0.0412 0.3597 0.0155 0.0460
2 0.3011 0.3250 0.0304 0.0473
3 0.5794 0.7881 0.0517 0.0588
1 0.1609 0.8194 0.0542 0.0418
1 0.7633 0.7803 0.0668 0.0525
3 0.4815 0.8034 0.0272 0.0409
1 0.2411 0.6821 0.0272 0.0446
1 0.6392 0.5602 0.0716 0.0531
1 0.2430 0.7692 0.0252 0.0412
3 0.0411 0.4596 0.0139 0.0468
1 0.0098 0.5049 0.0195 0.0466
3 0.3306 0.3644 0.0258 0.0443
3 0.2430 0.8601 0.0258 0.0387
1 0.6370 0.2251 0.0732 0.0556
1 0.7045 0.7833 0.0466 0.0542
3 0.4297 0.1851 0.0568 0.0442
3 0.9506 0.4349 0.0349 0.0466
1 0.8119 0.2108 0.0333 0.0508
1 0.3357 0.7669 0.0254 0.0429
3 0.5806 0.9043 0.0529 0.0623
3 0.0104 0.5555 0.0174 0.0496
3 0.4760 0.1770 0.0308 0.0440
1 0.7622 0.5548 0.0679 0.0529
1 0.0113 0.4556 0.0195 0.0466
2 0.1613 0.8628 0.0542 0.0371
1 0.0395 0.2089 0.0155 0.0460
1 0.0454 0.8648 0.0170 0.0484
3 0.3050 0.6805 0.0307 0.0463
1 0.6392 0.4490 0.0700 0.0522
1 0.2700 0.6803 0.0295 0.0429
1 0.0419 0.6616 0.0166 0.0527
3 0.4715 0.9098 0.0381 0.0496
3 0.4787 0.4899 0.0269 0.0408
3 0.4766 0.3101 0.0267 0.0420
1 0.2434 0.7241 0.0252 0.0425
1 0.5748 0.3386 0.0486 0.0524
3 0.0614 0.8681 0.0168 0.0457
3 0.3525 0.9114 0.0743 0.0464
1 0.8116 0.1554 0.0343 0.0523
1 0.0275 0.4552 0.0148 0.0481
1 0.7086 0.8392 0.0399 0.0488
3 0.4202 0.9103 0.0630 0.0464
3 0.6452 0.8983 0.0685 0.0522
3 0.5721 0.1186 0.0512 0.0561
1 0.7026 0.6694 0.0457 0.0590
1 0.0435 0.7137 0.0166 0.0527
1 0.7636 0.6114 0.0687 0.0517
3 0.0419 0.5107 0.0169 0.0537
1 0.9543 0.6835 0.0332 0.0477
1 0.1590 0.6872 0.0536 0.0419
1 0.0090 0.1993 0.0180 0.0522
1 0.0291 0.8139 0.0165 0.0510
1 0.0274 0.1047 0.0148 0.0481
1 0.5733 0.0179 0.0504 0.0357
3 0.6430 0.7862 0.0725 0.0612
3 0.4326 0.4928 0.0592 0.0423
1 0.0108 0.7103 0.0205 0.0514
1 0.6982 0.2220 0.0464 0.0508
1 0.2105 0.7289 0.0323 0.0450
1 0.0895 0.7331 0.0290 0.0414
1 0.5735 0.2283 0.0513 0.0526
1 0.5777 0.6196 0.0503 0.0545
1 0.7575 0.2751 0.0666 0.0526
3 0.4763 0.2206 0.0271 0.0410
1 0.0454 0.7635 0.0166 0.0527
3 0.3027 0.5040 0.0304 0.0431
3 0.4316 0.4497 0.0584 0.0419
1 0.3043 0.7685 0.0329 0.0429
1 0.7599 0.4412 0.0687 0.0521
1 0.5770 0.5064 0.0498 0.0554
3 0.4790 0.5781 0.0272 0.0413
1 0.8557 0.1537 0.0444 0.0522
3 0.4311 0.4055 0.0566 0.0441
3 0.4323 0.5410 0.0590 0.0449
1 0.1589 0.6000 0.0529 0.0399
1 0.5318 0.7335 0.0361 0.0509
1 0.0567 0.5614 0.0188 0.0467
3 0.1181 0.7332 0.0233 0.0408
1 0.3332 0.5875 0.0260 0.0434
3 0.3328 0.5429 0.0265 0.0447
3 0.9867 0.1816 0.0265 0.0433
1 0.8128 0.3250 0.0338 0.0534
3 0.5754 0.4541 0.0488 0.0584
1 0.7039 0.7251 0.0484 0.0585
1 0.0289 0.7125 0.0168 0.0505
1 0.8097 0.0447 0.0334 0.0503
3 0.3719 0.2775 0.0540 0.0431
1 0.7549 0.0516 0.0666 0.0523
3 0.7027 0.6148 0.0442 0.0591
1 0.4799 0.7586 0.0264 0.0411
3 0.1177 0.5985 0.0224 0.0376
1 0.6996 0.5573 0.0477 0.0556
3 0.4829 0.8485 0.0272 0.0325
3 0.9550 0.7832 0.0335 0.0506
3 0.0890 0.8648 0.0341 0.0387
1 0.4367 0.8113 0.0585 0.0457
1 0.7559 0.0122 0.0666 0.0244
1 0.2079 0.5510 0.0318 0.0418
3 0.5260 0.1200 0.0341 0.0599
2 0.2704 0.9103 0.0341 0.0464
1 0.2105 0.6844 0.0323 0.0450
3 0.4302 0.2293 0.0582 0.0415
3 0.3742 0.5394 0.0561 0.0448
3 0.0414 0.4073 0.0139 0.0468
1 0.1606 0.7749 0.0549 0.0435
1 0.0116 0.8639 0.0232 0.0484
1 0.8534 0.0981 0.0475 0.0525
1 0.5270 0.2867 0.0355 0.0512
1 0.7626 0.7225 0.0685 0.0534
1 0.8583 0.3816 0.0479 0.0525
1 0.0581 0.6032 0.0202 0.0412
3 0.4802 0.6699 0.0280 0.0425
1 0.3338 0.7213 0.0252 0.0408
1 0.2678 0.4600 0.0275 0.0411
1 0.7568 0.2157 0.0660 0.0516
1 0.0880 0.6468 0.0303 0.0399
3 0.3751 0.6314 0.0546 0.0443
1 0.8595 0.4366 0.0474 0.0531
3 0.0416 0.5602 0.0160 0.0505
3 0.5333 0.9064 0.0378 0.0626
1 0.2686 0.5044 0.0289 0.0421
1 0.2680 0.4136 0.0275 0.0411
1 0.0106 0.6079 0.0212 0.0493
3 0.9545 0.7329 0.0332 0.0481
3 0.9500 0.3864 0.0342 0.0461
1 0.1581 0.5112 0.0541 0.0446
1 0.8186 0.7188 0.0353 0.0542
1 0.2710 0.8147 0.0270 0.0417
1 0.0395 0.1605 0.0155 0.0460
1 0.6407 0.6155 0.0731 0.0538
1 0.5270 0.3419 0.0364 0.0519
3 0.9530 0.6328 0.0341 0.0484
3 0.1172 0.4261 0.0253 0.0409
1 0.2097 0.6393 0.0314 0.0464
1 0.5263 0.2319 0.0356 0.0553
1 0.7567 0.1620 0.0675 0.0496
2 0.3010 0.2822 0.0295 0.0413
1 0.1601 0.7301 0.0516 0.0446
1 0.5740 0.3969 0.0480 0.0543
3 0.3047 0.6365 0.0316 0.0476
1 0.0597 0.7780 0.0181 0.0493
1 0.8581 0.2648 0.0443 0.0544
2 0.3014 0.9114 0.0263 0.0464
3 0.1172 0.5102 0.0242 0.0394
1 0.6393 0.5032 0.0703 0.0509
1 0.0418 0.3096 0.0155 0.0460
1 0.2077 0.4189 0.0328 0.0424
3 0.7002 0.5024 0.0453 0.0581
3 0.3746 0.5852 0.0560 0.0443
3 0.4309 0.2757 0.0577 0.0407
1 0.0101 0.1001 0.0189 0.0522
1 0.7604 0.4962 0.0675 0.0534
1 0.0865 0.5140 0.0301 0.0392
1 0.2713 0.7692 0.0285 0.0427
3 0.5323 0.7867 0.0363 0.0584
1 0.8569 0.3226 0.0452 0.0502
1 0.8637 0.8312 0.0480 0.0507
3 0.4310 0.3608 0.0569 0.0419
3 0.1166 0.4688 0.0251 0.0421
3 0.5296 0.5098 0.0376 0.0530
1 0.4341 0.6716 0.0572 0.0433
3 0.9515 0.4857 0.0327 0.0460
1 0.5309 0.6207 0.0357 0.0521
1 0.5294 0.5643 0.0365 0.0578
1 0.8157 0.4926 0.0335 0.0516
1 0.5746 0.2847 0.0508 0.0554
1 0.6974 0.2752 0.0457 0.0540
3 0.5781 0.6758 0.0527 0.0563
1 0.5792 0.7303 0.0516 0.0537
1 0.7560 0.1050 0.0672 0.0521
1 0.0897 0.8216 0.0299 0.0378
1 0.3761 0.6754 0.0536 0.0429
3 0.3734 0.4970 0.0549 0.0434
3 0.0888 0.9185 0.0645 0.0496
3 0.4766 0.3558 0.0291 0.0446
1 0.2411 0.8129 0.0230 0.0404
3 0.3325 0.4531 0.0248 0.0412
1 0.0271 0.3056 0.0148 0.0481
1 0.5305 0.6761 0.0362 0.0539
1 0.0095 0.3018 0.0189 0.0522
1 0.6986 0.3330 0.0456 0.0556
1 0.6344 0.1164 0.0713 0.0528
2 0.3008 0.2375 0.0291 0.0440
1 0.6362 0.1697 0.0720 0.0522
1 0.8181 0.6623 0.0355 0.0510
1 0.0382 0.1152 0.0155 0.0460
1 0.2081 0.5079 0.0314 0.0434
1 0.7583 0.3301 0.0662 0.0534
1 0.0273 0.6088 0.0166 0.0527
3 0.3022 0.4587 0.0302 0.0442
1 0.5266 0.4526 0.0385 0.0505
1 0.4797 0.6231 0.0273 0.0422
1 0.8564 0.2104 0.0448 0.0521
3 0.4797 0.6233 0.0279 0.0418
1 0.2707 0.7242 0.0301 0.0428
3 0.3309 0.4125 0.0210 0.0466
1 0.3042 0.7259 0.0305 0.0439
1 0.7586 0.3868 0.0665 0.0535
1 0.0894 0.7757 0.0300 0.0388
1 0.6964 0.1669 0.0475 0.0544
3 0.3733 0.4110 0.0539 0.0429
1 0.5276 0.3985 0.0343 0.0532
3 0.8611 0.5523 0.0482 0.0590
1 0.6965 0.0139 0.0456 0.0278
3 0.3345 0.8548 0.0285 0.0389
1 0.8634 0.7756 0.0486 0.0542
1 0.8151 0.4361 0.0360 0.0508
1 0.0321 0.8648 0.0150 0.0459
1 0.8606 0.4926 0.0470 0.0517
1 0.5256 0.0205 0.0389 0.0410
1 0.3772 0.7687 0.0551 0.0411
1 0.3777 0.8120 0.0537 0.0424
3 0.3722 0.3644 0.0548 0.0435
1 0.9526 0.5856 0.0334 0.0489
3 0.9856 0.1319 0.0288 0.0521
3 0.3327 0.4984 0.0263 0.0440
3 0.1177 0.5543 0.0235 0.0407
3 0.5773 0.5640 0.0491 0.0595
1 0.8167 0.5500 0.0351 0.0543
1 0.0883 0.6882 0.0296 0.0372
1 0.8110 0.0990 0.0359 0.0537
1 0.5728 0.0633 0.0504 0.0539
1 0.5722 0.1727 0.0504 0.0539
1 0.6959 0.0539 0.0456 0.0565
1 0.6412 0.6717 0.0719 0.0540
1 0.0101 0.1520 0.0189 0.0522
3 0.3728 0.3205 0.0542 0.0447
1 0.2394 0.5932 0.0274 0.0440
3 0.1519 0.9159 0.0610 0.0506
3 0.3292 0.2799 0.0252 0.0430
1 0.0422 0.6104 0.0166 0.0527
1 0.7640 0.6683 0.0678 0.0506
1 0.5266 0.1761 0.0377 0.0549
1 0.0865 0.5573 0.0296 0.0395
3 0.4309 0.3184 0.0562 0.0422
3 0.3712 0.1871 0.0530 0.0439
3 0.3714 0.2318 0.0521 0.0435
1 0.2371 0.4607 0.0246 0.0418
1 0.8198 0.8358 0.0360 0.0562
1 0.0280 0.5081 0.0152 0.0469
1 0.2386 0.4168 0.0258 0.0400
1 0.8540 0.0440 0.0475 0.0525
1 0.2699 0.5485 0.0302 0.0464
3 0.1204 0.8647 0.0238 0.0359
3 0.9500 0.3354 0.0342 0.0490
3 0.4773 0.4000 0.0304 0.0451
3 0.2113 0.8611 0.0341 0.0388
3 0.1198 0.7771 0.0238 0.0430
3 0.1188 0.6889 0.0240 0.0415
1 0.0267 0.4082 0.0148 0.0481
1 0.3336 0.6781 0.0269 0.0427
1 0.0566 0.4287 0.0166 0.0430
1 0.4354 0.7225 0.0589 0.0400
3 0.3738 0.4533 0.0545 0.0414
1 0.8193 0.7765 0.0343 0.0507
3 0.3294 0.1900 0.0258 0.0415
1 0.3022 0.5904 0.0304 0.0445
1 0.6375 0.3929 0.0692 0.0531
1 0.2082 0.5942 0.0307 0.0447
2 0.1581 0.5568 0.0525 0.0435
3 0.0578 0.8214 0.0168 0.0457
1 0.0267 0.1580 0.0148 0.0481
1 0.0859 0.4708 0.0300 0.0400
1 0.0567 0.6507 0.0187 0.0493
3 0.5812 0.8421 0.0529 0.0503
3 0.4373 0.8506 0.0611 0.0341
1 0.6370 0.2831 0.0711 0.0518
1 0.8121 0.2670 0.0361 0.0574
1 0.2702 0.6373 0.0305 0.0443
1 0.0123 0.4035 0.0196 0.0466
1 0.3763 0.7208 0.0559 0.0416
1 0.2081 0.4618 0.0308 0.0437
1 0.4357 0.7647 0.0598 0.0393
3 0.0279 0.5594 0.0150 0.0489
1 0.0854 0.4266 0.0296 0.0395
1 0.5258 0.0670 0.0389 0.0511
1 0.1576 0.4669 0.0541 0.0446
3 0.7647 0.8369 0.0679 0.0520
3 0.4767 0.2667 0.0262 0.0431
1 0.0548 0.4732 0.0166 0.0430
1 0.6996 0.4451 0.0476 0.0548
1 0.2387 0.5052 0.0274 0.0441
2 0.3021 0.3703 0.0288 0.0475
1 0.6379 0.3363 0.0700 0.0525
3 0.9524 0.5355 0.0332 0.0467
1 0.8167 0.6047 0.0330 0.0501
1 0.0592 0.6942 0.0190 0.0487
1 0.0592 0.7338 0.0181 0.0493
1 0.6976 0.3891 0.0473 0.0538
1 0.0398 0.2603 0.0155 0.0460
3 0.3304 0.3214 0.0266 0.0421
1 0.3048 0.8133 0.0347 0.0446
2 0.2191 0.9133 0.0683 0.0482
1 0.0264 0.2582 0.0148 0.0481
1 0.0115 0.8130 0.0230 0.0476
3 0.4338 0.6281 0.0583 0.0449
3 0.9874 0.2279 0.0252 0.0461
3 0.3047 0.8565 0.0341 0.0387
1 0.2394 0.6378 0.0268 0.0456
1 0.0264 0.2069 0.0148 0.0481
1 0.5337 0.8434 0.0372 0.0538
3 0.4786 0.5354 0.0274 0.0432
1 0.4805 0.7140 0.0270 0.0429
1 0.0285 0.6598 0.0152 0.0499
3 0.0280 0.9215 0.0559 0.0486
2 0.2997 0.1917 0.0291 0.0440
1 0.0451 0.8132 0.0170 0.0484
3 0.2721 0.8570 0.0296 0.0410
1 0.0110 0.3532 0.0195 0.0466
1 0.1581 0.4224 0.0541 0.0446
1 0.8635 0.7185 0.0463 0.0537
1 0.8133 0.3819 0.0332 0.0538
1 0.8620 0.6068 0.0471 0.0537
1 0.0087 0.2497 0.0173 0.0522
3 0.6436 0.8414 0.0708 0.0518
3 0.3338 0.6344 0.0271 0.0462
2 0.7076 0.8869 0.0421 0.0369
1 0.4329 0.5831 0.0601 0.0438
3 0.0567 0.5616 0.0187 0.0462
1 0.2115 0.8169 0.0305 0.0467
1 0.0270 0.3553 0.0148 0.0481
1 0.1591 0.6463 0.0556 0.0414
1 0.0566 0.5134 0.0217 0.0425
2 0.2388 0.5507 0.0284 0.0447
1 0.3363 0.8093 0.0250 0.0419
2 0.3784 0.8527 0.0559 0.0341
3 0.4770 0.4471 0.0274 0.0433
3 0.3017 0.4139 0.0293 0.0430
1 0.0107 0.6595 0.0212 0.0493
1 0.2118 0.7722 0.0295 0.0434
1 0.8626 0.6605 0.0475 0.0521
3 0.8103 0.0086 0.0334 0.0172
1 0.6361 0.0585 0.0713 0.0524
1 0.6418 0.7280 0.0712 0.0516
1 0.6949 0.1099 0.0478 0.0543
1 0.0870 0.6009 0.0301 0.0399
1 0.0291 0.7621 0.0174 0.0520
3 0.1201 0.8224 0.0228 0.0422
3 0.1175 0.6434 0.0230 0.0380
