1 0.9358 0.8196 0.0552 0.0369
2 0.7228 0.4634 0.0750 0.0335
1 0.1157 0.9017 0.0981 0.0352
3 0.3606 0.5557 0.0468 0.0368
1 0.1106 0.5221 0.0961 0.0374
3 0.3616 0.7491 0.0412 0.0387
1 0.0424 0.8626 0.0472 0.0353
1 0.6849 0.7428 0.0470 0.0385
3 0.7215 0.5257 0.0740 0.0268
1 0.4983 0.7452 0.1098 0.0362
1 0.7508 0.7033 0.0826 0.0362
1 0.2658 0.7473 0.0490 0.0367
1 0.1122 0.5978 0.0954 0.0357
1 0.0407 0.5987 0.0472 0.0363
1 0.8485 0.8212 0.1114 0.0361
1 0.3119 0.5552 0.0503 0.0371
2 0.8986 0.4629 0.0826 0.0335
1 0.3151 0.7469 0.0479 0.0364
2 0.2682 0.9774 0.0537 0.0382
1 0.5827 0.8971 0.0503 0.0359
1 0.3113 0.4795 0.0453 0.0333
1 0.9365 0.7426 0.0553 0.0369
1 0.0399 0.5609 0.0477 0.0358
1 0.3130 0.5929 0.0470 0.0365
1 0.4162 0.8975 0.0462 0.0362
3 0.3600 0.5934 0.0439 0.0368
3 0.4157 0.6706 0.0480 0.0381
1 0.2023 0.8617 0.0752 0.0389
1 0.9821 0.6253 0.0357 0.0423
1 0.3129 0.7095 0.0443 0.0366
1 0.9825 0.7035 0.0350 0.0369
1 0.4984 0.5917 0.1053 0.0351
1 0.9365 0.8587 0.0553 0.0369
1 0.2021 0.7857 0.0761 0.0391
1 0.6840 0.6287 0.0454 0.0406
1 0.0389 0.5228 0.0469 0.0369
3 0.9012 0.5233 0.0843 0.0255
3 0.3579 0.4784 0.0469 0.0359
1 0.2046 0.9377 0.0771 0.0400
1 0.2657 0.8621 0.0486 0.0358
3 0.3607 0.7088 0.0449 0.0366
1 0.3146 0.6336 0.0435 0.0415
3 0.3160 0.8255 0.0417 0.0371
1 0.6829 0.6668 0.0455 0.0393
1 0.4166 0.7449 0.0477 0.0372
1 0.4174 0.8240 0.0469 0.0387
2 0.8989 0.4954 0.0816 0.0335
3 0.3608 0.8240 0.0431 0.0394
1 0.9829 0.7420 0.0342 0.0369
1 0.8811 0.7022 0.0506 0.0355
1 0.8467 0.7831 0.1122 0.0382
1 0.4987 0.6296 0.1085 0.0357
1 0.2599 0.5182 0.0471 0.0357
1 0.0417 0.7496 0.0495 0.0364
1 0.7509 0.6273 0.0856 0.0389
1 0.6832 0.8582 0.0477 0.0375
1 0.2652 0.7095 0.0469 0.0342
1 0.3162 0.8985 0.0479 0.0368
1 0.6829 0.5873 0.0447 0.0356
1 0.2003 0.6726 0.0769 0.0364
1 0.6857 0.7835 0.0476 0.0373
3 0.5826 0.9790 0.0515 0.0420
1 0.4972 0.7049 0.1071 0.0399
1 0.0408 0.7875 0.0477 0.0400
1 0.9810 0.7805 0.0381 0.0369
1 0.6829 0.8988 0.0457 0.0384
1 0.2606 0.5560 0.0490 0.0353
3 0.3627 0.9383 0.0459 0.0370
3 0.3587 0.5158 0.0490 0.0378
3 0.7863 0.4622 0.0495 0.0330
1 0.6321 0.6268 0.0501 0.0370
1 0.1146 0.7872 0.0989 0.0350
1 0.1991 0.5954 0.0732 0.0397
1 0.8783 0.6248 0.0545 0.0392
1 0.2653 0.7859 0.0486 0.0358
1 0.2015 0.6345 0.0758 0.0393
1 0.6339 0.7421 0.0489 0.0378
1 0.1116 0.6366 0.0934 0.0352
1 0.7464 0.8982 0.0795 0.0374
1 0.1984 0.5571 0.0732 0.0387
1 0.8474 0.8988 0.1125 0.0394
1 0.7506 0.5878 0.0798 0.0367
1 0.4156 0.7067 0.0463 0.0362
1 0.5818 0.8204 0.0527 0.0367
1 0.2648 0.6726 0.0574 0.0391
1 0.9359 0.6242 0.0550 0.0417
3 0.6617 0.5273 0.0394 0.0285
1 0.9817 0.5824 0.0365 0.0369
1 0.9825 0.8973 0.0350 0.0369
1 0.5835 0.7039 0.0497 0.0367
1 0.7502 0.6660 0.0813 0.0358
3 0.3680 0.8980 0.0499 0.0356
1 0.9365 0.6657 0.0553 0.0397
1 0.5836 0.7804 0.0485 0.0361
3 0.8460 0.9790 0.1130 0.0419
1 0.1137 0.7497 0.0943 0.0366
1 0.6330 0.6659 0.0509 0.0392
1 0.5001 0.6657 0.1097 0.0367
1 0.1143 0.8629 0.0986 0.0348
1 0.5838 0.7424 0.0478 0.0374
2 0.6639 0.4624 0.0408 0.0335
3 0.7818 0.4933 0.0495 0.0330
1 0.2649 0.5938 0.0483 0.0372
2 0.6640 0.4960 0.0408 0.0335
3 0.3632 0.8613 0.0471 0.0360
1 0.6848 0.7031 0.0474 0.0374
1 0.5827 0.6273 0.0517 0.0362
1 0.2001 0.4814 0.0739 0.0350
1 0.0404 0.6739 0.0464 0.0367
1 0.8474 0.9378 0.1113 0.0348
3 0.8320 0.4935 0.0495 0.0330
1 0.3152 0.8611 0.0443 0.0349
1 0.2011 0.8249 0.0767 0.0400
1 0.4148 0.6321 0.0534 0.0380
2 0.2018 0.9786 0.0755 0.0388
2 0.7482 0.9771 0.0858 0.0457
1 0.9821 0.8185 0.0357 0.0369
3 0.6356 0.8200 0.0486 0.0381
1 0.5003 0.9004 0.1042 0.0403
1 0.3114 0.5164 0.0470 0.0356
1 0.9358 0.8962 0.0552 0.0369
1 0.4997 0.7846 0.1092 0.0365
2 0.0421 0.9794 0.0443 0.0412
1 0.2665 0.9365 0.0445 0.0330
1 0.6331 0.8966 0.0470 0.0352
1 0.2660 0.6324 0.0466 0.0363
1 0.2613 0.4810 0.0471 0.0344
1 0.9342 0.7811 0.0553 0.0369
3 0.3606 0.6691 0.0472 0.0381
1 0.8223 0.6645 0.0579 0.0365
1 0.1139 0.8248 0.0965 0.0360
1 0.6341 0.7803 0.0499 0.0368
1 0.0407 0.7106 0.0463 0.0347
2 0.7215 0.4952 0.0750 0.0335
1 0.0412 0.8262 0.0457 0.0396
3 0.9837 0.9744 0.0326 0.0377
1 0.3156 0.9362 0.0491 0.0362
1 0.4161 0.9367 0.0488 0.0370
3 0.3605 0.7869 0.0454 0.0396
1 0.5844 0.6660 0.0479 0.0369
1 0.5019 0.9362 0.1048 0.0348
3 0.3611 0.6313 0.0414 0.0381
1 0.6350 0.7048 0.0482 0.0363
1 0.2032 0.8986 0.0777 0.0392
1 0.1131 0.7118 0.0945 0.0342
1 0.0413 0.9004 0.0497 0.0398
1 0.3143 0.6722 0.0443 0.0402
2 0.3636 0.9777 0.0459 0.0394
1 0.9829 0.8582 0.0342 0.0369
1 0.6848 0.8217 0.0470 0.0378
1 0.5824 0.9369 0.0502 0.0383
1 0.9365 0.7046 0.0553 0.0369
1 0.1108 0.4836 0.0940 0.0352
1 0.6320 0.9352 0.0503 0.0377
1 0.0394 0.4850 0.0436 0.0347
1 0.1107 0.5602 0.0951 0.0349
1 0.7488 0.7814 0.0763 0.0345
1 0.4998 0.8606 0.1043 0.0371
1 0.8227 0.6258 0.0558 0.0374
1 0.8809 0.5852 0.0539 0.0371
1 0.7508 0.8190 0.0785 0.0364
3 0.4165 0.7854 0.0462 0.0387
1 0.4144 0.5915 0.0454 0.0347
1 0.8212 0.5865 0.0592 0.0356
1 0.8471 0.8591 0.1137 0.0362
1 0.9359 0.9345 0.0553 0.0369
1 0.5824 0.8580 0.0525 0.0378
1 0.0417 0.9398 0.0490 0.0368
1 0.9350 0.5830 0.0553 0.0369
1 0.7489 0.7438 0.0770 0.0391
3 0.8341 0.5236 0.0495 0.0258
1 0.6343 0.8576 0.0491 0.0359
1 0.8802 0.6653 0.0527 0.0365
3 0.6813 0.9762 0.0451 0.0441
1 0.1165 0.9396 0.0942 0.0347
3 0.5000 0.9784 0.1049 0.0405
3 0.3174 0.9784 0.0442 0.0421
1 0.6315 0.5886 0.0476 0.0352
1 0.9817 0.6649 0.0365 0.0369
1 0.7499 0.8582 0.0798 0.0414
1 0.8254 0.7019 0.0629 0.0349
1 0.2007 0.7479 0.0729 0.0386
1 0.7474 0.9345 0.0772 0.0337
3 0.8341 0.4619 0.0495 0.0330
1 0.8487 0.7419 0.1165 0.0363
1 0.4994 0.8221 0.1074 0.0340
1 0.9823 0.9329 0.0355 0.0331
1 0.1998 0.5197 0.0724 0.0382
1 0.5834 0.5888 0.0494 0.0357
1 0.1121 0.6750 0.0965 0.0377
1 0.0398 0.6355 0.0442 0.0351
3 0.3145 0.7862 0.0435 0.0388
3 0.6321 0.9770 0.0452 0.0434
1 0.4160 0.8595 0.0477 0.0368
1 0.2017 0.7094 0.0770 0.0360
3 0.9371 0.9778 0.0543 0.0377
1 0.2685 0.8990 0.0458 0.0394
1 0.6833 0.9335 0.0442 0.0356
1 0.2682 0.8251 0.0501 0.0367
3 0.4156 0.9769 0.0549 0.0400
3 0.1147 0.9786 0.0916 0.0424
3 0.7832 0.5230 0.0495 0.0250
