2 0.0814 0.2008 0.1386 0.1302
2 0.9704 0.7922 0.0593 0.3052
2 0.8287 0.5158 0.1828 0.1810
2 0.4495 0.3391 0.2365 0.1582
2 0.4337 0.7205 0.2487 0.2640
2 0.9549 0.3383 0.0893 0.1769
2 0.4493 0.1801 0.2357 0.1441
2 0.2365 0.1950 0.1814 0.1500
2 0.6532 0.7282 0.1666 0.2627
2 0.6515 0.3371 0.1665 0.1781
2 0.0704 0.3358 0.1409 0.1366
2 0.2112 0.4879 0.2090 0.1662
2 0.6488 0.5113 0.1658 0.1778
2 0.2251 0.3378 0.1999 0.1379
2 0.8400 0.7603 0.1996 0.3027
2 0.4389 0.5056 0.2506 0.1666
2 0.9511 0.1587 0.0947 0.1706
2 0.8181 0.1527 0.1798 0.1761
2 0.6518 0.1664 0.1571 0.1358
2 0.0517 0.6582 0.0992 0.2234
2 0.0610 0.4801 0.1167 0.1409
2 0.9643 0.5271 0.0714 0.2003
2 0.2006 0.6894 0.2264 0.2332
2 0.8273 0.3344 0.1836 0.1838
