1 0.1665 0.8649 0.1766 0.0360
2 0.4786 0.4183 0.1248 0.0363
2 0.1699 0.5612 0.1353 0.0352
3 0.3431 0.9359 0.1655 0.0351
3 0.6950 0.7180 0.1535 0.0339
3 0.6951 0.8261 0.1599 0.0331
3 0.9626 0.9326 0.0689 0.0341
2 0.3251 0.4521 0.1749 0.0383
2 0.4789 0.3775 0.1266 0.0410
3 0.6937 0.7536 0.1555 0.0316
2 0.1820 0.9793 0.1394 0.0395
2 0.3308 0.5642 0.1728 0.0358
2 0.4769 0.5294 0.1184 0.0340
2 0.1658 0.4853 0.1367 0.0365
2 0.6920 0.4988 0.1478 0.0364
3 0.5808 0.6069 0.0738 0.0357
3 0.6923 0.6819 0.1559 0.0338
3 0.4841 0.7891 0.1201 0.0326
2 0.1646 0.4069 0.1420 0.0382
2 0.3255 0.4897 0.1798 0.0362
2 0.8469 0.3918 0.1529 0.0386
2 0.8434 0.4672 0.1533 0.0354
1 0.8531 0.7885 0.1530 0.0310
3 0.1639 0.7504 0.1807 0.0346
3 0.4817 0.7522 0.1181 0.0322
3 0.6959 0.6083 0.1502 0.0361
3 0.6969 0.6444 0.1522 0.0311
3 0.1644 0.7886 0.1814 0.0352
2 0.8516 0.5391 0.1632 0.0342
2 0.6949 0.4623 0.1496 0.0365
3 0.3296 0.6021 0.1723 0.0364
3 0.3401 0.7892 0.1679 0.0337
3 0.8514 0.9285 0.1490 0.0332
1 0.8525 0.7535 0.1551 0.0318
2 0.3271 0.5269 0.1842 0.0353
3 0.3382 0.8263 0.1687 0.0349
2 0.5809 0.4219 0.0758 0.0368
2 0.6986 0.9704 0.1360 0.0421
3 0.1571 0.6372 0.1703 0.0360
3 0.3312 0.6384 0.1745 0.0347
3 0.7007 0.9314 0.1483 0.0344
3 0.8540 0.7189 0.1552 0.0318
2 0.4772 0.4547 0.1245 0.0346
3 0.5782 0.7530 0.0713 0.0333
2 0.6948 0.5357 0.1427 0.0344
2 0.1637 0.4466 0.1382 0.0345
1 0.6983 0.8966 0.1598 0.0332
3 0.4801 0.6054 0.1179 0.0355
1 0.8567 0.8951 0.1490 0.0306
2 0.5813 0.3830 0.0721 0.0393
3 0.6945 0.7894 0.1606 0.0340
3 0.3324 0.6767 0.1740 0.0330
2 0.3229 0.3742 0.1737 0.0392
3 0.8549 0.6481 0.1547 0.0328
2 0.1527 0.5985 0.1673 0.0361
2 0.5813 0.4961 0.0753 0.0347
3 0.1621 0.7136 0.1776 0.0335
3 0.4888 0.9347 0.1156 0.0316
2 0.8461 0.5030 0.1577 0.0362
3 0.5803 0.7168 0.0710 0.0346
3 0.5833 0.8263 0.0629 0.0335
2 0.5886 0.9725 0.0721 0.0424
2 0.3247 0.4142 0.1666 0.0384
2 0.1636 0.3673 0.1419 0.0399
1 0.3388 0.9001 0.1667 0.0354
3 0.4811 0.6776 0.1202 0.0329
2 0.1685 0.5216 0.1333 0.0358
3 0.5874 0.8969 0.0573 0.0321
3 0.1584 0.6762 0.1754 0.0353
2 0.4787 0.4922 0.1208 0.0354
2 0.5818 0.4596 0.0771 0.0355
2 0.8471 0.4310 0.1511 0.0383
3 0.5878 0.9310 0.0709 0.0336
2 0.5844 0.5695 0.0768 0.0339
1 0.8550 0.8592 0.1506 0.0330
3 0.3421 0.9756 0.1687 0.0433
3 0.5802 0.6446 0.0739 0.0364
2 0.8523 0.5748 0.1577 0.0333
2 0.4883 0.9745 0.1148 0.0439
2 0.6922 0.3872 0.1405 0.0395
1 0.1643 0.8266 0.1763 0.0319
2 0.8472 0.9693 0.1351 0.0418
3 0.5796 0.6805 0.0733 0.0340
3 0.1687 0.9378 0.1771 0.0366
1 0.3383 0.8638 0.1675 0.0351
3 0.3383 0.7527 0.1648 0.0326
3 0.5840 0.8622 0.0647 0.0328
2 0.6947 0.5727 0.1443 0.0351
2 0.6948 0.4246 0.1461 0.0364
3 0.5802 0.7903 0.0665 0.0347
3 0.8543 0.6840 0.1542 0.0326
1 0.4887 0.8983 0.1273 0.0322
3 0.4796 0.6411 0.1187 0.0334
2 0.5826 0.5331 0.0750 0.0334
3 0.4889 0.8263 0.1238 0.0357
3 0.3346 0.7152 0.1685 0.0356
1 0.6959 0.8610 0.1539 0.0311
1 0.1651 0.9009 0.1757 0.0340
1 0.8538 0.8249 0.1565 0.0300
3 0.8535 0.6113 0.1567 0.0342
2 0.4790 0.5661 0.1184 0.0317
1 0.4878 0.8623 0.1277 0.0345
3 0.4803 0.7161 0.1195 0.0335
