3 0.5028 0.9027 0.1055 0.0166
3 0.5922 0.9573 0.0687 0.0172
2 0.5866 0.8112 0.0746 0.0194
3 0.5912 0.9395 0.0700 0.0173
2 0.8156 0.7775 0.1341 0.0193
3 0.6917 0.9771 0.1285 0.0211
2 0.2290 0.7702 0.1363 0.0170
3 0.8167 0.8679 0.1336 0.0175
3 0.8193 0.8868 0.1328 0.0169
2 0.5906 0.8659 0.0703 0.0174
2 0.4975 0.8105 0.1076 0.0172
3 0.6873 0.8861 0.1253 0.0170
3 0.5017 0.9569 0.1090 0.0181
3 0.8205 0.9048 0.1303 0.0177
2 0.2307 0.8467 0.1412 0.0181
2 0.2317 0.8106 0.1374 0.0157
3 0.8253 0.9757 0.1291 0.0186
2 0.3727 0.8108 0.1500 0.0151
3 0.2326 0.9211 0.1476 0.0196
3 0.3769 0.8844 0.1425 0.0171
3 0.5899 0.9030 0.0663 0.0168
2 0.8151 0.7590 0.1427 0.0196
2 0.3753 0.8284 0.1483 0.0164
2 0.5880 0.8307 0.0731 0.0199
2 0.5007 0.8665 0.1062 0.0172
3 0.3766 0.9031 0.1441 0.0177
2 0.2296 0.8269 0.1403 0.0189
2 0.8130 0.8505 0.1355 0.0178
3 0.3771 0.9395 0.1388 0.0176
3 0.8221 0.9392 0.1250 0.0165
3 0.2334 0.9573 0.1444 0.0183
3 0.8239 0.9567 0.1284 0.0170
2 0.3753 0.8659 0.1423 0.0163
2 0.5869 0.7746 0.0765 0.0201
3 0.2342 0.9387 0.1495 0.0183
2 0.6870 0.8127 0.1264 0.0156
3 0.6915 0.9207 0.1295 0.0172
2 0.5899 0.7564 0.0770 0.0218
2 0.5876 0.7932 0.0734 0.0187
2 0.4965 0.7735 0.1086 0.0185
3 0.3789 0.9201 0.1402 0.0170
3 0.2310 0.8839 0.1453 0.0171
3 0.2311 0.9027 0.1455 0.0186
2 0.6854 0.7580 0.1285 0.0184
3 0.2331 0.8659 0.1431 0.0195
2 0.3749 0.8478 0.1480 0.0173
2 0.4995 0.8486 0.1063 0.0183
2 0.5891 0.8487 0.0737 0.0177
2 0.4978 0.7554 0.1148 0.0200
3 0.3770 0.9571 0.1379 0.0162
2 0.6863 0.8310 0.1275 0.0174
3 0.5032 0.8854 0.1071 0.0176
3 0.2357 0.9785 0.1498 0.0253
2 0.4991 0.8301 0.1064 0.0192
2 0.8163 0.7956 0.1357 0.0176
3 0.5022 0.9215 0.1066 0.0166
2 0.6865 0.8668 0.1281 0.0161
3 0.8210 0.9224 0.1272 0.0165
2 0.3735 0.7922 0.1506 0.0189
3 0.6918 0.9571 0.1310 0.0165
3 0.6883 0.9042 0.1284 0.0183
3 0.5006 0.9392 0.1048 0.0180
2 0.6855 0.7761 0.1247 0.0184
3 0.5022 0.9781 0.1090 0.0236
3 0.6923 0.9394 0.1300 0.0180
2 0.4976 0.7929 0.1073 0.0175
2 0.6878 0.7946 0.1265 0.0172
2 0.8149 0.8142 0.1269 0.0192
2 0.6861 0.8496 0.1272 0.0164
3 0.5921 0.9775 0.0675 0.0209
3 0.3798 0.9783 0.1334 0.0250
2 0.3714 0.7542 0.1474 0.0197
3 0.5932 0.8848 0.0646 0.0189
2 0.2364 0.7530 0.1300 0.0242
2 0.8136 0.8314 0.1261 0.0178
3 0.5911 0.9212 0.0674 0.0185
2 0.2281 0.7903 0.1443 0.0205
2 0.3737 0.7720 0.1502 0.0187
