2 0.9932 0.6295 0.0136 0.0267
2 0.9932 0.6769 0.0136 0.0252
2 0.9934 0.6531 0.0133 0.0255
3 0.9937 0.7229 0.0126 0.0239
3 0.9934 0.7008 0.0133 0.0221
2 0.9321 0.9624 0.0521 0.0212
3 0.9750 0.9607 0.0320 0.0195
2 0.0631 0.6256 0.0869 0.0322
2 0.0614 0.5947 0.0889 0.0361
2 0.0612 0.5634 0.0901 0.0376
2 0.1302 0.6290 0.0496 0.0287
2 0.1294 0.5999 0.0480 0.0302
2 0.1302 0.5708 0.0496 0.0346
2 0.8905 0.9637 0.0303 0.0221
2 0.1994 0.5778 0.0928 0.0383
2 0.1990 0.6080 0.0889 0.0361
2 0.1996 0.6373 0.0901 0.0321
2 0.2649 0.5848 0.0397 0.0317
2 0.2651 0.6150 0.0393 0.0302
2 0.2651 0.6439 0.0369 0.0284
2 0.3083 0.5898 0.0448 0.0328
2 0.3091 0.6187 0.0456 0.0309
2 0.3093 0.6472 0.0460 0.0313
2 0.3577 0.6227 0.0452 0.0302
2 0.3581 0.6529 0.0436 0.0302
2 0.4198 0.6294 0.0766 0.0324
2 0.4204 0.6570 0.0754 0.0302
2 0.4999 0.6365 0.0766 0.0313
2 0.5013 0.6645 0.0801 0.0298
2 0.6455 0.6498 0.0393 0.0276
2 0.6866 0.6542 0.0413 0.0276
2 0.6463 0.6778 0.0393 0.0261
2 0.6878 0.6802 0.0405 0.0258
2 0.7269 0.6842 0.0377 0.0258
2 0.7610 0.5609 0.0311 0.0276
2 0.8399 0.5699 0.0573 0.0291
2 0.8829 0.5759 0.0287 0.0238
2 0.7616 0.5863 0.0313 0.0252
2 0.7617 0.6112 0.0303 0.0259
2 0.7625 0.6367 0.0281 0.0273
2 0.7623 0.6630 0.0294 0.0281
2 0.8397 0.5952 0.0565 0.0291
2 0.8399 0.6196 0.0551 0.0284
2 0.8406 0.6437 0.0537 0.0258
2 0.8404 0.6681 0.0562 0.0235
2 0.8837 0.6004 0.0303 0.0248
2 0.8844 0.6249 0.0295 0.0245
2 0.8848 0.6484 0.0281 0.0225
2 0.8845 0.6714 0.0320 0.0225
2 0.7635 0.6874 0.0297 0.0243
2 0.7650 0.7124 0.0292 0.0238
2 0.7640 0.7356 0.0306 0.0220
2 0.7987 0.5649 0.0245 0.0276
2 0.7975 0.5895 0.0255 0.0288
2 0.7987 0.6152 0.0238 0.0258
2 0.7992 0.6404 0.0228 0.0252
2 0.7984 0.6646 0.0264 0.0245
2 0.9281 0.6994 0.0532 0.0243
2 0.9271 0.6768 0.0532 0.0261
2 0.9257 0.6053 0.0549 0.0298
2 0.9257 0.5821 0.0555 0.0288
2 0.7647 0.7631 0.0317 0.0245
2 0.7659 0.7882 0.0305 0.0239
2 0.7668 0.8914 0.0321 0.0236
2 0.7674 0.9160 0.0333 0.0236
3 0.8022 0.6894 0.0242 0.0217
3 0.8001 0.7130 0.0234 0.0230
3 0.8005 0.7381 0.0264 0.0251
3 0.8014 0.7634 0.0253 0.0261
3 0.8431 0.7640 0.0592 0.0294
3 0.9291 0.7225 0.0554 0.0266
3 0.9292 0.7459 0.0546 0.0238
3 0.9288 0.7702 0.0565 0.0253
3 0.7655 0.8636 0.0349 0.0254
3 0.7649 0.8382 0.0337 0.0254
2 0.7647 0.8131 0.0333 0.0269
3 0.7671 0.9409 0.0333 0.0261
3 0.6502 0.9155 0.0401 0.0261
2 0.8471 0.9638 0.0551 0.0221
3 0.6009 0.6441 0.0456 0.0298
3 0.5616 0.6394 0.0397 0.0301
3 0.5622 0.6670 0.0390 0.0288
3 0.6042 0.6964 0.0443 0.0301
3 0.6032 0.7246 0.0430 0.0307
3 0.6472 0.7035 0.0410 0.0288
3 0.6882 0.7054 0.0430 0.0273
3 0.7275 0.7084 0.0377 0.0270
2 0.8044 0.9662 0.0293 0.0235
3 0.6474 0.7552 0.0407 0.0286
3 0.6882 0.7570 0.0436 0.0273
3 0.7279 0.7599 0.0370 0.0288
3 0.5614 0.6949 0.0407 0.0264
3 0.5625 0.7226 0.0423 0.0291
3 0.5627 0.7495 0.0393 0.0288
3 0.5645 0.7768 0.0397 0.0288
3 0.6044 0.7767 0.0420 0.0291
3 0.5001 0.6904 0.0800 0.0334
3 0.5011 0.7731 0.0813 0.0301
3 0.5629 0.8039 0.0450 0.0303
3 0.6064 0.8058 0.0440 0.0286
3 0.4217 0.6850 0.0800 0.0331
3 0.4231 0.7992 0.0790 0.0322
3 0.4226 0.8287 0.0784 0.0310
3 0.5017 0.8302 0.0793 0.0310
3 0.5636 0.8305 0.0450 0.0261
3 0.6070 0.8313 0.0440 0.0252
3 0.3576 0.6790 0.0463 0.0310
3 0.3593 0.7089 0.0456 0.0288
2 0.7711 0.9642 0.0365 0.0188
3 0.3594 0.7368 0.0466 0.0313
1 0.3602 0.7670 0.0476 0.0316
3 0.3604 0.8252 0.0460 0.0325
3 0.3598 0.8542 0.0473 0.0304
2 0.6915 0.9674 0.0401 0.0241
3 0.4242 0.8555 0.0810 0.0288
3 0.5024 0.8591 0.0780 0.0310
3 0.3596 0.8848 0.0483 0.0310
3 0.4234 0.8844 0.0787 0.0319
3 0.5027 0.8858 0.0800 0.0273
3 0.3112 0.8836 0.0512 0.0304
3 0.3601 0.9137 0.0486 0.0273
3 0.4242 0.9151 0.0784 0.0301
3 0.5034 0.9146 0.0813 0.0304
3 0.5642 0.8592 0.0443 0.0301
3 0.5654 0.8874 0.0453 0.0295
3 0.5662 0.9143 0.0450 0.0279
3 0.7304 0.8890 0.0400 0.0270
3 0.6082 0.8589 0.0436 0.0282
3 0.6089 0.8873 0.0423 0.0279
3 0.6093 0.9147 0.0411 0.0266
3 0.6514 0.9413 0.0388 0.0258
3 0.6922 0.9408 0.0420 0.0256
3 0.6096 0.9422 0.0434 0.0262
3 0.5648 0.9423 0.0457 0.0268
3 0.5659 0.9723 0.0457 0.0307
3 0.6097 0.9691 0.0423 0.0260
3 0.5028 0.9418 0.0813 0.0283
3 0.4233 0.9424 0.0794 0.0271
3 0.3595 0.9420 0.0483 0.0285
3 0.3129 0.9425 0.0456 0.0307
3 0.3106 0.6742 0.0476 0.0285
3 0.3101 0.7036 0.0493 0.0359
3 0.3103 0.7334 0.0489 0.0316
3 0.3113 0.7636 0.0489 0.0325
3 0.2009 0.6675 0.0926 0.0282
3 0.2657 0.6715 0.0390 0.0301
2 0.6507 0.9681 0.0374 0.0242
3 0.2001 0.6972 0.0929 0.0347
3 0.2666 0.7025 0.0403 0.0331
3 0.2007 0.7280 0.0942 0.0295
3 0.2666 0.7326 0.0403 0.0319
3 0.2010 0.7567 0.0916 0.0322
3 0.2663 0.7624 0.0383 0.0313
1 0.2666 0.7918 0.0390 0.0313
3 0.2002 0.7889 0.0912 0.0322
3 0.1994 0.8198 0.0896 0.0288
3 0.0635 0.6566 0.0850 0.0368
3 0.1308 0.6601 0.0476 0.0365
3 0.0617 0.6885 0.0866 0.0331
3 0.1303 0.6928 0.0466 0.0307
3 0.0622 0.7190 0.0882 0.0326
3 0.1308 0.7232 0.0455 0.0311
3 0.1301 0.7544 0.0441 0.0313
2 0.5023 0.9751 0.0752 0.0348
3 0.0613 0.7510 0.0866 0.0335
3 0.0613 0.7821 0.0870 0.0343
3 0.0600 0.8141 0.0875 0.0339
3 0.1306 0.8165 0.0464 0.0298
3 0.0593 0.8463 0.0861 0.0332
3 0.0587 0.8768 0.0863 0.0311
3 0.0573 0.9086 0.0849 0.0307
3 0.1989 0.8806 0.0902 0.0287
3 0.1260 0.9423 0.0445 0.0300
3 0.0587 0.9413 0.0868 0.0322
3 0.9942 0.7943 0.0116 0.0225
3 0.9944 0.8185 0.0112 0.0228
3 0.9950 0.8415 0.0100 0.0247
3 0.9952 0.8645 0.0096 0.0250
3 0.9952 0.8893 0.0096 0.0247
3 0.9952 0.9138 0.0096 0.0236
2 0.7329 0.9655 0.0400 0.0188
2 0.3588 0.9759 0.0459 0.0378
2 0.3116 0.9781 0.0465 0.0370
2 0.1273 0.9752 0.0466 0.0347
3 0.9954 0.9376 0.0092 0.0239
3 0.9328 0.9128 0.0551 0.0241
2 0.9945 0.7725 0.0110 0.0236
1 0.2002 0.8502 0.0905 0.0313
1 0.1301 0.8472 0.0485 0.0304
1 0.1288 0.8790 0.0482 0.0330
1 0.2658 0.8219 0.0402 0.0286
1 0.2658 0.8522 0.0413 0.0295
3 0.1958 0.9408 0.0949 0.0335
3 0.1971 0.9104 0.0925 0.0316
1 0.3115 0.8525 0.0496 0.0295
1 0.2661 0.8818 0.0407 0.0291
1 0.3114 0.9124 0.0505 0.0277
3 0.2655 0.9116 0.0409 0.0281
3 0.1247 0.9101 0.0471 0.0288
1 0.1299 0.7861 0.0486 0.0327
1 0.7310 0.9401 0.0397 0.0266
3 0.9764 0.9363 0.0282 0.0261
1 0.7302 0.9148 0.0397 0.0261
1 0.6909 0.9146 0.0405 0.0259
3 0.9754 0.9116 0.0279 0.0253
3 0.9746 0.8893 0.0284 0.0225
1 0.6898 0.8884 0.0422 0.0256
1 0.6496 0.8873 0.0405 0.0274
1 0.6489 0.8601 0.0386 0.0261
1 0.6897 0.8615 0.0402 0.0258
3 0.9746 0.8665 0.0297 0.0230
1 0.7296 0.8621 0.0397 0.0251
1 0.6488 0.8337 0.0383 0.0266
3 0.9742 0.8432 0.0288 0.0230
1 0.6901 0.8362 0.0394 0.0248
1 0.7289 0.8373 0.0388 0.0245
3 0.9734 0.8203 0.0289 0.0228
1 0.7292 0.8115 0.0399 0.0266
1 0.7278 0.7850 0.0377 0.0248
1 0.6877 0.7835 0.0413 0.0258
1 0.6883 0.8096 0.0408 0.0263
1 0.6486 0.8078 0.0386 0.0258
1 0.6475 0.7817 0.0386 0.0268
1 0.8017 0.7901 0.0270 0.0238
1 0.8019 0.8147 0.0266 0.0241
2 0.4223 0.9749 0.0782 0.0352
1 0.8016 0.8400 0.0268 0.0240
1 0.8006 0.8646 0.0304 0.0238
1 0.8865 0.7927 0.0297 0.0250
1 0.8427 0.7903 0.0574 0.0252
1 0.9295 0.7945 0.0557 0.0243
1 0.8429 0.8162 0.0563 0.0254
1 0.8863 0.8172 0.0300 0.0254
1 0.9302 0.8176 0.0574 0.0239
1 0.9307 0.8425 0.0574 0.0252
1 0.9308 0.8657 0.0566 0.0229
1 0.8873 0.8409 0.0302 0.0241
1 0.8881 0.8651 0.0295 0.0245
1 0.8442 0.8404 0.0568 0.0245
1 0.8438 0.8651 0.0561 0.0245
1 0.8013 0.8894 0.0300 0.0241
1 0.8019 0.9139 0.0316 0.0270
1 0.8025 0.9402 0.0316 0.0252
1 0.8448 0.8895 0.0570 0.0261
1 0.8454 0.9142 0.0574 0.0247
1 0.8453 0.9387 0.0561 0.0243
1 0.8885 0.8898 0.0310 0.0236
1 0.8889 0.9136 0.0298 0.0240
1 0.8889 0.9391 0.0306 0.0252
1 0.9331 0.9378 0.0570 0.0254
1 0.9325 0.8893 0.0578 0.0236
3 0.9730 0.7961 0.0292 0.0258
3 0.9724 0.7720 0.0296 0.0222
3 0.9723 0.7482 0.0321 0.0266
3 0.9718 0.7235 0.0307 0.0245
3 0.9699 0.6993 0.0307 0.0210
3 0.9693 0.6532 0.0307 0.0243
3 0.9697 0.6768 0.0311 0.0223
3 0.9691 0.6310 0.0314 0.0248
3 0.9691 0.6066 0.0297 0.0245
3 0.9688 0.5841 0.0288 0.0241
2 0.9922 0.5812 0.0155 0.0252
2 0.9922 0.6054 0.0156 0.0258
2 0.9942 0.7490 0.0116 0.0239
2 0.7290 0.5659 0.0279 0.0337
2 0.7288 0.5914 0.0281 0.0318
2 0.7304 0.6160 0.0299 0.0311
2 0.7325 0.6340 0.0247 0.0164
2 0.7034 0.6283 0.0251 0.0239
2 0.7017 0.5834 0.0271 0.0303
2 0.6760 0.5959 0.0236 0.0305
2 0.6772 0.6189 0.0234 0.0284
2 0.6795 0.6333 0.0240 0.0117
3 0.9959 0.9598 0.0083 0.0208
2 0.7273 0.6569 0.0369 0.0295
3 0.5004 0.7162 0.0800 0.0273
3 0.5007 0.7444 0.0807 0.0302
3 0.6040 0.7513 0.0426 0.0262
3 0.6464 0.7278 0.0407 0.0284
3 0.6879 0.7306 0.0423 0.0273
3 0.6027 0.6692 0.0440 0.0254
3 0.8859 0.7421 0.0309 0.0248
3 0.8851 0.7189 0.0325 0.0234
3 0.8413 0.7159 0.0568 0.0246
3 0.8419 0.7389 0.0573 0.0220
2 0.9270 0.6516 0.0516 0.0254
2 0.9270 0.6277 0.0549 0.0255
3 0.8413 0.6915 0.0562 0.0240
3 0.8864 0.7670 0.0306 0.0265
3 0.8847 0.6946 0.0322 0.0266
3 0.3120 0.7933 0.0482 0.0312
3 0.7280 0.7327 0.0387 0.0272
3 0.5014 0.8012 0.0780 0.0278
3 0.4219 0.7404 0.0803 0.0302
3 0.4214 0.7106 0.0800 0.0303
3 0.4215 0.7687 0.0797 0.0298
3 0.3601 0.7947 0.0473 0.0281
3 0.3106 0.8231 0.0476 0.0291
2 0.7020 0.6074 0.0280 0.0301
