3 0.1384 0.0824 0.1023 0.0299
1 0.0959 0.2774 0.1194 0.0461
3 0.1485 0.0525 0.0950 0.0264
3 0.2268 0.4934 0.1427 0.0564
1 0.2266 0.6198 0.1550 0.0658
2 0.3834 0.3807 0.1514 0.0520
1 0.7315 0.2315 0.1102 0.0451
2 0.4233 0.9044 0.1931 0.1004
2 0.4160 0.8245 0.1765 0.0773
2 0.3865 0.4926 0.1519 0.0615
1 0.1245 0.1093 0.1055 0.0351
3 0.6903 0.0726 0.1078 0.0350
3 0.5985 0.4847 0.2493 0.0579
1 0.5428 0.1076 0.2074 0.0382
2 0.6473 0.8098 0.2950 0.0830
2 0.0882 0.8773 0.0927 0.1543
1 0.1020 0.2312 0.1151 0.0439
2 0.6552 0.8953 0.2965 0.1128
1 0.2295 0.2313 0.1362 0.0439
1 0.2259 0.3297 0.1399 0.0488
1 0.8027 0.5379 0.1287 0.0576
1 0.2320 0.7560 0.1613 0.0689
1 0.0886 0.3802 0.1235 0.0523
1 0.0903 0.6915 0.1141 0.0665
1 0.2270 0.5547 0.1507 0.0598
3 0.0832 0.4366 0.1269 0.0558
1 0.0926 0.7630 0.1060 0.0693
3 0.5343 0.0417 0.1921 0.0285
3 0.6854 0.0402 0.1017 0.0312
3 0.5908 0.4282 0.2469 0.0552
2 0.3684 0.0742 0.1233 0.0349
2 0.4014 0.6803 0.1745 0.0675
1 0.2311 0.1873 0.1320 0.0402
2 0.8713 0.8803 0.1565 0.0936
3 0.7782 0.4256 0.1243 0.0545
3 0.1181 0.1443 0.1084 0.0398
2 0.2323 0.9079 0.1876 0.0847
1 0.5653 0.2794 0.2340 0.0461
2 0.4028 0.7479 0.1812 0.0733
1 0.5749 0.3273 0.2385 0.0483
3 0.0818 0.4951 0.1230 0.0605
3 0.2250 0.4364 0.1448 0.0537
2 0.8600 0.8005 0.1427 0.0743
2 0.3737 0.1473 0.1417 0.0399
2 0.3795 0.3296 0.1514 0.0520
1 0.8338 0.6633 0.1388 0.0639
1 0.0931 0.3286 0.1247 0.0486
2 0.3718 0.1881 0.1417 0.0399
1 0.0881 0.6234 0.1218 0.0658
2 0.3857 0.4356 0.1514 0.0576
1 0.7011 0.1067 0.1029 0.0367
3 0.7097 0.1470 0.1094 0.0393
1 0.8475 0.7309 0.1435 0.0690
1 0.2379 0.1095 0.1314 0.0357
1 0.8173 0.5988 0.1289 0.0636
3 0.7207 0.1886 0.1084 0.0423
1 0.6801 0.5384 0.1240 0.0611
1 0.2253 0.3812 0.1414 0.0515
3 0.2439 0.0764 0.1192 0.0318
3 0.1097 0.1871 0.1125 0.0381
1 0.6168 0.6066 0.2673 0.0708
3 0.5402 0.0708 0.1990 0.0322
2 0.3766 0.2827 0.1514 0.0520
2 0.3932 0.6145 0.1627 0.0696
1 0.6381 0.7396 0.2745 0.0827
1 0.5614 0.2325 0.2229 0.0463
2 0.3872 0.5526 0.1670 0.0653
1 0.2293 0.2791 0.1387 0.0470
1 0.7394 0.2776 0.1124 0.0439
1 0.5821 0.3771 0.2389 0.0561
2 0.3711 0.0450 0.1197 0.0269
3 0.2331 0.1468 0.1218 0.0371
1 0.2283 0.6865 0.1595 0.0696
2 0.3718 0.1095 0.1417 0.0329
3 0.5556 0.1860 0.2162 0.0411
2 0.3737 0.2339 0.1514 0.0520
1 0.0823 0.5577 0.1175 0.0603
1 0.7655 0.3752 0.1208 0.0480
1 0.6268 0.6714 0.2727 0.0701
3 0.2512 0.0481 0.1147 0.0317
3 0.5497 0.1460 0.2130 0.0373
2 0.2299 0.8257 0.1866 0.0774
1 0.5410 0.5481 0.1193 0.0544
1 0.7508 0.3235 0.1125 0.0443
3 0.7906 0.4813 0.1265 0.0558
