2 0.6379 0.7453 0.1758 0.0280
3 0.6393 0.7757 0.1734 0.0271
2 0.7926 0.7146 0.1281 0.0273
2 0.4877 0.6514 0.1120 0.0284
3 0.4913 0.8716 0.1188 0.0298
2 0.4878 0.7144 0.1136 0.0288
3 0.2083 0.8735 0.0815 0.0290
3 0.6409 0.8070 0.1722 0.0313
2 0.0963 0.5531 0.1243 0.0302
2 0.3411 0.7452 0.1671 0.0273
2 0.4860 0.6201 0.1094 0.0290
3 0.4936 0.8081 0.1202 0.0318
3 0.3447 0.8087 0.1734 0.0322
3 0.9290 0.8716 0.1420 0.0323
2 0.9130 0.7455 0.0964 0.0331
3 0.7937 0.9043 0.1267 0.0314
2 0.4877 0.6824 0.1122 0.0287
2 0.9139 0.5894 0.0935 0.0269
2 0.2068 0.6818 0.0951 0.0286
2 0.7936 0.7454 0.1304 0.0293
3 0.7916 0.8391 0.1255 0.0317
2 0.7928 0.6831 0.1230 0.0296
3 0.2039 0.7758 0.0926 0.0301
2 0.0978 0.6472 0.1099 0.0279
2 0.2053 0.7128 0.0852 0.0272
2 0.9133 0.6828 0.0958 0.0278
2 0.9129 0.6506 0.0989 0.0283
3 0.6415 0.8719 0.1736 0.0327
2 0.6360 0.7152 0.1713 0.0271
3 0.3428 0.9035 0.1721 0.0292
3 0.4904 0.9028 0.1206 0.0309
3 0.0982 0.9045 0.1304 0.0294
2 0.7948 0.5892 0.1351 0.0291
3 0.2081 0.8417 0.0816 0.0322
2 0.2052 0.5859 0.0970 0.0275
3 0.4893 0.9361 0.1189 0.0327
3 0.3420 0.8725 0.1735 0.0296
2 0.0977 0.7434 0.1189 0.0276
2 0.6351 0.6515 0.1745 0.0277
2 0.2069 0.9732 0.0877 0.0404
3 0.6412 0.9356 0.1763 0.0286
2 0.9331 0.9688 0.1339 0.0398
3 0.0961 0.7754 0.1191 0.0312
3 0.0992 0.8084 0.1260 0.0337
3 0.3434 0.9351 0.1680 0.0319
3 0.3416 0.7765 0.1634 0.0301
2 0.3376 0.6196 0.1653 0.0294
3 0.6408 0.8389 0.1722 0.0313
3 0.2080 0.9359 0.0858 0.0315
3 0.9281 0.8064 0.1439 0.0317
3 0.3418 0.8409 0.1734 0.0304
3 0.2093 0.8081 0.0928 0.0334
2 0.3370 0.5869 0.1677 0.0273
2 0.0979 0.6177 0.1126 0.0297
3 0.4928 0.8399 0.1202 0.0318
2 0.8007 0.5570 0.1261 0.0296
3 0.7929 0.8718 0.1255 0.0336
2 0.0976 0.9726 0.1260 0.0377
2 0.9105 0.6192 0.0992 0.0280
3 0.2082 0.9046 0.0823 0.0301
2 0.6405 0.9713 0.1761 0.0398
2 0.6349 0.5879 0.1760 0.0265
2 0.3353 0.5544 0.1708 0.0323
2 0.2042 0.6181 0.0956 0.0306
2 0.7936 0.6200 0.1303 0.0308
2 0.2060 0.7441 0.0967 0.0286
3 0.4896 0.7771 0.1167 0.0272
2 0.4871 0.7462 0.1133 0.0288
2 0.7973 0.9697 0.1340 0.0398
3 0.7947 0.9347 0.1198 0.0272
3 0.6410 0.9044 0.1751 0.0319
2 0.0975 0.7126 0.1190 0.0295
2 0.3423 0.6820 0.1602 0.0271
3 0.0996 0.9362 0.1293 0.0344
3 0.9282 0.9341 0.1437 0.0261
2 0.4887 0.5559 0.1113 0.0319
2 0.6354 0.6828 0.1697 0.0287
2 0.7947 0.6503 0.1275 0.0273
3 0.9132 0.7771 0.0955 0.0282
3 0.1002 0.8735 0.1261 0.0295
2 0.4895 0.9729 0.1191 0.0388
2 0.6376 0.6202 0.1852 0.0287
3 0.0990 0.8418 0.1260 0.0337
2 0.2038 0.6498 0.0961 0.0307
2 0.9156 0.5585 0.0929 0.0288
2 0.4864 0.5877 0.1091 0.0296
3 0.9287 0.8385 0.1426 0.0323
3 0.9302 0.9044 0.1396 0.0315
2 0.6370 0.5586 0.1790 0.0346
2 0.2049 0.5529 0.0922 0.0305
2 0.0956 0.5850 0.1195 0.0285
2 0.3398 0.6504 0.1637 0.0280
2 0.3447 0.9725 0.1660 0.0424
2 0.0953 0.6809 0.1126 0.0285
3 0.7898 0.8073 0.1255 0.0317
3 0.7953 0.7774 0.1324 0.0285
2 0.9089 0.7130 0.0964 0.0331
2 0.3382 0.7146 0.1671 0.0276
