3 0.3159 0.2743 0.0233 0.0644
2 0.5030 0.1471 0.0302 0.0696
2 0.9756 0.8219 0.0301 0.1007
3 0.1305 0.6697 0.0418 0.0927
3 0.7007 0.6229 0.0294 0.0877
3 0.3239 0.8377 0.0285 0.0882
3 0.2735 0.4188 0.0468 0.0673
2 0.4776 0.7355 0.0324 0.0821
2 0.8729 0.3363 0.0405 0.0701
2 0.5405 0.0857 0.0476 0.0617
2 0.5868 0.0877 0.0440 0.0619
3 0.3082 0.4979 0.0237 0.0724
2 0.2397 0.0755 0.0483 0.0756
3 0.0122 0.7609 0.0244 0.0903
3 0.4304 0.8281 0.0515 0.0895
3 0.1393 0.5837 0.0376 0.0976
3 0.7642 0.6961 0.0467 0.0807
2 0.3983 0.1455 0.0270 0.0688
3 0.3953 0.2726 0.0225 0.0663
2 0.2373 0.1460 0.0494 0.0670
2 0.5896 0.1496 0.0455 0.0642
3 0.0533 0.5864 0.0339 0.0947
2 0.7063 0.3414 0.0285 0.0803
2 0.7146 0.4798 0.0268 0.0844
3 0.5964 0.3393 0.0500 0.0634
2 0.4746 0.1462 0.0270 0.0622
2 0.8915 0.8577 0.0367 0.1140
2 0.3555 0.9440 0.0342 0.1091
2 0.5741 0.9185 0.0219 0.1093
3 0.8069 0.6069 0.0478 0.0836
3 0.3663 0.3445 0.0232 0.0654
3 0.9378 0.6731 0.0200 0.0817
3 0.3053 0.5746 0.0265 0.0797
3 0.9073 0.6694 0.0421 0.0753
2 0.6248 0.2098 0.0238 0.0712
3 0.6085 0.7153 0.0468 0.0759
2 0.4754 0.3472 0.0284 0.0728
3 0.1177 0.8556 0.0449 0.0997
2 0.8533 0.4662 0.0382 0.0821
3 0.3566 0.8349 0.0302 0.0965
3 0.3622 0.5741 0.0264 0.0808
2 0.9322 0.8429 0.0327 0.1022
2 0.3865 0.9397 0.0298 0.1161
2 0.7420 0.8916 0.0326 0.1275
3 0.0674 0.4322 0.0288 0.0873
2 0.6831 0.3408 0.0302 0.0794
2 0.0769 0.0837 0.0361 0.0860
3 0.5070 0.4190 0.0262 0.0660
3 0.5556 0.7227 0.0501 0.0738
3 0.6304 0.3417 0.0194 0.0627
2 0.6803 0.9008 0.0269 0.1231
3 0.0411 0.4330 0.0333 0.0991
3 0.7353 0.7804 0.0240 0.0815
3 0.3341 0.4954 0.0259 0.0739
3 0.5470 0.4148 0.0471 0.0599
2 0.5436 0.2157 0.0505 0.0584
3 0.3870 0.8327 0.0281 0.0895
3 0.5461 0.3414 0.0458 0.0619
3 0.5523 0.6409 0.0505 0.0673
3 0.2801 0.2794 0.0495 0.0753
3 0.3643 0.4165 0.0219 0.0650
2 0.5425 0.1511 0.0510 0.0609
2 0.4751 0.2781 0.0296 0.0729
3 0.1013 0.5046 0.0583 0.0871
3 0.1818 0.4249 0.0293 0.0747
2 0.4741 0.2127 0.0302 0.0698
2 0.3700 0.2102 0.0288 0.0704
2 0.0888 0.2190 0.0300 0.0772
3 0.5582 0.8089 0.0506 0.0786
3 0.6607 0.4769 0.0273 0.0751
2 0.9323 0.3960 0.0207 0.0465
2 0.9021 0.3347 0.0253 0.0702
3 0.2295 0.2775 0.0505 0.0686
3 0.3110 0.4246 0.0253 0.0717
2 0.4308 0.9373 0.0536 0.1026
3 0.1710 0.5880 0.0318 0.0965
2 0.1014 0.0823 0.0324 0.0801
2 0.9091 0.3959 0.0282 0.0742
2 0.4346 0.1476 0.0477 0.0593
2 0.4756 0.4194 0.0289 0.0728
2 0.8924 0.5368 0.0415 0.0823
2 0.5449 0.9257 0.0287 0.1006
3 0.6648 0.5511 0.0294 0.0742
3 0.9462 0.7395 0.0237 0.0825
3 0.1197 0.2816 0.0543 0.0714
3 0.8550 0.7565 0.0257 0.0832
3 0.2961 0.8376 0.0298 0.0904
2 0.1781 0.0816 0.0350 0.0763
2 0.3440 0.2131 0.0273 0.0754
3 0.4313 0.6591 0.0517 0.0715
3 0.5052 0.2756 0.0264 0.0695
2 0.1688 0.2135 0.0387 0.0757
2 0.9138 0.4569 0.0261 0.0774
2 0.4785 0.9359 0.0344 0.1179
3 0.8800 0.7524 0.0262 0.0812
3 0.6413 0.6320 0.0225 0.0765
3 0.0562 0.2797 0.0320 0.0782
2 0.3970 0.2090 0.0282 0.0671
3 0.9165 0.7481 0.0418 0.0783
3 0.6261 0.2701 0.0191 0.0609
3 0.7246 0.6184 0.0261 0.0844
3 0.7297 0.6998 0.0250 0.0834
3 0.4788 0.8238 0.0314 0.0843
3 0.9658 0.7343 0.0246 0.0792
2 0.9219 0.3277 0.0227 0.0548
2 0.0638 0.9521 0.0613 0.0958
2 0.3707 0.1449 0.0300 0.0682
3 0.5077 0.4949 0.0291 0.0718
2 0.3224 0.0718 0.0257 0.0698
3 0.0339 0.5140 0.0324 0.0923
3 0.4324 0.4231 0.0492 0.0620
3 0.0294 0.8518 0.0268 0.0936
2 0.4738 0.0846 0.0288 0.0712
2 0.7103 0.4078 0.0276 0.0804
3 0.5914 0.2726 0.0442 0.0640
3 0.1862 0.3525 0.0284 0.0810
3 0.6348 0.4797 0.0214 0.0755
2 0.8223 0.4030 0.0363 0.0768
2 0.6442 0.1469 0.0228 0.0635
3 0.2612 0.6620 0.0508 0.0698
3 0.5492 0.4877 0.0483 0.0638
3 0.6731 0.7125 0.0276 0.0733
2 0.3189 0.2123 0.0287 0.0744
3 0.2156 0.4980 0.0524 0.0765
3 0.6782 0.7937 0.0288 0.0786
3 0.6126 0.8068 0.0462 0.0779
3 0.0782 0.7638 0.0586 0.0993
3 0.5061 0.3457 0.0270 0.0600
2 0.2866 0.0818 0.0460 0.0634
2 0.1910 0.9485 0.0639 0.1030
2 0.2941 0.9464 0.0363 0.1069
3 0.8731 0.6805 0.0249 0.0824
3 0.1573 0.3573 0.0364 0.0780
3 0.1437 0.5015 0.0391 0.0879
3 0.3632 0.4930 0.0238 0.0730
2 0.9545 0.8305 0.0305 0.1066
3 0.1520 0.4265 0.0375 0.0757
2 0.0959 0.1503 0.0296 0.0758
3 0.5981 0.4098 0.0405 0.0659
3 0.8493 0.6856 0.0222 0.0697
3 0.0246 0.5990 0.0320 0.0898
3 0.0590 0.5073 0.0348 0.0986
2 0.0685 0.1494 0.0288 0.0432
2 0.3986 0.0802 0.0265 0.0706
3 0.3914 0.5738 0.0244 0.0829
2 0.6202 0.0841 0.0250 0.0699
2 0.8416 0.3338 0.0330 0.0828
2 0.7123 0.8952 0.0290 0.1228
3 0.1664 0.6670 0.0348 0.1004
3 0.9513 0.5922 0.0275 0.0804
3 0.4311 0.5003 0.0488 0.0732
2 0.3230 0.9442 0.0311 0.1095
3 0.3293 0.6572 0.0242 0.0760
3 0.1515 0.8509 0.0326 0.0972
3 0.6514 0.2719 0.0257 0.0644
2 0.1359 0.0760 0.0523 0.0780
3 0.2237 0.4246 0.0520 0.0633
3 0.3417 0.2767 0.0240 0.0613
3 0.5080 0.5707 0.0276 0.0692
2 0.5921 0.2144 0.0446 0.0649
2 0.8268 0.8752 0.0559 0.1221
2 0.7819 0.3450 0.0475 0.0690
3 0.6575 0.4071 0.0267 0.0746
2 0.8789 0.4029 0.0432 0.0736
3 0.4333 0.2795 0.0465 0.0645
3 0.1645 0.2813 0.0311 0.0760
2 0.2851 0.1463 0.0469 0.0541
2 0.1106 0.9519 0.0466 0.0962
3 0.1261 0.7623 0.0433 0.0959
3 0.2664 0.5803 0.0499 0.0733
3 0.5481 0.5622 0.0519 0.0607
3 0.0875 0.6779 0.0623 0.0946
2 0.1312 0.1482 0.0537 0.0755
3 0.0187 0.6720 0.0330 0.0984
3 0.7699 0.7757 0.0490 0.0863
3 0.3915 0.4936 0.0223 0.0723
2 0.4757 0.5742 0.0322 0.0853
2 0.8349 0.5407 0.0407 0.0840
3 0.6439 0.7135 0.0221 0.0739
2 0.2825 0.2089 0.0489 0.0714
2 0.8600 0.8611 0.0278 0.1288
3 0.3374 0.4181 0.0252 0.0640
3 0.1580 0.7603 0.0342 0.0990
2 0.3212 0.1366 0.0280 0.0722
3 0.0940 0.5847 0.0605 0.0931
3 0.3929 0.4203 0.0221 0.0668
3 0.8138 0.6860 0.0468 0.0832
3 0.5080 0.6467 0.0234 0.0726
2 0.8265 0.4722 0.0316 0.0908
2 0.4762 0.4939 0.0303 0.0815
3 0.7044 0.7021 0.0264 0.0781
3 0.3690 0.2730 0.0253 0.0666
2 0.3454 0.1463 0.0253 0.0707
3 0.3028 0.6657 0.0267 0.0799
2 0.6451 0.0833 0.0228 0.0585
2 0.7778 0.8871 0.0525 0.1259
3 0.2590 0.7478 0.0534 0.0896
3 0.3886 0.7401 0.0261 0.0818
2 0.4348 0.0818 0.0463 0.0628
3 0.8656 0.6049 0.0297 0.0898
2 0.7188 0.5531 0.0284 0.0860
3 0.4314 0.3484 0.0495 0.0638
3 0.5451 0.2759 0.0455 0.0627
3 0.4317 0.5799 0.0489 0.0731
3 0.0758 0.3531 0.0279 0.0807
3 0.6544 0.3364 0.0254 0.0693
3 0.0363 0.7618 0.0289 0.0929
3 0.6314 0.4084 0.0202 0.0689
2 0.0640 0.2098 0.0328 0.0746
3 0.6380 0.5532 0.0216 0.0721
3 0.5112 0.7290 0.0301 0.0804
2 0.7430 0.4074 0.0457 0.0732
3 0.6683 0.6308 0.0285 0.0786
2 0.6866 0.4094 0.0311 0.0821
2 0.6547 0.9058 0.0249 0.1200
3 0.3133 0.3507 0.0228 0.0711
3 0.8422 0.6110 0.0315 0.0961
2 0.4767 0.6531 0.0332 0.0776
3 0.6484 0.7968 0.0229 0.0777
3 0.0451 0.6696 0.0312 0.0927
2 0.1721 0.1503 0.0364 0.0625
3 0.0089 0.8480 0.0178 0.0918
3 0.9316 0.5961 0.0117 0.0765
3 0.9592 0.6616 0.0254 0.0787
2 0.5029 0.0808 0.0262 0.0737
2 0.2051 0.0800 0.0304 0.0777
3 0.2254 0.3527 0.0483 0.0791
2 0.9383 0.4611 0.0306 0.0631
3 0.2982 0.7508 0.0306 0.0903
3 0.2012 0.7569 0.0587 0.1012
3 0.0710 0.8559 0.0578 0.0989
3 0.1773 0.5016 0.0292 0.0920
3 0.6038 0.5569 0.0431 0.0690
2 0.8861 0.4662 0.0452 0.0814
3 0.0123 0.7605 0.0241 0.0906
2 0.9453 0.5268 0.0241 0.0559
2 0.3470 0.0830 0.0255 0.0706
3 0.3328 0.5753 0.0246 0.0721
2 0.6900 0.4787 0.0294 0.0798
2 0.1260 0.2146 0.0535 0.0794
3 0.2543 0.8426 0.0544 0.0915
2 0.6229 0.1459 0.0248 0.0702
2 0.8172 0.3350 0.0337 0.0738
2 0.7387 0.3425 0.0455 0.0686
2 0.3724 0.0837 0.0269 0.0680
2 0.1974 0.2072 0.0285 0.0846
3 0.7095 0.7846 0.0260 0.0808
3 0.1927 0.2796 0.0241 0.0674
3 0.0823 0.2821 0.0281 0.0769
2 0.8613 0.5380 0.0328 0.0824
3 0.3256 0.7435 0.0280 0.0836
2 0.5038 0.2111 0.0309 0.0685
3 0.1080 0.4297 0.0535 0.0835
2 0.7876 0.4094 0.0495 0.0720
3 0.6066 0.6330 0.0470 0.0746
2 0.2018 0.1442 0.0281 0.0702
3 0.2059 0.6706 0.0568 0.0838
3 0.2777 0.3465 0.0471 0.0703
3 0.3947 0.3439 0.0226 0.0672
2 0.8465 0.3994 0.0373 0.0743
3 0.4781 0.7376 0.0339 0.0820
2 0.7989 0.5414 0.0496 0.0851
3 0.8190 0.7694 0.0468 0.0808
3 0.9033 0.5970 0.0416 0.0808
2 0.2345 0.2124 0.0480 0.0705
2 0.1452 0.9525 0.0374 0.0949
3 0.1134 0.3559 0.0567 0.0781
3 0.4312 0.7405 0.0500 0.0726
3 0.5113 0.8170 0.0296 0.0861
3 0.3575 0.7428 0.0283 0.0789
3 0.3406 0.3445 0.0258 0.0720
2 0.6171 0.9136 0.0443 0.1204
3 0.7583 0.6163 0.0478 0.0809
2 0.7923 0.4789 0.0476 0.0764
3 0.2679 0.4973 0.0492 0.0725
3 0.3594 0.6533 0.0259 0.0749
3 0.6018 0.4777 0.0409 0.0657
2 0.6940 0.5520 0.0310 0.0823
3 0.0498 0.3543 0.0297 0.0829
3 0.3901 0.6545 0.0243 0.0730
3 0.2119 0.5853 0.0540 0.0842
2 0.7522 0.5457 0.0488 0.0892
3 0.1950 0.8468 0.0611 0.0977
2 0.2492 0.9470 0.0549 0.1048
2 0.7469 0.4778 0.0445 0.0750
2 0.0227 0.9500 0.0302 0.1000
2 0.9242 0.5306 0.0352 0.0850
2 0.6493 0.2117 0.0262 0.0711
2 0.5118 0.9236 0.0315 0.1066
2 0.6902 0.9017 0.0263 0.1197
2 0.4343 0.2092 0.0488 0.0642
