1 0.0999 0.3843 0.0537 0.0506
1 0.5341 0.5091 0.0264 0.0432
1 0.8813 0.0331 0.0256 0.0313
1 0.8471 0.6179 0.0484 0.0555
1 0.2095 0.6413 0.0572 0.0549
1 0.0542 0.5952 0.0387 0.0498
1 0.2823 0.5700 0.0203 0.0448
2 0.5895 0.7567 0.0187 0.0786
1 0.4304 0.4305 0.0416 0.0432
1 0.7118 0.2448 0.0362 0.0527
1 0.5074 0.2017 0.0191 0.0403
1 0.7997 0.0360 0.0326 0.0351
2 0.0980 0.7720 0.0402 0.0663
1 0.5995 0.6389 0.0306 0.0453
1 0.4002 0.3834 0.0188 0.0414
1 0.3769 0.3874 0.0231 0.0459
1 0.7599 0.4006 0.0490 0.0527
1 0.7571 0.0814 0.0508 0.0504
1 0.1526 0.2182 0.0495 0.0549
1 0.1513 0.3239 0.0495 0.0549
1 0.7146 0.4550 0.0382 0.0517
1 0.1014 0.6468 0.0535 0.0518
1 0.4289 0.2538 0.0399 0.0432
1 0.5072 0.3776 0.0198 0.0388
2 0.4860 0.7617 0.0269 0.0861
1 0.7156 0.5625 0.0380 0.0541
1 0.5071 0.1177 0.0224 0.0407
1 0.3041 0.3047 0.0254 0.0420
1 0.7568 0.0368 0.0508 0.0344
1 0.7601 0.5100 0.0499 0.0520
1 0.4745 0.5560 0.0418 0.0437
1 0.3764 0.3000 0.0223 0.0378
1 0.5084 0.5543 0.0217 0.0440
1 0.7145 0.4052 0.0390 0.0504
1 0.6791 0.0360 0.0233 0.0394
1 0.6221 0.2850 0.0182 0.0436
1 0.2791 0.3501 0.0203 0.0475
1 0.5642 0.4200 0.0291 0.0416
1 0.0541 0.6459 0.0385 0.0518
1 0.5327 0.1605 0.0271 0.0420
1 0.6772 0.5675 0.0299 0.0550
1 0.5071 0.0736 0.0224 0.0407
1 0.0973 0.0669 0.0537 0.0506
1 0.6786 0.0833 0.0233 0.0506
1 0.3325 0.1998 0.0340 0.0195
1 0.2078 0.1655 0.0572 0.0549
1 0.5645 0.4669 0.0314 0.0456
1 0.0999 0.4348 0.0537 0.0506
1 0.2828 0.5246 0.0203 0.0448
1 0.3291 0.3438 0.0189 0.0414
1 0.9142 0.1251 0.0332 0.0506
3 0.3957 0.7715 0.0474 0.0744
1 0.5953 0.1584 0.0298 0.0447
1 0.3057 0.4780 0.0245 0.0450
1 0.0529 0.5429 0.0373 0.0490
1 0.1539 0.6413 0.0495 0.0549
1 0.3969 0.2980 0.0196 0.0466
1 0.0969 0.1743 0.0537 0.0506
1 0.3993 0.4282 0.0212 0.0453
1 0.6785 0.6196 0.0295 0.0513
1 0.3781 0.6062 0.0232 0.0432
1 0.5076 0.5090 0.0213 0.0396
1 0.0530 0.3835 0.0373 0.0489
1 0.7122 0.0827 0.0378 0.0493
1 0.7126 0.2964 0.0375 0.0483
1 0.2810 0.4810 0.0203 0.0448
1 0.7574 0.1869 0.0510 0.0486
1 0.5069 0.4225 0.0202 0.0419
1 0.1544 0.4849 0.0495 0.0549
1 0.3576 0.1659 0.0128 0.0329
1 0.5668 0.5960 0.0316 0.0425
1 0.0980 0.1214 0.0538 0.0506
1 0.7608 0.5617 0.0497 0.0507
2 0.7839 0.7562 0.0422 0.0983
3 0.2143 0.6903 0.0455 0.0529
1 0.6221 0.1986 0.0201 0.0467
1 0.8005 0.0795 0.0326 0.0550
1 0.5621 0.0744 0.0321 0.0396
2 0.2813 0.3935 0.0219 0.0435
1 0.0532 0.3335 0.0366 0.0446
1 0.6231 0.3292 0.0188 0.0432
1 0.3510 0.5175 0.0226 0.0480
1 0.1016 0.5966 0.0541 0.0565
1 0.3510 0.3023 0.0223 0.0418
1 0.1513 0.0284 0.0495 0.0216
1 0.4320 0.6484 0.0407 0.0456
1 0.2124 0.5873 0.0572 0.0549
1 0.4309 0.5164 0.0403 0.0426
1 0.7119 0.1337 0.0378 0.0518
1 0.1526 0.0679 0.0495 0.0549
1 0.0524 0.0707 0.0349 0.0581
1 0.8023 0.2391 0.0343 0.0487
2 0.9859 0.7621 0.0274 0.1037
1 0.2070 0.0580 0.0572 0.0549
1 0.3051 0.4374 0.0240 0.0473
1 0.8825 0.1283 0.0271 0.0552
1 0.5325 0.2914 0.0249 0.0435
1 0.5342 0.5554 0.0253 0.0463
1 0.8460 0.5067 0.0487 0.0520
1 0.3759 0.5162 0.0226 0.0463
1 0.2808 0.3071 0.0188 0.0452
1 0.8048 0.5621 0.0330 0.0485
1 0.2081 0.1037 0.0572 0.0550
1 0.7123 0.0352 0.0369 0.0381
1 0.8805 0.6127 0.0158 0.0603
1 0.1531 0.1146 0.0495 0.0549
1 0.1521 0.3774 0.0495 0.0549
1 0.5968 0.4200 0.0300 0.0444
1 0.2085 0.4276 0.0572 0.0550
1 0.3771 0.4299 0.0229 0.0447
1 0.5327 0.3352 0.0261 0.0439
1 0.5965 0.3774 0.0309 0.0459
1 0.4431 0.6844 0.0212 0.0332
1 0.8845 0.5562 0.0217 0.0531
1 0.4009 0.6020 0.0210 0.0475
1 0.4286 0.2980 0.0412 0.0482
1 0.2081 0.3186 0.0572 0.0549
1 0.6208 0.1574 0.0201 0.0467
1 0.4721 0.2524 0.0422 0.0434
1 0.1536 0.4292 0.0495 0.0549
1 0.8006 0.1310 0.0331 0.0508
1 0.8439 0.2354 0.0494 0.0510
1 0.5066 0.2468 0.0182 0.0361
1 0.1011 0.5405 0.0540 0.0519
1 0.3514 0.4786 0.0219 0.0419
1 0.7575 0.1320 0.0505 0.0506
1 0.3984 0.2562 0.0202 0.0459
1 0.5957 0.2464 0.0309 0.0459
1 0.6209 0.1130 0.0227 0.0515
1 0.5067 0.1594 0.0224 0.0407
1 0.2065 0.0280 0.0585 0.0216
1 0.5342 0.4224 0.0292 0.0406
1 0.4284 0.1237 0.0401 0.0414
1 0.7597 0.4544 0.0496 0.0522
1 0.0978 0.0308 0.0537 0.0245
1 0.6217 0.2428 0.0201 0.0467
1 0.0986 0.7038 0.0433 0.0648
1 0.3513 0.3477 0.0223 0.0418
1 0.4307 0.4733 0.0412 0.0407
1 0.8428 0.0767 0.0487 0.0527
1 0.6789 0.2976 0.0233 0.0511
1 0.3763 0.2154 0.0220 0.0410
1 0.3758 0.0407 0.0220 0.0410
1 0.4720 0.1650 0.0413 0.0384
1 0.6777 0.1381 0.0233 0.0506
1 0.5652 0.5526 0.0316 0.0425
1 0.8435 0.1278 0.0495 0.0518
1 0.6251 0.5461 0.0203 0.0435
1 0.6247 0.6826 0.0204 0.0499
1 0.0537 0.7027 0.0386 0.0660
1 0.4733 0.3382 0.0408 0.0451
1 0.8450 0.2905 0.0472 0.0499
1 0.4295 0.1678 0.0401 0.0414
1 0.4278 0.0801 0.0401 0.0414
1 0.3990 0.5176 0.0223 0.0483
1 0.5638 0.3349 0.0298 0.0445
1 0.5964 0.3333 0.0309 0.0459
1 0.5946 0.2019 0.0309 0.0459
1 0.4316 0.6039 0.0407 0.0456
1 0.5057 0.0335 0.0231 0.0353
1 0.7164 0.5073 0.0371 0.0513
1 0.2802 0.1738 0.0175 0.0335
3 0.3511 0.7665 0.0385 0.0703
1 0.5637 0.2900 0.0297 0.0425
2 0.4621 0.7665 0.0167 0.0861
1 0.5331 0.3771 0.0243 0.0419
1 0.8052 0.6151 0.0311 0.0534
1 0.8835 0.3971 0.0208 0.0459
1 0.3287 0.4306 0.0183 0.0389
1 0.5323 0.0344 0.0271 0.0340
1 0.3513 0.3929 0.0234 0.0487
1 0.3025 0.2000 0.0263 0.0190
1 0.8450 0.3447 0.0478 0.0480
1 0.8462 0.3987 0.0476 0.0514
1 0.1569 0.5912 0.0495 0.0549
1 0.5071 0.3350 0.0205 0.0417
1 0.5319 0.2030 0.0276 0.0376
1 0.6794 0.4036 0.0249 0.0503
1 0.8870 0.5031 0.0220 0.0526
1 0.3991 0.3389 0.0200 0.0422
1 0.5655 0.5088 0.0304 0.0437
1 0.1551 0.5421 0.0495 0.0550
1 0.4741 0.6415 0.0429 0.0362
1 0.8013 0.1839 0.0316 0.0510
1 0.4283 0.0365 0.0409 0.0382
1 0.4290 0.2090 0.0401 0.0414
1 0.6235 0.4591 0.0199 0.0442
1 0.5328 0.1186 0.0271 0.0420
1 0.5074 0.5996 0.0217 0.0440
1 0.7585 0.2425 0.0498 0.0515
1 0.5058 0.2909 0.0181 0.0412
1 0.3995 0.4711 0.0195 0.0426
1 0.2078 0.2681 0.0572 0.0549
1 0.0530 0.4412 0.0373 0.0490
1 0.3766 0.2573 0.0223 0.0378
1 0.2798 0.2026 0.0175 0.0204
1 0.0510 0.0313 0.0349 0.0245
1 0.5635 0.2462 0.0319 0.0440
1 0.2804 0.2633 0.0172 0.0386
1 0.5087 0.4667 0.0216 0.0427
1 0.5345 0.5984 0.0266 0.0411
1 0.0517 0.1257 0.0349 0.0581
2 0.9474 0.7592 0.0360 0.1093
1 0.7134 0.3499 0.0353 0.0549
1 0.5975 0.5519 0.0317 0.0486
1 0.3005 0.1325 0.0263 0.0343
1 0.3531 0.6076 0.0219 0.0419
1 0.2085 0.3763 0.0572 0.0549
1 0.3302 0.5214 0.0191 0.0475
1 0.2081 0.2152 0.0572 0.0549
1 0.8433 0.0348 0.0487 0.0328
1 0.5633 0.2040 0.0319 0.0440
1 0.3763 0.4711 0.0235 0.0471
1 0.6252 0.5063 0.0202 0.0462
1 0.0980 0.3298 0.0538 0.0506
1 0.8830 0.1793 0.0266 0.0519
1 0.9132 0.0324 0.0336 0.0299
1 0.4712 0.1223 0.0413 0.0385
1 0.4300 0.3414 0.0394 0.0380
1 0.0512 0.1748 0.0349 0.0581
1 0.8024 0.3468 0.0311 0.0501
1 0.3332 0.1323 0.0376 0.0370
1 0.4006 0.5581 0.0190 0.0426
3 0.6185 0.7517 0.0348 0.0743
1 0.1523 0.1636 0.0495 0.0549
1 0.8438 0.1832 0.0499 0.0513
1 0.0976 0.2256 0.0538 0.0506
1 0.6786 0.1885 0.0233 0.0511
1 0.5319 0.2452 0.0255 0.0391
1 0.6258 0.6353 0.0202 0.0465
1 0.5626 0.1589 0.0321 0.0396
1 0.6787 0.4564 0.0257 0.0515
1 0.9098 0.2352 0.0236 0.0535
1 0.3974 0.0372 0.0190 0.0401
1 0.5962 0.2910 0.0309 0.0459
1 0.6247 0.3734 0.0197 0.0460
1 0.0528 0.2799 0.0344 0.0475
1 0.5364 0.6433 0.0266 0.0411
1 0.6798 0.2431 0.0233 0.0511
1 0.3067 0.6563 0.0248 0.0410
1 0.7616 0.6167 0.0504 0.0517
1 0.4303 0.3869 0.0411 0.0431
1 0.3284 0.2596 0.0188 0.0415
1 0.3005 0.1718 0.0263 0.0343
1 0.5969 0.4646 0.0293 0.0441
1 0.6216 0.0650 0.0227 0.0515
1 0.8470 0.4533 0.0480 0.0489
1 0.4742 0.5127 0.0409 0.0422
1 0.3313 0.6099 0.0195 0.0447
1 0.3071 0.6118 0.0248 0.0410
1 0.5966 0.5060 0.0312 0.0428
1 0.5092 0.6438 0.0217 0.0440
1 0.0530 0.4922 0.0373 0.0490
1 0.8025 0.2915 0.0327 0.0500
1 0.0513 0.2254 0.0349 0.0581
1 0.5946 0.0722 0.0298 0.0447
1 0.7101 0.1890 0.0385 0.0525
1 0.4718 0.2083 0.0422 0.0418
1 0.3513 0.5624 0.0219 0.0419
1 0.8468 0.6714 0.0445 0.0607
1 0.5623 0.0326 0.0321 0.0330
1 0.3972 0.1279 0.0194 0.0435
1 0.8051 0.6722 0.0313 0.0589
1 0.2813 0.4401 0.0203 0.0448
1 0.3063 0.5201 0.0248 0.0410
1 0.3778 0.5598 0.0232 0.0432
1 0.4719 0.0775 0.0413 0.0385
1 0.5628 0.1162 0.0321 0.0396
1 0.8825 0.0718 0.0256 0.0512
1 0.4315 0.5600 0.0419 0.0430
1 0.5330 0.0764 0.0271 0.0420
1 0.3056 0.3934 0.0246 0.0469
1 0.9146 0.1784 0.0312 0.0530
1 0.3047 0.3491 0.0254 0.0420
1 0.5987 0.5940 0.0306 0.0453
1 0.3510 0.4336 0.0219 0.0419
1 0.4733 0.3846 0.0406 0.0456
1 0.8837 0.2329 0.0260 0.0500
1 0.3578 0.1968 0.0128 0.0190
1 0.4747 0.6000 0.0423 0.0417
1 0.3503 0.2564 0.0223 0.0418
1 0.5952 0.1145 0.0298 0.0447
1 0.0976 0.2825 0.0538 0.0506
1 0.4714 0.0373 0.0419 0.0372
2 0.5649 0.7610 0.0275 0.0861
1 0.3758 0.0857 0.0220 0.0410
1 0.2089 0.4837 0.0572 0.0550
1 0.4720 0.2952 0.0415 0.0432
1 0.3755 0.3440 0.0223 0.0492
1 0.3293 0.4774 0.0203 0.0491
1 0.7590 0.3466 0.0496 0.0517
1 0.3061 0.5654 0.0248 0.0410
1 0.6771 0.3483 0.0267 0.0533
1 0.8840 0.2873 0.0277 0.0503
1 0.2821 0.6586 0.0203 0.0448
1 0.5641 0.3772 0.0305 0.0437
1 0.8034 0.3992 0.0332 0.0477
1 0.8040 0.5061 0.0322 0.0492
1 0.7619 0.6769 0.0510 0.0594
1 0.3978 0.0833 0.0194 0.0435
1 0.1528 0.2727 0.0495 0.0549
1 0.4736 0.4266 0.0428 0.0444
1 0.8043 0.4536 0.0328 0.0526
1 0.2122 0.5342 0.0572 0.0550
1 0.6796 0.5107 0.0254 0.0558
1 0.3978 0.1687 0.0194 0.0435
1 0.8829 0.4508 0.0193 0.0551
1 0.3322 0.1689 0.0376 0.0311
2 0.3293 0.3909 0.0198 0.0486
1 0.2823 0.6107 0.0203 0.0448
1 0.6259 0.5912 0.0207 0.0458
1 0.9129 0.0742 0.0336 0.0529
1 0.3981 0.2113 0.0194 0.0435
1 0.3764 0.1307 0.0220 0.0410
1 0.8482 0.5602 0.0479 0.0516
1 0.5342 0.4672 0.0236 0.0441
1 0.4736 0.4677 0.0428 0.0405
1 0.3276 0.3026 0.0202 0.0441
1 0.6246 0.4221 0.0199 0.0467
1 0.3299 0.5632 0.0195 0.0447
1 0.7066 0.6208 0.0235 0.0548
1 0.7584 0.2955 0.0511 0.0496
1 0.1008 0.4902 0.0538 0.0506
1 0.3771 0.1729 0.0220 0.0410
2 0.0563 0.7736 0.0418 0.0664
1 0.8839 0.3432 0.0239 0.0536
1 0.5944 0.0349 0.0298 0.0324
3 0.5671 0.6403 0.0303 0.0425
2 0.1400 0.7684 0.0402 0.0663
1 0.3048 0.2620 0.0254 0.0420
