3 0.6849 0.3980 0.0447 0.0761
2 0.9031 0.1754 0.0252 0.0618
3 0.7699 0.8577 0.0322 0.1085
2 0.5952 0.0857 0.0207 0.0732
3 0.0982 0.8083 0.0266 0.0950
2 0.0935 0.3483 0.0352 0.0733
3 0.4352 0.7950 0.0262 0.0958
3 0.7284 0.5721 0.0287 0.0857
2 0.2139 0.4632 0.0327 0.0971
3 0.7325 0.6603 0.0303 0.0947
3 0.5381 0.5359 0.0529 0.0907
3 0.5362 0.8178 0.0567 0.0999
3 0.6505 0.4654 0.0266 0.0809
2 0.9034 0.3790 0.0259 0.0862
3 0.8995 0.6007 0.0325 0.0964
2 0.8365 0.2886 0.0455 0.0701
2 0.1224 0.3523 0.0362 0.0677
2 0.0271 0.5784 0.0127 0.0867
3 0.2352 0.8504 0.0402 0.1070
2 0.9295 0.4538 0.0223 0.0779
3 0.4814 0.6118 0.0556 0.0935
2 0.0311 0.4925 0.0204 0.0781
2 0.8851 0.1712 0.0250 0.0775
3 0.8574 0.5122 0.0463 0.0855
2 0.2930 0.6624 0.0565 0.0974
3 0.6551 0.6438 0.0283 0.0878
2 0.7658 0.3408 0.0303 0.0847
2 0.0827 0.7009 0.0342 0.0916
2 0.1197 0.6206 0.0285 0.0855
3 0.7447 0.4126 0.0267 0.0831
2 0.6201 0.3071 0.0272 0.0833
2 0.2300 0.5526 0.0347 0.0833
3 0.2781 0.8665 0.0601 0.1127
3 0.5373 0.6232 0.0546 0.0923
2 0.6187 0.2316 0.0263 0.0788
3 0.9053 0.6849 0.0311 0.0934
2 0.4578 0.0511 0.0226 0.0668
2 0.1392 0.4458 0.0309 0.0761
3 0.4318 0.9000 0.0268 0.1104
3 0.9429 0.6846 0.0206 0.0874
2 0.7035 0.0535 0.0249 0.0670
3 0.6881 0.4761 0.0458 0.0853
3 0.4796 0.7092 0.0579 0.0890
3 0.8049 0.9604 0.0314 0.0792
2 0.4544 0.1940 0.0233 0.0729
3 0.5785 0.8240 0.0255 0.1021
3 0.4410 0.6038 0.0260 0.0869
2 0.2232 0.3760 0.0286 0.0758
3 0.7633 0.7537 0.0314 0.1086
2 0.4917 0.1302 0.0479 0.0648
2 0.1441 0.6263 0.0313 0.0869
2 0.6785 0.2468 0.0433 0.0797
2 0.8788 0.1081 0.0201 0.0567
2 0.9106 0.4486 0.0243 0.0740
2 0.4559 0.1249 0.0226 0.0668
2 0.0578 0.4216 0.0325 0.0982
2 0.5965 0.2260 0.0242 0.0802
3 0.7053 0.9497 0.0533 0.1006
3 0.6018 0.6331 0.0231 0.0879
3 0.5381 0.4476 0.0528 0.0841
2 0.0571 0.6855 0.0295 0.0929
2 0.2216 0.6473 0.0353 0.0845
3 0.8305 0.7627 0.0510 0.0999
3 0.0504 0.7714 0.0286 0.1110
3 0.1585 0.7296 0.0363 0.0884
3 0.9164 0.9420 0.0245 0.0934
2 0.8670 0.2297 0.0339 0.0740
2 0.5747 0.1499 0.0235 0.0757
2 0.6229 0.3821 0.0248 0.0752
2 0.2393 0.4636 0.0335 0.0861
3 0.9495 0.8390 0.0148 0.0791
2 0.1018 0.5215 0.0370 0.0845
3 0.8637 0.5988 0.0493 0.0955
2 0.6167 0.0912 0.0223 0.0667
2 0.4191 0.5069 0.0244 0.0934
2 0.7402 0.3359 0.0313 0.0887
2 0.1626 0.4509 0.0331 0.0792
3 0.4833 0.5159 0.0547 0.0970
3 0.3797 0.7819 0.0298 0.1046
2 0.9149 0.3117 0.0232 0.0567
3 0.7587 0.6607 0.0302 0.0978
3 0.4441 0.5111 0.0253 0.0847
2 0.7811 0.0731 0.0425 0.0628
3 0.8497 0.4297 0.0465 0.0830
2 0.7155 0.3282 0.0296 0.0851
3 0.7995 0.8630 0.0341 0.1043
2 0.2050 0.5462 0.0285 0.0805
3 0.9496 0.9176 0.0145 0.0793
3 0.0301 0.7493 0.0197 0.0927
3 0.9460 0.7576 0.0199 0.0829
3 0.7537 0.5754 0.0290 0.0909
3 0.7766 0.4911 0.0282 0.0920
3 0.1853 0.7382 0.0314 0.0908
2 0.3609 0.4051 0.0484 0.0855
2 0.5957 0.1554 0.0244 0.0780
2 0.8795 0.3701 0.0369 0.0824
3 0.1487 0.8307 0.0359 0.1003
2 0.4522 0.2711 0.0232 0.0777
2 0.4155 0.5962 0.0262 0.0986
2 0.6721 0.0433 0.0419 0.0711
2 0.0922 0.6096 0.0368 0.0862
2 0.0343 0.6642 0.0227 0.0796
2 0.5752 0.2206 0.0239 0.0793
2 0.7326 0.1892 0.0274 0.0822
2 0.7906 0.2041 0.0452 0.0812
3 0.2025 0.8483 0.0365 0.0999
2 0.8742 0.3001 0.0362 0.0797
3 0.6529 0.5542 0.0287 0.0846
2 0.6745 0.1042 0.0420 0.0763
2 0.7496 0.0664 0.0269 0.0618
2 0.1886 0.4552 0.0351 0.0793
3 0.7417 0.8532 0.0302 0.1069
2 0.3857 0.6846 0.0297 0.1013
3 0.6004 0.5419 0.0223 0.0818
3 0.8376 0.8631 0.0498 0.0979
3 0.4752 0.9126 0.0587 0.1061
2 0.5391 0.2917 0.0491 0.0710
2 0.7263 0.0602 0.0246 0.0659
3 0.6574 0.7378 0.0298 0.0969
3 0.7920 0.7580 0.0312 0.1036
3 0.6235 0.4608 0.0255 0.0824
3 0.4038 0.8962 0.0296 0.1131
3 0.9147 0.8542 0.0253 0.0933
2 0.0418 0.5853 0.0230 0.0886
3 0.6249 0.5496 0.0246 0.0861
3 0.8840 0.9541 0.0435 0.0887
3 0.8695 0.6850 0.0476 0.0941
2 0.5396 0.2132 0.0487 0.0700
2 0.2671 0.4699 0.0403 0.0996
2 0.3939 0.5023 0.0288 0.0898
2 0.1488 0.3619 0.0289 0.0723
3 0.3391 0.7717 0.0567 0.1047
2 0.9206 0.3796 0.0206 0.0709
2 0.0643 0.5947 0.0328 0.0955
3 0.8190 0.5891 0.0505 0.0925
3 0.9102 0.7655 0.0261 0.0918
2 0.6448 0.2355 0.0264 0.0778
2 0.8971 0.3040 0.0250 0.0826
3 0.8891 0.4472 0.0276 0.0836
2 0.1792 0.5407 0.0346 0.0807
3 0.6904 0.5624 0.0488 0.0877
3 0.7810 0.5790 0.0320 0.0982
2 0.0455 0.3321 0.0265 0.0781
3 0.6276 0.6383 0.0277 0.0883
2 0.7124 0.2545 0.0297 0.0873
3 0.6307 0.8362 0.0270 0.0972
2 0.6465 0.3106 0.0288 0.0867
3 0.7020 0.8490 0.0508 0.0986
2 0.6179 0.1616 0.0253 0.0793
3 0.1076 0.7124 0.0286 0.0895
3 0.5792 0.9304 0.0258 0.1074
2 0.1960 0.6397 0.0308 0.0849
3 0.7876 0.6692 0.0334 0.0995
2 0.7090 0.1857 0.0281 0.0788
2 0.8559 0.1029 0.0312 0.0587
2 0.1294 0.5296 0.0294 0.0807
2 0.4925 0.0607 0.0464 0.0660
2 0.3502 0.5848 0.0538 0.0930
2 0.2467 0.3797 0.0315 0.0737
3 0.4074 0.7855 0.0284 0.0963
2 0.0505 0.5039 0.0288 0.0946
3 0.1747 0.8402 0.0346 0.0974
2 0.1975 0.3702 0.0321 0.0743
2 0.4127 0.6901 0.0277 0.0986
3 0.2442 0.7515 0.0393 0.0934
2 0.1122 0.4352 0.0372 0.0830
2 0.6815 0.3215 0.0441 0.0818
2 0.8298 0.1559 0.0460 0.0707
2 0.3114 0.3975 0.0515 0.0846
2 0.3006 0.5681 0.0513 0.0908
2 0.3971 0.4183 0.0263 0.0878
2 0.8908 0.2369 0.0241 0.0793
3 0.7359 0.7470 0.0295 0.1024
3 0.1308 0.7239 0.0349 0.0904
2 0.7065 0.1168 0.0267 0.0791
3 0.5370 0.7186 0.0556 0.0912
2 0.4220 0.4220 0.0271 0.0929
2 0.2598 0.5609 0.0363 0.0818
3 0.9350 0.5220 0.0212 0.0770
2 0.6408 0.0922 0.0247 0.0775
2 0.6392 0.0330 0.0272 0.0628
3 0.4392 0.6919 0.0274 0.0959
2 0.4497 0.3446 0.0238 0.0803
3 0.3753 0.8869 0.0319 0.1193
3 0.5762 0.4585 0.0222 0.0722
3 0.7709 0.4137 0.0272 0.0877
2 0.7301 0.1264 0.0260 0.0738
3 0.6041 0.8302 0.0242 0.0949
3 0.9169 0.5203 0.0214 0.0855
2 0.5402 0.0714 0.0476 0.0686
3 0.7473 0.9555 0.0323 0.0889
3 0.8952 0.5170 0.0307 0.0897
3 0.9217 0.6013 0.0186 0.0900
3 0.6640 0.9459 0.0315 0.1081
2 0.5978 0.2991 0.0243 0.0805
3 0.9334 0.9289 0.0175 0.0796
2 0.3565 0.4897 0.0525 0.0926
2 0.4472 0.4270 0.0226 0.0711
2 0.5753 0.3762 0.0234 0.0754
3 0.9321 0.7705 0.0192 0.0998
3 0.5779 0.6267 0.0225 0.0907
2 0.8318 0.2213 0.0458 0.0738
3 0.8764 0.7712 0.0446 0.0934
3 0.9404 0.6032 0.0221 0.0823
3 0.6607 0.8411 0.0303 0.0984
2 0.2748 0.3871 0.0342 0.0751
2 0.1717 0.3649 0.0302 0.0733
3 0.6940 0.6509 0.0509 0.0961
3 0.6489 0.3865 0.0252 0.0766
3 0.9273 0.6805 0.0198 0.0934
3 0.7195 0.4035 0.0273 0.0789
2 0.8422 0.3600 0.0454 0.0819
3 0.5786 0.7211 0.0233 0.0957
3 0.7488 0.4857 0.0249 0.0878
2 0.7576 0.1934 0.0316 0.0860
2 0.5746 0.0829 0.0222 0.0762
3 0.4867 0.3534 0.0527 0.0765
3 0.6288 0.7313 0.0256 0.0944
2 0.0737 0.5080 0.0337 0.0889
3 0.9339 0.8426 0.0225 0.0909
3 0.8247 0.6783 0.0515 0.0933
2 0.9095 0.2464 0.0232 0.0618
2 0.7959 0.2786 0.0469 0.0771
3 0.8813 0.8644 0.0407 0.0963
3 0.2864 0.7583 0.0574 0.1001
3 0.5992 0.4608 0.0236 0.0790
2 0.8010 0.3511 0.0479 0.0800
2 0.4882 0.2766 0.0504 0.0728
2 0.5985 0.3751 0.0247 0.0750
3 0.1208 0.8134 0.0316 0.1077
2 0.0744 0.7922 0.0322 0.0957
2 0.6427 0.1680 0.0249 0.0746
2 0.7871 0.1430 0.0403 0.0644
2 0.4900 0.2007 0.0481 0.0702
2 0.3893 0.5905 0.0304 0.0943
2 0.4854 0.4364 0.0518 0.0851
2 0.2532 0.6526 0.0364 0.0912
2 0.5752 0.2967 0.0240 0.0813
2 0.3449 0.6741 0.0556 0.1027
2 0.0832 0.4248 0.0343 0.0840
2 0.7547 0.1285 0.0270 0.0758
3 0.7762 0.9582 0.0309 0.0837
3 0.7237 0.4859 0.0267 0.0793
3 0.8071 0.4240 0.0485 0.0872
3 0.6325 0.9432 0.0284 0.1091
3 0.6048 0.9387 0.0252 0.1037
3 0.6030 0.7289 0.0234 0.0950
3 0.5353 0.9258 0.0591 0.1081
2 0.8618 0.1661 0.0357 0.0717
2 0.0675 0.3476 0.0345 0.0879
3 0.5764 0.5398 0.0232 0.0856
3 0.4771 0.8088 0.0588 0.0941
2 0.6773 0.1773 0.0416 0.0775
3 0.8122 0.5048 0.0488 0.0835
2 0.0375 0.4067 0.0251 0.0781
3 0.6974 0.7465 0.0509 0.0945
3 0.5386 0.3642 0.0495 0.0819
3 0.8408 0.9564 0.0511 0.0872
2 0.3063 0.4817 0.0511 0.0906
2 0.1521 0.5352 0.0329 0.0796
2 0.8959 0.1127 0.0238 0.0536
3 0.2130 0.7430 0.0365 0.0942
2 0.5395 0.1431 0.0474 0.0653
2 0.8208 0.0859 0.0414 0.0618
2 0.7367 0.2612 0.0306 0.0911
3 0.3331 0.8773 0.0589 0.1220
2 0.7615 0.2665 0.0308 0.0933
2 0.1697 0.6328 0.0365 0.0860
