2 0.2620 0.5550 0.0705 0.0363
2 0.1718 0.4713 0.0909 0.0396
3 0.1833 0.8824 0.0871 0.0379
2 0.2670 0.7991 0.0721 0.0383
3 0.2700 0.9634 0.0711 0.0365
2 0.2615 0.4716 0.0713 0.0392
2 0.6045 0.4317 0.1412 0.0393
2 0.7293 0.6369 0.1019 0.0384
2 0.4853 0.3876 0.0949 0.0438
2 0.6028 0.5958 0.1364 0.0406
2 0.1732 0.5530 0.0906 0.0389
2 0.7321 0.6782 0.1043 0.0396
2 0.3699 0.7183 0.1305 0.0396
2 0.2630 0.5934 0.0722 0.0396
2 0.6061 0.5141 0.1386 0.0418
2 0.6052 0.6372 0.1391 0.0409
2 0.7321 0.7601 0.1040 0.0392
2 0.4858 0.5956 0.0900 0.0402
3 0.8329 0.8846 0.0720 0.0394
2 0.3677 0.5135 0.1288 0.0412
3 0.1823 0.8422 0.0829 0.0359
2 0.4880 0.8011 0.0922 0.0381
3 0.3743 0.9232 0.1263 0.0399
2 0.8278 0.5964 0.0780 0.0416
3 0.6119 0.9248 0.1329 0.0386
2 0.6078 0.8011 0.1409 0.0387
3 0.4900 0.9655 0.0912 0.0377
2 0.1746 0.5939 0.0887 0.0401
2 0.1772 0.7588 0.0960 0.0381
2 0.4864 0.6770 0.0893 0.0403
2 0.1758 0.3896 0.0935 0.0432
3 0.1787 0.9653 0.0971 0.0378
2 0.4861 0.6354 0.0870 0.0399
2 0.6058 0.6781 0.1375 0.0403
2 0.2645 0.7199 0.0697 0.0365
2 0.6053 0.4725 0.1354 0.0409
2 0.7298 0.5140 0.1058 0.0390
2 0.2634 0.6765 0.0722 0.0408
2 0.3664 0.3880 0.1368 0.0464
2 0.7411 0.9924 0.1115 0.0152
2 0.1741 0.5143 0.0925 0.0361
2 0.7319 0.7204 0.1025 0.0361
3 0.7346 0.9668 0.1055 0.0385
2 0.8286 0.7200 0.0802 0.0411
3 0.4882 0.8402 0.0929 0.0373
2 0.6030 0.3891 0.1361 0.0467
2 0.7296 0.5957 0.1030 0.0392
2 0.8297 0.4316 0.0808 0.0372
3 0.6088 0.8824 0.1325 0.0392
3 0.7567 0.8428 0.0562 0.0370
2 0.4843 0.4303 0.0891 0.0395
2 0.3696 0.8007 0.1303 0.0405
3 0.4893 0.8814 0.0903 0.0387
2 0.8329 0.3894 0.0841 0.0431
3 0.7379 0.9243 0.1054 0.0380
2 0.1762 0.7170 0.0882 0.0394
2 0.4834 0.5137 0.0896 0.0407
2 0.2643 0.6357 0.0709 0.0387
2 0.6140 0.9934 0.1343 0.0132
2 0.8256 0.5146 0.0742 0.0377
2 0.1745 0.6360 0.0879 0.0381
2 0.7322 0.3873 0.1044 0.0447
2 0.3701 0.6774 0.1278 0.0391
3 0.3722 0.8413 0.1242 0.0379
3 0.2690 0.8796 0.0657 0.0388
2 0.6037 0.5548 0.1361 0.0416
2 0.2704 0.9918 0.0794 0.0118
2 0.8281 0.6784 0.0776 0.0396
2 0.3686 0.6376 0.1319 0.0409
3 0.7351 0.8851 0.1035 0.0384
2 0.2662 0.7583 0.0716 0.0389
2 0.8278 0.4728 0.0763 0.0394
3 0.8315 0.9253 0.0769 0.0404
3 0.3726 0.9651 0.1273 0.0356
3 0.2677 0.9238 0.0728 0.0413
3 0.2668 0.8409 0.0704 0.0377
3 0.1840 0.9250 0.0835 0.0377
2 0.8450 0.9939 0.0895 0.0112
2 0.7307 0.4318 0.1021 0.0388
2 0.1738 0.4314 0.0892 0.0384
2 0.7327 0.4722 0.1036 0.0392
2 0.4845 0.4714 0.0885 0.0398
2 0.4862 0.7182 0.0876 0.0400
2 0.2626 0.4308 0.0729 0.0384
3 0.8321 0.8427 0.0787 0.0392
2 0.8290 0.7614 0.0821 0.0416
2 0.3728 0.7591 0.1288 0.0380
2 0.6072 0.7607 0.1358 0.0379
2 0.4850 0.5542 0.0904 0.0404
2 0.7317 0.5544 0.1043 0.0395
2 0.8301 0.8029 0.0833 0.0384
2 0.8261 0.6401 0.0766 0.0393
2 0.3677 0.4313 0.1303 0.0405
2 0.1837 0.9920 0.0978 0.0125
2 0.1781 0.7980 0.0909 0.0398
2 0.8281 0.5560 0.0812 0.0396
2 0.3762 0.9931 0.1326 0.0117
2 0.3674 0.4721 0.1309 0.0392
2 0.3680 0.5545 0.1272 0.0416
2 0.6061 0.7202 0.1366 0.0384
3 0.8394 0.9686 0.0857 0.0404
3 0.6101 0.8423 0.1339 0.0387
3 0.6117 0.9647 0.1343 0.0366
3 0.4891 0.9246 0.0914 0.0403
2 0.2620 0.3883 0.0739 0.0426
2 0.2626 0.5135 0.0717 0.0393
3 0.3746 0.8819 0.1280 0.0406
2 0.4912 0.9940 0.0960 0.0107
2 0.4882 0.7591 0.0905 0.0387
2 0.3675 0.5950 0.1337 0.0404
2 0.7310 0.8014 0.1032 0.0377
3 0.7042 0.8406 0.0466 0.0351
2 0.1755 0.6754 0.0889 0.0395
