2 0.1244 0.6451 0.1365 0.2774
3 0.4113 0.2552 0.2281 0.1734
3 0.3985 0.4236 0.2390 0.1985
3 0.3815 0.6612 0.2682 0.2868
2 0.0689 0.6429 0.0685 0.2593
2 0.9081 0.4186 0.1711 0.1885
2 0.8772 0.2351 0.1529 0.1734
2 0.7413 0.2401 0.1674 0.1734
2 0.7583 0.4261 0.1869 0.1885
2 0.5933 0.4236 0.1602 0.1935
2 0.1670 0.4252 0.1171 0.1730
2 0.0898 0.4261 0.1079 0.1710
2 0.2434 0.4278 0.1099 0.1712
2 0.2101 0.6538 0.1326 0.2916
2 0.7740 0.6862 0.1989 0.3468
2 0.1944 0.2646 0.1095 0.1660
2 0.6012 0.6812 0.1784 0.3468
2 0.2657 0.2681 0.0939 0.1625
2 0.9289 0.7038 0.1423 0.3719
2 0.1047 0.2734 0.1389 0.1588
2 0.5927 0.2512 0.1492 0.1603
