2 0.2421 0.2443 0.1396 0.0881
2 0.2179 0.8420 0.2202 0.2983
2 0.4238 0.8489 0.3016 0.2958
2 0.6571 0.8489 0.1723 0.2845
2 0.8194 0.8531 0.2166 0.2873
2 0.9337 0.8603 0.1326 0.2786
3 0.7509 0.4836 0.1510 0.1372
3 0.1461 0.6056 0.1576 0.1643
3 0.7775 0.6304 0.1758 0.1548
3 0.6400 0.6261 0.1421 0.1520
3 0.2657 0.6036 0.1703 0.1689
2 0.0985 0.8434 0.1717 0.3068
3 0.4508 0.6177 0.2367 0.1576
2 0.1095 0.2419 0.1954 0.0961
2 0.0945 0.3453 0.1638 0.1075
2 0.0519 0.1564 0.0786 0.0749
3 0.4626 0.4713 0.2131 0.1295
3 0.1856 0.4615 0.1496 0.1266
3 0.0713 0.4615 0.1157 0.1210
3 0.9123 0.6314 0.1754 0.1639
3 0.0496 0.6036 0.0739 0.1632
3 0.6303 0.4765 0.1297 0.1416
2 0.8449 0.3550 0.1479 0.1077
2 0.3777 0.0927 0.1006 0.0744
2 0.7740 0.0962 0.1047 0.0715
2 0.6872 0.0948 0.0996 0.0714
2 0.1728 0.0894 0.1694 0.0725
2 0.7957 0.1710 0.1119 0.0718
2 0.3254 0.3477 0.1366 0.1028
3 0.2992 0.4659 0.1461 0.1298
2 0.0678 0.0875 0.1104 0.0686
3 0.8802 0.4798 0.1656 0.1407
2 0.4896 0.0955 0.1499 0.0750
2 0.2904 0.0906 0.1099 0.0699
2 0.6030 0.0961 0.0873 0.0686
2 0.7001 0.1685 0.1068 0.0800
2 0.6072 0.1702 0.0934 0.0767
2 0.4834 0.1718 0.1581 0.0735
2 0.3633 0.1653 0.1088 0.0735
2 0.2683 0.1620 0.1201 0.0702
2 0.1425 0.1612 0.1869 0.0751
2 0.8166 0.2548 0.1283 0.0930
2 0.7119 0.2516 0.1181 0.0832
2 0.7288 0.3534 0.1376 0.1109
2 0.6195 0.3493 0.1119 0.1093
2 0.6133 0.2532 0.1016 0.0832
2 0.4691 0.3477 0.1930 0.1060
2 0.4762 0.2516 0.1787 0.0832
2 0.3438 0.2500 0.1232 0.0897
2 0.2108 0.3428 0.1530 0.1060
