1 0.3240 0.4537 0.0314 0.0428
1 0.2790 0.4079 0.0412 0.0413
3 0.6071 0.2539 0.0408 0.0365
1 0.3483 0.5415 0.0160 0.0403
3 0.4903 0.1727 0.0366 0.0352
1 0.7200 0.4163 0.0193 0.0375
1 0.6841 0.4581 0.0189 0.0511
3 0.1794 0.2396 0.0218 0.0433
2 0.4601 0.0961 0.0180 0.0360
2 0.5147 0.7272 0.0679 0.2330
1 0.3636 0.4094 0.0359 0.0342
1 0.1540 0.5377 0.0253 0.0494
3 0.5207 0.4133 0.0153 0.0383
2 0.6013 0.1070 0.0369 0.0354
1 0.1606 0.4508 0.0213 0.0502
3 0.4907 0.2482 0.0364 0.0384
1 0.4594 0.2858 0.0201 0.0389
3 0.1956 0.2842 0.0194 0.0409
1 0.4597 0.4548 0.0191 0.0427
2 0.5674 0.1021 0.0293 0.0315
3 0.3291 0.2452 0.0388 0.0385
1 0.3899 0.4550 0.0142 0.0417
3 0.3650 0.3684 0.0383 0.0437
3 0.6048 0.1771 0.0390 0.0354
1 0.6112 0.3737 0.0390 0.0368
1 0.6488 0.2934 0.0347 0.0396
1 0.5692 0.5008 0.0321 0.0422
3 0.7042 0.1477 0.0187 0.0414
1 0.1900 0.3639 0.0199 0.0436
1 0.4910 0.3314 0.0391 0.0462
3 0.4598 0.2120 0.0169 0.0344
1 0.1819 0.4487 0.0186 0.0416
1 0.5198 0.5021 0.0137 0.0336
1 0.6941 0.2949 0.0172 0.0373
1 0.5699 0.3315 0.0399 0.0412
3 0.4364 0.2865 0.0180 0.0388
1 0.7127 0.2972 0.0185 0.0383
2 0.6008 0.0724 0.0378 0.0331
2 0.6498 0.3311 0.0335 0.0417
2 0.8784 0.9208 0.1222 0.1584
1 0.5711 0.3718 0.0388 0.0362
3 0.6386 0.1071 0.0343 0.0365
3 0.3277 0.2865 0.0397 0.0368
2 0.7398 0.9294 0.1579 0.1411
1 0.2402 0.3650 0.0411 0.0427
1 0.1567 0.4955 0.0249 0.0525
2 0.1932 0.3246 0.0226 0.0484
3 0.2450 0.2836 0.0394 0.0426
3 0.4069 0.2868 0.0378 0.0372
3 0.6831 0.1110 0.0165 0.0336
3 0.6899 0.2201 0.0157 0.0344
1 0.6563 0.3715 0.0290 0.0411
3 0.6918 0.2586 0.0173 0.0394
1 0.4352 0.4556 0.0205 0.0448
1 0.5013 0.3700 0.0177 0.0383
1 0.2288 0.4969 0.0390 0.0464
1 0.1690 0.3634 0.0217 0.0467
2 0.8359 0.7175 0.1150 0.1951
1 0.4604 0.3695 0.0192 0.0428
2 0.4896 0.0975 0.0353 0.0311
3 0.6428 0.1779 0.0352 0.0361
1 0.5723 0.4134 0.0388 0.0364
2 0.1992 0.9118 0.1477 0.0783
1 0.5055 0.4154 0.0109 0.0331
1 0.6692 0.5477 0.0170 0.0475
2 0.7012 0.1107 0.0206 0.0378
1 0.5302 0.3305 0.0346 0.0414
1 0.5697 0.4579 0.0318 0.0420
1 0.2838 0.3251 0.0411 0.0408
3 0.4599 0.2476 0.0178 0.0386
2 0.6366 0.0723 0.0311 0.0322
1 0.1730 0.3218 0.0229 0.0436
2 0.9441 0.7098 0.1118 0.1892
1 0.1868 0.4056 0.0204 0.0485
1 0.7036 0.4582 0.0158 0.0408
1 0.4065 0.3274 0.0385 0.0396
2 0.5256 0.0993 0.0305 0.0323
3 0.6854 0.1462 0.0154 0.0354
2 0.5968 0.7302 0.0960 0.2185
1 0.4594 0.4132 0.0198 0.0432
3 0.7072 0.2206 0.0168 0.0375
3 0.6413 0.1439 0.0350 0.0370
1 0.6021 0.4136 0.0168 0.0383
3 0.6028 0.5479 0.0156 0.0471
1 0.6982 0.3749 0.0183 0.0390
3 0.4377 0.2471 0.0170 0.0379
1 0.5383 0.2895 0.0164 0.0366
3 0.7096 0.2589 0.0184 0.0416
3 0.4901 0.2117 0.0396 0.0366
1 0.2637 0.4506 0.0155 0.0420
3 0.5292 0.2519 0.0330 0.0377
1 0.6674 0.5030 0.0177 0.0449
3 0.4365 0.3278 0.0183 0.0389
3 0.4076 0.2467 0.0369 0.0375
1 0.6770 0.3066 0.0156 0.0441
3 0.1989 0.2437 0.0210 0.0441
3 0.6878 0.1817 0.0179 0.0396
1 0.6024 0.4559 0.0152 0.0430
3 0.5274 0.1384 0.0326 0.0366
3 0.7060 0.1837 0.0188 0.0405
2 0.3352 0.9215 0.1151 0.1078
1 0.2337 0.4511 0.0411 0.0485
3 0.4077 0.4653 0.0232 0.0460
1 0.1640 0.4077 0.0235 0.0505
1 0.4340 0.5477 0.0187 0.0501
1 0.6095 0.2917 0.0387 0.0358
1 0.3261 0.3270 0.0400 0.0389
1 0.3234 0.3677 0.0421 0.0420
3 0.4904 0.0648 0.0360 0.0340
1 0.4914 0.2869 0.0383 0.0365
3 0.4602 0.0639 0.0168 0.0374
3 0.5642 0.1400 0.0367 0.0389
3 0.6815 0.0767 0.0158 0.0361
1 0.6043 0.5444 0.0156 0.0483
1 0.5707 0.5493 0.0327 0.0475
2 0.5209 0.3695 0.0153 0.0413
3 0.6030 0.1402 0.0389 0.0361
3 0.5231 0.0669 0.0283 0.0359
3 0.5278 0.2121 0.0353 0.0386
1 0.3223 0.4109 0.0414 0.0407
3 0.2860 0.2838 0.0417 0.0380
2 0.4435 0.9237 0.0915 0.1123
1 0.5684 0.2912 0.0390 0.0365
2 0.6956 0.3370 0.0178 0.0410
3 0.4588 0.4990 0.0206 0.0437
1 0.7258 0.5113 0.0214 0.0539
3 0.4905 0.1349 0.0375 0.0327
2 0.9709 0.9100 0.0582 0.1801
1 0.4364 0.4080 0.0189 0.0393
3 0.5622 0.0678 0.0368 0.0363
3 0.5661 0.2141 0.0383 0.0380
1 0.1752 0.5417 0.0211 0.0511
3 0.5646 0.1762 0.0375 0.0365
3 0.3670 0.2857 0.0354 0.0392
1 0.3940 0.3702 0.0180 0.0444
1 0.5068 0.4580 0.0122 0.0398
3 0.6449 0.2186 0.0331 0.0354
1 0.3527 0.4540 0.0190 0.0466
3 0.7181 0.3759 0.0197 0.0436
3 0.4600 0.3284 0.0184 0.0415
3 0.6471 0.2553 0.0335 0.0363
1 0.6038 0.5001 0.0145 0.0402
2 0.4453 0.7320 0.0679 0.2084
3 0.4596 0.1721 0.0160 0.0356
3 0.2881 0.2430 0.0419 0.0396
3 0.3683 0.2447 0.0365 0.0383
2 0.6998 0.0738 0.0206 0.0378
1 0.6107 0.3342 0.0394 0.0381
2 0.2416 0.3243 0.0423 0.0483
1 0.7042 0.5039 0.0208 0.0505
1 0.2367 0.4077 0.0436 0.0445
2 0.6039 0.9388 0.1197 0.1225
1 0.4584 0.5483 0.0197 0.0481
1 0.2196 0.5422 0.0265 0.0512
1 0.3907 0.4107 0.0152 0.0424
1 0.5204 0.4605 0.0157 0.0380
1 0.7154 0.3361 0.0205 0.0425
3 0.4606 0.1344 0.0183 0.0325
1 0.2807 0.3669 0.0419 0.0481
3 0.5669 0.2532 0.0362 0.0372
1 0.6596 0.4159 0.0243 0.0408
3 0.6070 0.2151 0.0396 0.0348
1 0.3497 0.5001 0.0153 0.0367
3 0.5281 0.1746 0.0327 0.0360
2 0.7213 0.7296 0.1396 0.2249
1 0.1792 0.4945 0.0218 0.0500
3 0.4344 0.5006 0.0206 0.0448
2 0.5137 0.9338 0.0545 0.1325
2 0.3458 0.7317 0.1010 0.2141
2 0.2142 0.7301 0.1477 0.2386
1 0.7012 0.4166 0.0163 0.0391
3 0.1754 0.2819 0.0218 0.0433
1 0.7220 0.4580 0.0191 0.0427
3 0.2465 0.2431 0.0390 0.0393
1 0.6627 0.4579 0.0220 0.0461
1 0.3665 0.3257 0.0360 0.0364
1 0.4358 0.3659 0.0197 0.0413
