1 0.8668 0.6875 0.0538 0.0643
1 0.4328 0.5587 0.0265 0.0534
1 0.0989 0.8093 0.0258 0.0738
1 0.6264 0.4851 0.0253 0.0539
1 0.4306 0.2072 0.0226 0.0449
1 0.8166 0.1524 0.0441 0.0425
1 0.9640 0.5389 0.0256 0.0586
1 0.2093 0.8333 0.0279 0.0804
1 0.1256 0.8149 0.0286 0.0748
1 0.9676 0.3999 0.0238 0.0397
1 0.4254 0.6769 0.0252 0.0655
1 0.2849 0.0719 0.0200 0.0485
1 0.4185 0.8071 0.0286 0.0722
1 0.3938 0.7367 0.0265 0.0661
1 0.3898 0.8043 0.0278 0.0667
1 0.3593 0.6639 0.0507 0.0734
1 0.7784 0.5004 0.0290 0.0591
1 0.4068 0.5547 0.0255 0.0528
1 0.2997 0.7152 0.0525 0.0667
1 0.3488 0.7919 0.0546 0.0625
1 0.7596 0.1805 0.0239 0.0390
1 0.8898 0.4250 0.0469 0.0470
1 0.8363 0.3730 0.0477 0.0505
1 0.3170 0.5396 0.0507 0.0564
1 0.4207 0.3436 0.0242 0.0502
1 0.4533 0.2111 0.0223 0.0428
1 0.3679 0.5484 0.0502 0.0546
1 0.3722 0.4926 0.0494 0.0607
1 0.4359 0.5011 0.0260 0.0570
1 0.4103 0.4971 0.0278 0.0601
1 0.4178 0.3939 0.0230 0.0541
1 0.2690 0.3719 0.0255 0.0461
1 0.2846 0.4777 0.0291 0.0588
1 0.2786 0.5341 0.0291 0.0516
1 0.3232 0.4832 0.0481 0.0613
1 0.2962 0.3767 0.0294 0.0485
1 0.2906 0.4252 0.0291 0.0485
1 0.3284 0.4319 0.0471 0.0460
1 0.0844 0.5512 0.0293 0.0561
1 0.0570 0.5490 0.0260 0.0560
1 0.2507 0.5250 0.0247 0.0479
1 0.0194 0.5968 0.0276 0.0556
1 0.0462 0.6011 0.0260 0.0615
1 0.0729 0.6055 0.0278 0.0585
1 0.1489 0.0619 0.0244 0.0419
1 0.1738 0.0640 0.0255 0.0425
1 0.4477 0.3022 0.0238 0.0446
1 0.2413 0.0679 0.0221 0.0431
1 0.2635 0.0688 0.0224 0.0425
1 0.2567 0.4738 0.0252 0.0522
1 0.2632 0.4195 0.0237 0.0528
1 0.3018 0.1119 0.0242 0.0413
1 0.2582 0.1080 0.0242 0.0406
1 0.4452 0.3499 0.0239 0.0481
1 0.2163 0.1067 0.0211 0.0382
1 0.1932 0.1043 0.0257 0.0370
1 0.4147 0.4441 0.0244 0.0503
1 0.1179 0.0979 0.0276 0.0352
1 0.1100 0.1371 0.0278 0.0406
1 0.1353 0.1380 0.0239 0.0449
1 0.1866 0.1425 0.0260 0.0443
1 0.2094 0.1443 0.0203 0.0443
1 0.4422 0.3994 0.0248 0.0467
1 0.4382 0.4485 0.0238 0.0537
1 0.2753 0.1510 0.0200 0.0419
1 0.1036 0.1747 0.0260 0.0443
1 0.1535 0.1820 0.0255 0.0406
1 0.1798 0.1841 0.0265 0.0412
1 0.2036 0.1853 0.0205 0.0425
1 0.2480 0.1880 0.0216 0.0419
1 0.2911 0.1923 0.0239 0.0443
1 0.3121 0.2375 0.0265 0.0437
1 0.2188 0.2293 0.0203 0.0418
1 0.1981 0.2253 0.0216 0.0425
1 0.4061 0.0798 0.0434 0.0413
1 0.1736 0.2220 0.0260 0.0406
1 0.1659 0.5669 0.0226 0.0590
1 0.1209 0.2168 0.0237 0.0412
1 0.2015 0.5179 0.0262 0.0569
1 0.1759 0.5132 0.0251 0.0585
1 0.0954 0.2132 0.0263 0.0437
1 0.4238 0.2976 0.0241 0.0460
1 0.0762 0.4469 0.0229 0.0531
1 0.1039 0.4488 0.0329 0.0527
1 0.1839 0.4633 0.0231 0.0531
1 0.0862 0.2575 0.0260 0.0436
1 0.1376 0.2602 0.0268 0.0479
1 0.1652 0.2626 0.0281 0.0491
1 0.1910 0.2675 0.0234 0.0491
1 0.2345 0.2723 0.0231 0.0419
1 0.2222 0.3648 0.0238 0.0489
1 0.1993 0.3624 0.0220 0.0484
1 0.1226 0.3528 0.0301 0.0510
1 0.2571 0.2742 0.0231 0.0443
1 0.1053 0.3024 0.0237 0.0485
1 0.4504 0.2562 0.0229 0.0488
1 0.4270 0.2530 0.0236 0.0467
1 0.3300 0.0749 0.0239 0.0412
1 0.3015 0.3278 0.0270 0.0412
1 0.3378 0.3342 0.0457 0.0443
1 0.4032 0.1207 0.0434 0.0455
1 0.3267 0.1167 0.0260 0.0400
1 0.3207 0.1544 0.0255 0.0400
1 0.3560 0.1562 0.0442 0.0412
1 0.3975 0.2014 0.0460 0.0491
1 0.3518 0.1995 0.0419 0.0443
1 0.3477 0.2423 0.0431 0.0449
1 0.3920 0.2456 0.0460 0.0443
1 0.3848 0.3384 0.0476 0.0576
1 0.3820 0.3888 0.0489 0.0564
1 0.3339 0.3824 0.0468 0.0522
1 0.2517 0.3233 0.0221 0.0467
1 0.2280 0.3190 0.0237 0.0455
1 0.2049 0.3151 0.0205 0.0473
1 0.1595 0.3096 0.0255 0.0473
1 0.0683 0.3479 0.0276 0.0497
1 0.0952 0.3500 0.0262 0.0497
1 0.1755 0.3599 0.0244 0.0484
1 0.0590 0.3964 0.0289 0.0505
1 0.0862 0.3978 0.0249 0.0493
1 0.1125 0.4018 0.0283 0.0522
1 0.1676 0.4096 0.0255 0.0527
1 0.2143 0.4145 0.0247 0.0522
1 0.2326 0.4715 0.0229 0.0552
1 0.2086 0.4671 0.0255 0.0548
1 0.1338 0.4543 0.0258 0.0535
1 0.0406 0.4941 0.0267 0.0556
1 0.0678 0.4924 0.0271 0.0505
1 0.0960 0.5000 0.0289 0.0556
1 0.1507 0.5090 0.0253 0.0560
1 0.2173 0.5781 0.0245 0.0602
1 0.1907 0.5726 0.0265 0.0585
1 0.1141 0.5589 0.0289 0.0607
1 0.7389 0.8663 0.0576 0.0738
3 0.1126 0.8902 0.0256 0.1001
1 0.9533 0.4330 0.0250 0.0477
3 0.1972 0.9173 0.0292 0.1077
1 0.1244 0.5050 0.0287 0.0573
1 0.2264 0.5229 0.0247 0.0585
1 0.5653 0.3678 0.0528 0.0498
1 0.4761 0.2534 0.0274 0.0562
1 0.4628 0.5070 0.0289 0.0564
1 0.4712 0.3508 0.0277 0.0481
1 0.5023 0.6963 0.0608 0.0643
1 0.6019 0.5352 0.0229 0.0539
1 0.5101 0.4617 0.0554 0.0535
1 0.9095 0.5877 0.0477 0.0571
1 0.9871 0.5442 0.0225 0.0622
1 0.9942 0.6466 0.0116 0.0556
1 0.9904 0.8161 0.0193 0.0577
1 0.9957 0.7027 0.0086 0.0556
1 0.9583 0.6982 0.0286 0.0596
1 0.9918 0.5978 0.0164 0.0500
1 0.9534 0.6433 0.0292 0.0541
1 0.8498 0.9587 0.0329 0.0716
1 0.8814 0.8192 0.0559 0.0662
1 0.9727 0.8802 0.0240 0.0653
1 0.7688 0.7273 0.0299 0.0677
1 0.6943 0.9356 0.0372 0.0752
1 0.8293 0.7417 0.0301 0.0692
1 0.7599 0.5565 0.0278 0.0534
1 0.7254 0.6584 0.0523 0.0595
1 0.7279 0.7224 0.0507 0.0710
1 0.8249 0.6781 0.0309 0.0576
1 0.7881 0.5589 0.0286 0.0546
1 0.7242 0.6044 0.0520 0.0558
1 0.7763 0.4491 0.0258 0.0445
1 0.6873 0.7209 0.0317 0.0667
1 0.7821 0.1486 0.0280 0.0432
1 0.3597 0.1192 0.0400 0.0437
1 0.1418 0.5642 0.0258 0.0569
1 0.3534 0.7279 0.0543 0.0667
1 0.8514 0.5201 0.0517 0.0562
1 0.1102 0.7444 0.0273 0.0662
1 0.0177 0.7767 0.0217 0.0662
1 0.7215 0.5507 0.0512 0.0552
1 0.8603 0.5744 0.0512 0.0540
1 0.4971 0.8282 0.0613 0.0746
1 0.4994 0.7582 0.0614 0.0655
1 0.2423 0.8422 0.0366 0.0778
1 0.4532 0.7518 0.0322 0.0613
1 0.6498 0.3848 0.0247 0.0489
1 0.7888 0.2291 0.0272 0.0442
1 0.6484 0.3357 0.0231 0.0476
1 0.5045 0.6323 0.0606 0.0625
1 0.8429 0.4687 0.0502 0.0523
1 0.7851 0.1870 0.0265 0.0449
1 0.7042 0.2100 0.0436 0.0453
1 0.7066 0.2523 0.0451 0.0442
1 0.7352 0.1731 0.0251 0.0418
1 0.7022 0.1693 0.0424 0.0425
1 0.7088 0.2988 0.0451 0.0530
1 0.6693 0.2047 0.0257 0.0439
1 0.6705 0.2486 0.0269 0.0474
3 0.0625 0.8735 0.0327 0.0960
1 0.6725 0.2923 0.0266 0.0484
1 0.7577 0.1421 0.0259 0.0428
1 0.7339 0.1359 0.0260 0.0425
1 0.7002 0.1285 0.0441 0.0446
3 0.0884 0.8834 0.0316 0.0814
1 0.6681 0.1622 0.0259 0.0439
1 0.4601 0.0882 0.0212 0.0407
1 0.4570 0.1286 0.0203 0.0386
1 0.7387 0.2156 0.0263 0.0474
1 0.6664 0.1238 0.0253 0.0386
1 0.4333 0.1661 0.0224 0.0414
1 0.4551 0.1686 0.0205 0.0421
1 0.4357 0.1258 0.0224 0.0421
1 0.7409 0.2619 0.0257 0.0467
1 0.4388 0.0856 0.0217 0.0397
1 0.5625 0.6454 0.0538 0.0643
1 0.7723 0.3549 0.0282 0.0460
1 0.6015 0.2706 0.0212 0.0639
1 0.4595 0.6208 0.0320 0.0673
1 0.6268 0.5388 0.0264 0.0543
1 0.3404 0.8610 0.0585 0.0879
1 0.7135 0.3940 0.0474 0.0445
1 0.0940 0.6726 0.0308 0.0713
1 0.4556 0.6872 0.0309 0.0667
1 0.6507 0.4356 0.0255 0.0510
1 0.9692 0.8180 0.0255 0.0581
1 0.4499 0.8179 0.0335 0.0722
1 0.6534 0.5426 0.0265 0.0556
1 0.6522 0.4886 0.0260 0.0527
1 0.7958 0.3183 0.0265 0.0463
1 0.5062 0.5156 0.0599 0.0560
1 0.6251 0.4324 0.0235 0.0531
1 0.7695 0.3132 0.0275 0.0495
1 0.7402 0.9413 0.0608 0.0819
1 0.6252 0.3817 0.0233 0.0510
1 0.9013 0.5308 0.0489 0.0607
1 0.8417 0.4208 0.0511 0.0477
1 0.6023 0.4278 0.0211 0.0522
1 0.6025 0.3762 0.0208 0.0493
1 0.5629 0.5845 0.0570 0.0607
1 0.5653 0.4170 0.0518 0.0518
1 0.5638 0.5268 0.0538 0.0607
1 0.5060 0.5731 0.0585 0.0573
1 0.5649 0.4701 0.0529 0.0535
1 0.6015 0.3263 0.0224 0.0480
1 0.6250 0.3328 0.0231 0.0493
1 0.9567 0.4834 0.0232 0.0509
1 0.4613 0.5619 0.0309 0.0560
1 0.9793 0.4897 0.0220 0.0467
1 0.4736 0.3030 0.0265 0.0439
1 0.4664 0.4571 0.0301 0.0543
1 0.5644 0.2646 0.0528 0.0604
1 0.5647 0.3194 0.0524 0.0498
1 0.5124 0.3076 0.0517 0.0474
1 0.6475 0.2818 0.0226 0.0604
1 0.5117 0.3569 0.0537 0.0534
1 0.7821 0.8699 0.0297 0.0749
1 0.6242 0.2778 0.0247 0.0621
3 0.2290 0.9279 0.0351 0.0996
1 0.5135 0.2549 0.0489 0.0607
3 0.2759 0.9420 0.0583 0.1117
1 0.3165 0.1950 0.0276 0.0437
1 0.3076 0.2808 0.0273 0.0467
1 0.3632 0.0755 0.0424 0.0437
1 0.2812 0.2811 0.0255 0.0473
1 0.2127 0.2702 0.0216 0.0473
1 0.1467 0.2193 0.0268 0.0413
1 0.1113 0.2584 0.0257 0.0431
1 0.2868 0.2341 0.0231 0.0455
1 0.2632 0.2323 0.0224 0.0455
1 0.6320 0.9344 0.0312 0.0819
1 0.2965 0.1525 0.0234 0.0388
1 0.2694 0.1904 0.0200 0.0443
1 0.2254 0.1865 0.0216 0.0412
1 0.1288 0.1783 0.0239 0.0406
1 0.7986 0.3634 0.0266 0.0460
1 0.2535 0.1486 0.0252 0.0419
1 0.1602 0.1416 0.0252 0.0437
1 0.2306 0.1471 0.0216 0.0412
1 0.1672 0.1013 0.0252 0.0382
1 0.8956 0.1730 0.0342 0.0435
1 0.1431 0.0995 0.0234 0.0394
3 0.4128 0.9561 0.0269 0.0617
1 0.9721 0.5938 0.0247 0.0551
1 0.8595 0.1636 0.0453 0.0453
1 0.9382 0.5340 0.0263 0.0586
1 0.8199 0.1965 0.0453 0.0456
3 0.3507 0.9607 0.0277 0.0713
1 0.8992 0.2145 0.0311 0.0432
1 0.8270 0.2786 0.0441 0.0442
1 0.9269 0.4297 0.0274 0.0488
1 0.9625 0.3542 0.0242 0.0467
1 0.8241 0.2361 0.0438 0.0442
1 0.3864 0.8804 0.0315 0.0928
1 0.4224 0.7403 0.0270 0.0637
1 0.3991 0.6733 0.0268 0.0655
1 0.1542 0.8222 0.0282 0.0743
1 0.1814 0.8262 0.0262 0.0723
1 0.7436 0.3074 0.0268 0.0492
1 0.5113 0.4092 0.0561 0.0522
1 0.9314 0.4799 0.0278 0.0502
1 0.9434 0.2244 0.0254 0.0439
1 0.9329 0.8216 0.0484 0.0611
1 0.8311 0.3230 0.0444 0.0502
1 0.7139 0.4415 0.0453 0.0536
1 0.1034 0.6150 0.0344 0.0622
1 0.2864 0.8501 0.0515 0.0795
1 0.6024 0.4804 0.0217 0.0556
3 0.0338 0.8478 0.0269 0.0561
1 0.3440 0.2865 0.0434 0.0497
3 0.0105 0.8349 0.0210 0.0556
1 0.2800 0.1104 0.0195 0.0443
1 0.2366 0.1073 0.0205 0.0406
1 0.2211 0.0652 0.0208 0.0449
1 0.6821 0.5444 0.0302 0.0558
1 0.3065 0.0740 0.0226 0.0431
1 0.1986 0.0658 0.0242 0.0449
1 0.1231 0.0606 0.0281 0.0370
1 0.0306 0.5442 0.0253 0.0556
1 0.0039 0.7686 0.0078 0.0581
3 0.1396 0.9024 0.0297 0.1021
3 0.1677 0.9067 0.0282 0.0976
1 0.0738 0.7997 0.0273 0.0758
1 0.8643 0.6278 0.0530 0.0576
1 0.2929 0.7798 0.0561 0.0637
1 0.9914 0.8759 0.0171 0.0594
1 0.8882 0.8875 0.0522 0.0723
1 0.3639 0.6039 0.0520 0.0685
1 0.4298 0.6169 0.0247 0.0619
1 0.4034 0.6121 0.0270 0.0643
1 0.3115 0.5951 0.0517 0.0546
1 0.3066 0.6518 0.0543 0.0576
1 0.8187 0.9526 0.0364 0.0764
1 0.4150 0.8804 0.0289 0.0867
1 0.7660 0.2658 0.0256 0.0481
1 0.0357 0.6607 0.0247 0.0627
1 0.0436 0.7891 0.0310 0.0778
1 0.8833 0.3783 0.0454 0.0463
1 0.2406 0.2299 0.0224 0.0455
1 0.7109 0.3465 0.0483 0.0536
1 0.0075 0.7123 0.0149 0.0667
1 0.5597 0.7727 0.0582 0.0679
1 0.4699 0.4023 0.0278 0.0526
3 0.4405 0.9702 0.0310 0.0581
1 0.4009 0.1610 0.0455 0.0388
1 0.1326 0.6180 0.0253 0.0622
1 0.0631 0.6655 0.0288 0.0642
1 0.1219 0.6802 0.0243 0.0642
1 0.8463 0.8814 0.0312 0.0814
1 0.1754 0.6893 0.0269 0.0622
1 0.0115 0.6511 0.0229 0.0637
1 0.6762 0.3870 0.0271 0.0505
1 0.7506 0.4438 0.0264 0.0520
1 0.7474 0.3533 0.0264 0.0501
1 0.7487 0.3986 0.0243 0.0425
1 0.8375 0.8091 0.0331 0.0733
1 0.6838 0.6014 0.0309 0.0558
1 0.8035 0.4125 0.0264 0.0551
1 0.8102 0.5138 0.0334 0.0547
1 0.6844 0.6581 0.0296 0.0551
1 0.7915 0.2742 0.0275 0.0481
1 0.8228 0.6205 0.0299 0.0613
1 0.8179 0.5659 0.0320 0.0491
1 0.7936 0.6162 0.0291 0.0613
1 0.7653 0.6120 0.0276 0.0552
1 0.7946 0.6745 0.0317 0.0613
1 0.7658 0.6678 0.0281 0.0564
1 0.6921 0.8618 0.0355 0.0738
1 0.6895 0.7903 0.0355 0.0723
1 0.8066 0.8016 0.0310 0.0698
1 0.7760 0.7958 0.0301 0.0723
1 0.8132 0.8779 0.0347 0.0738
1 0.7852 0.9447 0.0328 0.0801
1 0.9971 0.7580 0.0058 0.0527
1 0.8914 0.9598 0.0543 0.0695
1 0.8717 0.7553 0.0526 0.0708
1 0.9475 0.5885 0.0271 0.0566
1 0.9152 0.6413 0.0481 0.0541
1 0.9187 0.6972 0.0500 0.0607
1 0.9847 0.7601 0.0206 0.0577
1 0.9812 0.7019 0.0212 0.0571
1 0.9784 0.6471 0.0234 0.0566
1 0.9626 0.7586 0.0245 0.0623
1 0.9239 0.7582 0.0540 0.0632
1 0.9716 0.9465 0.0215 0.0581
1 0.8045 0.4630 0.0284 0.0480
1 0.9386 0.8863 0.0480 0.0691
1 0.9386 0.9570 0.0446 0.0649
1 0.9914 0.9372 0.0171 0.0564
1 0.9550 0.3098 0.0209 0.0421
1 0.0787 0.3017 0.0281 0.0473
1 0.0499 0.4425 0.0294 0.0526
1 0.1912 0.4117 0.0226 0.0518
1 0.1594 0.4585 0.0253 0.0527
1 0.2383 0.4176 0.0240 0.0552
1 0.1406 0.4065 0.0285 0.0514
1 0.2451 0.3679 0.0224 0.0518
1 0.1504 0.3572 0.0262 0.0489
1 0.1832 0.3136 0.0208 0.0467
1 0.1317 0.3078 0.0276 0.0473
1 0.2755 0.3245 0.0250 0.0431
1 0.3774 0.4409 0.0504 0.0503
1 0.3884 0.2896 0.0465 0.0509
1 0.9355 0.3037 0.0194 0.0460
1 0.7634 0.2224 0.0254 0.0400
1 0.6745 0.3397 0.0266 0.0490
1 0.6781 0.4387 0.0286 0.0530
1 0.9152 0.3456 0.0292 0.0477
1 0.5584 0.8404 0.0619 0.0685
1 0.8677 0.2467 0.0436 0.0484
1 0.6291 0.7885 0.0270 0.0667
1 0.9507 0.2661 0.0221 0.0453
3 0.4887 0.9754 0.0680 0.0492
1 0.2501 0.7739 0.0305 0.0668
1 0.0275 0.7145 0.0251 0.0632
1 0.2190 0.7674 0.0312 0.0647
1 0.0828 0.7340 0.0310 0.0718
1 0.0536 0.7272 0.0279 0.0601
1 0.5550 0.9810 0.0672 0.0381
3 0.6626 0.9883 0.0305 0.0234
1 0.8925 0.4745 0.0505 0.0527
1 0.9297 0.2598 0.0215 0.0404
1 0.9252 0.2200 0.0218 0.0421
1 0.9402 0.3481 0.0211 0.0470
3 0.6325 0.9873 0.0301 0.0255
1 0.9100 0.2972 0.0320 0.0477
3 0.6031 0.9822 0.0295 0.0356
1 0.8772 0.3328 0.0468 0.0509
1 0.9196 0.1814 0.0202 0.0386
1 0.4925 0.9062 0.0668 0.0849
1 0.8720 0.2853 0.0463 0.0449
1 0.9386 0.1856 0.0224 0.0421
1 0.4452 0.8989 0.0315 0.0898
1 0.6030 0.9235 0.0278 0.0807
1 0.5577 0.9177 0.0634 0.0861
1 0.9029 0.2540 0.0313 0.0421
1 0.6282 0.7221 0.0283 0.0649
1 0.7993 0.7369 0.0308 0.0596
1 0.6558 0.7236 0.0304 0.0655
1 0.6612 0.9353 0.0304 0.0776
1 0.6575 0.7906 0.0296 0.0710
1 0.6603 0.8619 0.0307 0.0728
1 0.7342 0.7933 0.0570 0.0743
1 0.6540 0.5996 0.0273 0.0576
1 0.6553 0.6617 0.0283 0.0607
1 0.6280 0.6584 0.0273 0.0613
1 0.6263 0.5965 0.0281 0.0600
1 0.2707 0.5844 0.0299 0.0627
1 0.1902 0.7590 0.0264 0.0703
1 0.5617 0.7081 0.0564 0.0661
1 0.6021 0.5923 0.0218 0.0588
1 0.2274 0.7006 0.0269 0.0677
1 0.6794 0.4906 0.0290 0.0576
1 0.2583 0.7085 0.0327 0.0662
1 0.6020 0.6508 0.0237 0.0607
1 0.7166 0.4964 0.0507 0.0591
1 0.6304 0.8561 0.0296 0.0685
1 0.1568 0.6248 0.0234 0.0627
1 0.2017 0.6948 0.0253 0.0632
1 0.1631 0.7524 0.0286 0.0723
1 0.2346 0.6392 0.0264 0.0642
1 0.8633 0.2051 0.0409 0.0446
1 0.2638 0.6463 0.0334 0.0693
1 0.2429 0.5808 0.0266 0.0566
1 0.2083 0.6337 0.0249 0.0632
1 0.1363 0.7476 0.0258 0.0708
1 0.6029 0.7148 0.0244 0.0649
1 0.6028 0.7824 0.0273 0.0728
1 0.7526 0.4987 0.0260 0.0576
1 0.6028 0.8519 0.0268 0.0685
1 0.1824 0.6289 0.0273 0.0607
1 0.1479 0.6835 0.0286 0.0617
