1 0.2561 0.7949 0.0865 0.0689
1 0.8244 0.9146 0.0748 0.0517
1 0.1197 0.3877 0.0483 0.0674
1 0.4518 0.7419 0.0681 0.0663
1 0.5978 0.3537 0.0492 0.0685
1 0.7761 0.7018 0.0526 0.0751
1 0.8292 0.8494 0.0729 0.0933
1 0.8422 0.5113 0.0707 0.0761
1 0.9205 0.5843 0.1008 0.0840
1 0.7079 0.5657 0.0956 0.0725
1 0.7829 0.5034 0.0550 0.0656
1 0.9274 0.4524 0.0958 0.0789
1 0.8447 0.4434 0.0718 0.0768
1 0.7184 0.3666 0.0992 0.0793
1 0.8499 0.3096 0.0738 0.0734
1 0.7873 0.3750 0.0503 0.0709
1 0.8465 0.3767 0.0710 0.0742
1 0.5274 0.5549 0.0715 0.0598
1 0.6396 0.4959 0.0507 0.0700
1 0.5336 0.4889 0.0705 0.0692
1 0.7182 0.8997 0.0652 0.0498
1 0.7137 0.4305 0.0953 0.0730
1 0.5843 0.6919 0.0531 0.0700
1 0.6357 0.6322 0.0497 0.0671
1 0.3241 0.8049 0.0502 0.0860
1 0.7248 0.1681 0.0930 0.0730
1 0.7943 0.1730 0.0520 0.0734
1 0.7202 0.3014 0.0955 0.0763
1 0.7212 0.2320 0.0930 0.0759
1 0.9142 0.8577 0.0980 0.0867
1 0.3591 0.1431 0.0565 0.0641
1 0.7964 0.1048 0.0533 0.0726
1 0.8504 0.2384 0.0698 0.0700
1 0.7898 0.2348 0.0514 0.0671
1 0.3840 0.7309 0.0637 0.0692
1 0.9340 0.2409 0.0944 0.0759
1 0.9409 0.1100 0.0956 0.0778
1 0.4407 0.8800 0.0661 0.0656
3 0.3743 0.8785 0.0715 0.0641
1 0.5225 0.7477 0.0724 0.0678
1 0.5727 0.8242 0.0454 0.0765
1 0.6300 0.7615 0.0526 0.0722
1 0.3335 0.5997 0.0555 0.0722
1 0.4552 0.6795 0.0690 0.0773
1 0.3294 0.6657 0.0560 0.0700
1 0.4136 0.1446 0.0700 0.0583
1 0.3912 0.6037 0.0637 0.0700
1 0.5286 0.6209 0.0681 0.0736
1 0.4026 0.4088 0.0632 0.0722
1 0.6357 0.5615 0.0555 0.0685
1 0.3936 0.5392 0.0647 0.0649
1 0.4603 0.5454 0.0734 0.0714
1 0.3422 0.4729 0.0497 0.0663
1 0.5923 0.4908 0.0478 0.0685
1 0.3968 0.4747 0.0642 0.0656
1 0.6415 0.4252 0.0507 0.0845
1 0.5348 0.4190 0.0681 0.0692
1 0.4117 0.2758 0.0700 0.0656
1 0.3555 0.2732 0.0561 0.0605
1 0.3533 0.3337 0.0623 0.0620
1 0.4129 0.2123 0.0676 0.0685
1 0.5418 0.2801 0.0725 0.0671
1 0.6012 0.2852 0.0551 0.0656
1 0.4812 0.1478 0.0720 0.0590
1 0.6051 0.1588 0.0483 0.0576
1 0.1093 0.5798 0.0449 0.0688
1 0.7735 0.7688 0.0560 0.0707
1 0.8317 0.7783 0.0719 0.0736
1 0.0421 0.8403 0.0526 0.0764
1 0.5495 0.0844 0.0676 0.0678
1 0.0893 0.8415 0.0433 0.0779
1 0.1006 0.7059 0.0449 0.0678
1 0.0981 0.7734 0.0506 0.0805
1 0.1680 0.7127 0.0992 0.0673
1 0.2662 0.5958 0.0912 0.0704
1 0.2600 0.6641 0.0902 0.0714
1 0.0590 0.6378 0.0563 0.0693
1 0.1140 0.5156 0.0456 0.0698
1 0.2704 0.5345 0.0888 0.0683
1 0.2756 0.4703 0.0925 0.0714
1 0.0662 0.5118 0.0553 0.0633
1 0.2774 0.4034 0.0929 0.0744
1 0.9309 0.3155 0.0944 0.0751
1 0.9157 0.7805 0.0922 0.0751
1 0.9248 0.5183 0.0944 0.0761
1 0.7109 0.4986 0.0942 0.0717
1 0.6249 0.8293 0.0531 0.0765
1 0.8553 0.1768 0.0718 0.0700
1 0.4453 0.8111 0.0686 0.0780
1 0.3811 0.8060 0.0599 0.0838
1 0.3898 0.6701 0.0637 0.0714
1 0.4175 0.0841 0.0662 0.0671
1 0.9198 0.6555 0.0956 0.0758
1 0.7679 0.9069 0.0381 0.0408
1 0.8331 0.7094 0.0748 0.0743
1 0.2833 0.2688 0.0952 0.0663
3 0.9104 0.9321 0.0990 0.0780
1 0.6976 0.8399 0.0966 0.0796
1 0.7067 0.6337 0.0921 0.0717
1 0.7001 0.7673 0.0909 0.0692
1 0.7029 0.7026 0.0933 0.0747
1 0.1896 0.3311 0.0929 0.0774
1 0.1971 0.2050 0.0905 0.0724
1 0.0863 0.1271 0.0547 0.0683
1 0.2903 0.1440 0.0952 0.0669
1 0.1328 0.1319 0.0463 0.0698
1 0.6326 0.6963 0.0512 0.0743
1 0.1043 0.6446 0.0443 0.0709
1 0.0684 0.4467 0.0570 0.0719
1 0.1842 0.4604 0.0976 0.0749
1 0.1155 0.4505 0.0479 0.0673
1 0.4822 0.0859 0.0700 0.0663
1 0.4619 0.4842 0.0690 0.0729
1 0.7899 0.3065 0.0511 0.0738
1 0.0520 0.7013 0.0590 0.0638
1 0.7696 0.8472 0.0483 0.0904
1 0.0463 0.7691 0.0510 0.0759
1 0.7842 0.4349 0.0531 0.0641
1 0.2577 0.7259 0.0909 0.0693
1 0.9181 0.7200 0.0883 0.0809
1 0.5863 0.5593 0.0492 0.0685
1 0.3468 0.4022 0.0521 0.0692
1 0.4682 0.4161 0.0681 0.0678
1 0.8377 0.6464 0.0772 0.0751
1 0.8382 0.5769 0.0765 0.0743
1 0.4055 0.3370 0.0613 0.0671
1 0.4716 0.3494 0.0681 0.0743
1 0.0897 0.0588 0.0587 0.0764
1 0.6553 0.0976 0.0560 0.0736
1 0.2473 0.8481 0.0714 0.0516
1 0.7800 0.5730 0.0504 0.0770
1 0.6039 0.2189 0.0527 0.0612
1 0.3572 0.2091 0.0565 0.0663
1 0.5474 0.1522 0.0710 0.0576
1 0.4588 0.6112 0.0705 0.0689
1 0.0833 0.1921 0.0573 0.0719
1 0.3601 0.0822 0.0507 0.0649
1 0.1242 0.3212 0.0453 0.0678
1 0.6068 0.0925 0.0488 0.0751
1 0.2868 0.2043 0.0969 0.0719
1 0.2023 0.0734 0.0915 0.0724
1 0.1718 0.6507 0.0935 0.0759
1 0.7786 0.6380 0.0517 0.0656
1 0.2799 0.3336 0.0899 0.0754
1 0.0731 0.3827 0.0536 0.0664
1 0.2920 0.0795 0.0932 0.0755
1 0.1993 0.1372 0.0922 0.0734
1 0.0803 0.2544 0.0573 0.0678
1 0.1277 0.2597 0.0449 0.0693
1 0.1881 0.3948 0.0952 0.0754
1 0.1804 0.5232 0.0945 0.0729
1 0.0629 0.5733 0.0573 0.0698
1 0.1752 0.5902 0.0922 0.0754
1 0.1651 0.7823 0.0962 0.0790
1 0.6541 0.1635 0.0556 0.0568
1 0.6504 0.2284 0.0551 0.0671
1 0.4766 0.2142 0.0705 0.0722
1 0.4742 0.2801 0.0676 0.0656
1 0.5392 0.3508 0.0700 0.0758
1 0.6461 0.3599 0.0492 0.0736
1 0.5947 0.4259 0.0468 0.0671
1 0.3371 0.5367 0.0502 0.0641
1 0.5867 0.6238 0.0521 0.0692
1 0.5225 0.6868 0.0666 0.0641
1 0.3265 0.7262 0.0560 0.0700
1 0.5819 0.7553 0.0473 0.0685
1 0.5141 0.8198 0.0671 0.0794
1 0.7271 0.1031 0.0930 0.0785
1 0.8581 0.1061 0.0724 0.0770
1 0.9302 0.3841 0.0942 0.0730
1 0.9379 0.1784 0.0967 0.0707
1 0.1313 0.1974 0.0479 0.0683
1 0.1921 0.2665 0.0892 0.0668
1 0.6504 0.2918 0.0570 0.0612
1 0.5447 0.2123 0.0705 0.0656
1 0.1371 0.0658 0.0449 0.0714
1 0.0779 0.3194 0.0573 0.0683
