1 0.0327 0.6177 0.0230 0.0337
1 0.8494 0.3102 0.0482 0.0448
3 0.1638 0.8804 0.0266 0.0319
1 0.2315 0.7449 0.0260 0.0351
1 0.9521 0.8650 0.0423 0.0493
1 0.8146 0.6231 0.0511 0.0451
3 0.3623 0.9788 0.0288 0.0425
1 0.2330 0.7779 0.0246 0.0363
1 0.0432 0.7973 0.0230 0.0328
2 0.1155 0.9816 0.0203 0.0367
1 0.0902 0.9168 0.0229 0.0314
3 0.1222 0.6288 0.0293 0.0394
3 0.1660 0.9789 0.0319 0.0357
3 0.0301 0.9195 0.0174 0.0321
1 0.6198 0.7303 0.0422 0.0440
1 0.9432 0.5618 0.0448 0.0534
1 0.0808 0.7315 0.0212 0.0363
1 0.8494 0.2651 0.0503 0.0498
1 0.2587 0.7421 0.0280 0.0358
1 0.0908 0.9482 0.0225 0.0299
1 0.7150 0.7175 0.0754 0.0483
3 0.2800 0.6310 0.0344 0.0377
1 0.4495 0.9374 0.0302 0.0402
1 0.3411 0.5877 0.0304 0.0409
1 0.0497 0.9486 0.0213 0.0276
2 0.4538 0.9777 0.0325 0.0440
3 0.1375 0.9734 0.0241 0.0226
1 0.6237 0.8482 0.0402 0.0407
3 0.0138 0.6230 0.0178 0.0309
1 0.5608 0.6189 0.0648 0.0414
3 0.2293 0.7107 0.0314 0.0392
3 0.0251 0.8000 0.0171 0.0334
3 0.7690 0.6273 0.0409 0.0413
3 0.2894 0.7680 0.0327 0.0371
1 0.3855 0.8658 0.0286 0.0394
1 0.0981 0.6346 0.0222 0.0339
1 0.8681 0.8294 0.0451 0.0489
1 0.2006 0.6476 0.0244 0.0391
1 0.6654 0.8852 0.0393 0.0393
1 0.9449 0.6512 0.0431 0.0489
3 0.5195 0.8922 0.0392 0.0395
3 0.1526 0.6893 0.0253 0.0371
1 0.0376 0.7078 0.0223 0.0340
3 0.7780 0.8752 0.0400 0.0426
1 0.1789 0.7164 0.0268 0.0354
3 0.2943 0.8712 0.0348 0.0330
3 0.5072 0.6271 0.0381 0.0366
1 0.0792 0.7008 0.0219 0.0339
3 0.5167 0.8175 0.0415 0.0377
1 0.2278 0.6770 0.0276 0.0361
1 0.2255 0.6434 0.0268 0.0401
1 0.2580 0.7739 0.0270 0.0358
1 0.2035 0.7138 0.0237 0.0356
1 0.1866 0.8473 0.0264 0.0328
3 0.5113 0.7037 0.0409 0.0377
2 0.0503 0.9813 0.0221 0.0375
1 0.1475 0.5911 0.0274 0.0369
3 0.2960 0.9797 0.0299 0.0406
3 0.2705 0.9794 0.0266 0.0412
1 0.9066 0.7423 0.0409 0.0477
1 0.9487 0.7796 0.0434 0.0472
1 0.6135 0.6127 0.0429 0.0372
3 0.5221 0.9322 0.0348 0.0441
1 0.8726 0.9165 0.0416 0.0493
3 0.5180 0.8552 0.0417 0.0384
1 0.0456 0.8595 0.0217 0.0324
3 0.9163 0.9630 0.0424 0.0559
1 0.2131 0.8780 0.0259 0.0332
1 0.4130 0.8638 0.0286 0.0369
3 0.8095 0.4981 0.0528 0.0525
1 0.7755 0.8360 0.0407 0.0393
1 0.6532 0.6081 0.0410 0.0504
1 0.3092 0.5549 0.0312 0.0434
1 0.1759 0.6528 0.0266 0.0376
1 0.6518 0.5680 0.0414 0.0498
1 0.6225 0.8088 0.0402 0.0410
1 0.3400 0.5499 0.0310 0.0419
1 0.8198 0.7499 0.0532 0.0469
3 0.5126 0.7419 0.0430 0.0362
3 0.0262 0.8295 0.0169 0.0321
1 0.6418 0.3206 0.0393 0.0477
1 0.2057 0.7475 0.0248 0.0348
1 0.0959 0.6040 0.0246 0.0359
1 0.8942 0.3453 0.0420 0.0448
1 0.8216 0.8316 0.0515 0.0457
1 0.7214 0.8816 0.0723 0.0466
1 0.0660 0.8579 0.0196 0.0336
1 0.4432 0.8275 0.0318 0.0387
3 0.7721 0.7110 0.0403 0.0434
1 0.8162 0.6660 0.0513 0.0478
1 0.2146 0.9105 0.0242 0.0324
1 0.4164 0.9002 0.0304 0.0373
3 0.1575 0.7849 0.0273 0.0363
3 0.1321 0.8186 0.0259 0.0340
1 0.3841 0.8305 0.0292 0.0355
1 0.1909 0.9128 0.0252 0.0324
1 0.4344 0.6435 0.0315 0.0391
3 0.4710 0.6710 0.0388 0.0382
1 0.4193 0.9383 0.0329 0.0392
3 0.1392 0.9131 0.0276 0.0321
1 0.0689 0.9180 0.0201 0.0326
1 0.2082 0.7796 0.0250 0.0348
1 0.0490 0.9196 0.0215 0.0314
1 0.9501 0.8220 0.0427 0.0485
1 0.0697 0.9486 0.0201 0.0296
1 0.3456 0.6930 0.0321 0.0369
1 0.8032 0.3694 0.0479 0.0492
3 0.7805 0.9710 0.0374 0.0580
3 0.2952 0.9418 0.0317 0.0350
1 0.3150 0.6999 0.0327 0.0394
1 0.3187 0.7334 0.0309 0.0376
1 0.1845 0.7832 0.0266 0.0356
1 0.3602 0.9404 0.0317 0.0371
1 0.3496 0.7651 0.0315 0.0426
3 0.7610 0.4155 0.0407 0.0434
1 0.4670 0.5993 0.0431 0.0471
1 0.6998 0.3876 0.0768 0.0451
3 0.1261 0.6943 0.0288 0.0371
1 0.1132 0.9148 0.0235 0.0349
3 0.1385 0.9453 0.0241 0.0323
3 0.2957 0.9068 0.0361 0.0361
3 0.2822 0.6999 0.0335 0.0361
1 0.0631 0.7963 0.0198 0.0319
1 0.3794 0.7628 0.0298 0.0387
1 0.6267 0.9271 0.0371 0.0428
1 0.4072 0.7232 0.0298 0.0405
1 0.4419 0.7916 0.0315 0.0380
1 0.7725 0.7558 0.0414 0.0451
1 0.8197 0.7924 0.0506 0.0457
3 0.0930 0.9818 0.0233 0.0365
1 0.0619 0.7652 0.0212 0.0340
1 0.2382 0.8767 0.0268 0.0365
1 0.0400 0.7384 0.0215 0.0328
1 0.2213 0.5755 0.0254 0.0401
1 0.0835 0.7618 0.0239 0.0344
1 0.1015 0.7293 0.0244 0.0349
1 0.2420 0.9427 0.0270 0.0332
1 0.0596 0.7350 0.0225 0.0338
3 0.7631 0.3302 0.0258 0.0455
1 0.1982 0.6142 0.0250 0.0365
3 0.4762 0.7827 0.0368 0.0353
1 0.5735 0.8908 0.0689 0.0428
3 0.1579 0.8161 0.0275 0.0357
2 0.9682 0.9592 0.0635 0.0568
1 0.0762 0.6392 0.0223 0.0372
1 0.3265 0.8725 0.0309 0.0331
1 0.3872 0.9018 0.0298 0.0383
1 0.6782 0.3113 0.0388 0.0513
3 0.2439 0.9794 0.0281 0.0412
3 0.1293 0.7581 0.0278 0.0355
1 0.1067 0.7908 0.0225 0.0347
1 0.2095 0.8140 0.0242 0.0328
3 0.3295 0.9795 0.0386 0.0410
3 0.8002 0.3229 0.0513 0.0473
1 0.9405 0.4745 0.0475 0.0522
1 0.7092 0.5522 0.0749 0.0428
1 0.9111 0.8688 0.0389 0.0485
1 0.9022 0.5679 0.0454 0.0503
1 0.2114 0.8449 0.0244 0.0336
1 0.4104 0.7602 0.0304 0.0369
1 0.4443 0.8637 0.0324 0.0387
1 0.0536 0.6132 0.0205 0.0353
1 0.1737 0.6200 0.0262 0.0366
3 0.1941 0.9781 0.0266 0.0369
1 0.1816 0.7514 0.0258 0.0351
3 0.7684 0.5852 0.0393 0.0430
1 0.2340 0.8109 0.0270 0.0351
1 0.2508 0.6388 0.0258 0.0403
1 0.1014 0.6974 0.0219 0.0337
3 0.1650 0.9454 0.0297 0.0342
1 0.6474 0.4460 0.0385 0.0519
1 0.7797 0.9198 0.0410 0.0451
3 0.7620 0.2911 0.0272 0.0413
1 0.1888 0.8797 0.0252 0.0334
3 0.1340 0.8506 0.0261 0.0342
3 0.5098 0.6651 0.0393 0.0387
2 0.5790 0.9744 0.0637 0.0513
1 0.4027 0.6493 0.0312 0.0408
1 0.6553 0.6471 0.0393 0.0481
1 0.6498 0.5261 0.0385 0.0475
1 0.7128 0.6746 0.0749 0.0485
1 0.6447 0.4032 0.0364 0.0501
1 0.9076 0.7830 0.0410 0.0464
1 0.8084 0.4541 0.0516 0.0504
1 0.0421 0.7691 0.0215 0.0344
3 0.1559 0.7539 0.0265 0.0357
3 0.1655 0.9122 0.0283 0.0326
1 0.6570 0.6874 0.0393 0.0460
3 0.0215 0.7413 0.0159 0.0330
3 0.7635 0.5039 0.0400 0.0438
1 0.6176 0.6916 0.0405 0.0434
1 0.9027 0.6119 0.0425 0.0517
1 0.8702 0.8726 0.0437 0.0460
1 0.9101 0.8258 0.0402 0.0460
1 0.8662 0.7881 0.0434 0.0472
1 0.4102 0.7942 0.0335 0.0334
1 0.2551 0.7086 0.0270 0.0356
1 0.4401 0.7544 0.0344 0.0394
1 0.8179 0.7092 0.0513 0.0475
2 0.6307 0.9740 0.0422 0.0520
1 0.0441 0.8283 0.0212 0.0342
1 0.3486 0.7299 0.0324 0.0419
1 0.8527 0.3994 0.0451 0.0472
1 0.9135 0.9123 0.0402 0.0493
1 0.8985 0.4821 0.0416 0.0561
1 0.9396 0.3805 0.0489 0.0478
1 0.3806 0.7976 0.0292 0.0345
3 0.1609 0.8494 0.0276 0.0313
1 0.8067 0.4089 0.0516 0.0462
1 0.9038 0.6563 0.0424 0.0498
1 0.2620 0.8410 0.0248 0.0341
3 0.0292 0.8907 0.0167 0.0301
1 0.3699 0.5802 0.0301 0.0416
1 0.9441 0.6066 0.0437 0.0517
1 0.2657 0.9098 0.0268 0.0351
1 0.3200 0.7675 0.0324 0.0405
1 0.3735 0.6542 0.0278 0.0436
1 0.9377 0.2478 0.0479 0.0354
3 0.3906 0.9792 0.0278 0.0417
1 0.0780 0.6701 0.0220 0.0316
1 0.6589 0.7276 0.0378 0.0463
1 0.9064 0.6982 0.0413 0.0506
1 0.5652 0.6965 0.0658 0.0432
1 0.3125 0.6653 0.0324 0.0412
1 0.2235 0.6099 0.0268 0.0387
1 0.5703 0.8139 0.0675 0.0419
3 0.7750 0.7940 0.0396 0.0443
1 0.8645 0.7474 0.0468 0.0510
3 0.4779 0.8196 0.0359 0.0368
1 0.7107 0.5937 0.0759 0.0438
1 0.7043 0.4718 0.0747 0.0409
1 0.4052 0.6849 0.0332 0.0412
3 0.4751 0.7483 0.0342 0.0371
3 0.4724 0.7106 0.0356 0.0427
1 0.6637 0.8474 0.0393 0.0445
3 0.0715 0.9819 0.0217 0.0362
1 0.9379 0.2902 0.0496 0.0511
1 0.8571 0.4906 0.0448 0.0536
1 0.2164 0.9434 0.0251 0.0338
1 0.0743 0.6087 0.0229 0.0359
1 0.2523 0.6744 0.0262 0.0383
1 0.3524 0.8004 0.0301 0.0352
1 0.7194 0.8417 0.0749 0.0489
1 0.7225 0.9212 0.0740 0.0469
3 0.0269 0.8597 0.0169 0.0323
3 0.4849 0.9335 0.0390 0.0430
1 0.3559 0.8679 0.0318 0.0359
1 0.1922 0.9440 0.0269 0.0355
1 0.0473 0.8897 0.0210 0.0301
1 0.6161 0.6516 0.0390 0.0443
1 0.1844 0.8161 0.0264 0.0341
3 0.0164 0.6512 0.0162 0.0324
3 0.7665 0.5452 0.0389 0.0387
3 0.5277 0.9768 0.0395 0.0464
1 0.4325 0.6043 0.0306 0.0471
1 0.2640 0.8745 0.0271 0.0342
3 0.1530 0.7216 0.0264 0.0421
3 0.1314 0.7878 0.0270 0.0347
1 0.9388 0.3346 0.0486 0.0455
1 0.1736 0.5877 0.0248 0.0380
1 0.2606 0.8070 0.0254 0.0358
1 0.0564 0.6743 0.0214 0.0332
1 0.1776 0.6853 0.0248 0.0348
1 0.8595 0.5770 0.0455 0.0511
1 0.5715 0.8514 0.0641 0.0425
1 0.7165 0.7621 0.0730 0.0519
1 0.2402 0.9103 0.0263 0.0332
1 0.6608 0.7684 0.0417 0.0451
1 0.5738 0.9296 0.0677 0.0472
1 0.9407 0.4265 0.0482 0.0495
1 0.0547 0.6441 0.0200 0.0353
1 0.3547 0.8341 0.0312 0.0387
1 0.7067 0.5118 0.0766 0.0464
3 0.1368 0.8810 0.0285 0.0319
1 0.8940 0.2515 0.0416 0.0529
1 0.3755 0.6909 0.0266 0.0391
1 0.4378 0.7182 0.0321 0.0401
1 0.5672 0.7348 0.0665 0.0424
1 0.1217 0.5973 0.0287 0.0372
1 0.7013 0.3504 0.0788 0.0399
1 0.3443 0.6577 0.0306 0.0359
1 0.0585 0.7049 0.0198 0.0353
1 0.3895 0.9390 0.0293 0.0369
1 0.1142 0.9467 0.0233 0.0314
1 0.0346 0.6481 0.0202 0.0349
3 0.7629 0.4601 0.0410 0.0447
1 0.3693 0.5442 0.0283 0.0434
1 0.7026 0.4288 0.0766 0.0497
1 0.9423 0.5189 0.0465 0.0429
3 0.4789 0.8572 0.0354 0.0403
3 0.8008 0.2809 0.0531 0.0547
3 0.4811 0.8932 0.0378 0.0371
3 0.7705 0.6692 0.0407 0.0468
1 0.2797 0.5974 0.0348 0.0430
1 0.0845 0.7924 0.0227 0.0359
3 0.0236 0.7698 0.0161 0.0326
1 0.2681 0.9420 0.0256 0.0336
1 0.8257 0.9186 0.0520 0.0504
3 0.2186 0.9800 0.0229 0.0400
1 0.9004 0.5237 0.0425 0.0482
1 0.5589 0.5775 0.0658 0.0443
1 0.2023 0.6820 0.0242 0.0356
1 0.1048 0.7603 0.0213 0.0342
3 0.2805 0.6671 0.0301 0.0346
1 0.6626 0.8066 0.0405 0.0431
3 0.7048 0.9717 0.0342 0.0566
1 0.6666 0.9254 0.0417 0.0434
1 0.5672 0.7751 0.0675 0.0481
1 0.6256 0.8889 0.0388 0.0437
3 0.8274 0.9673 0.0573 0.0640
1 0.9463 0.6942 0.0420 0.0519
1 0.8133 0.5809 0.0557 0.0463
1 0.1112 0.8840 0.0235 0.0311
3 0.6718 0.9728 0.0366 0.0545
1 0.9477 0.7374 0.0448 0.0498
1 0.4361 0.6809 0.0304 0.0443
1 0.8938 0.3000 0.0420 0.0504
1 0.8949 0.3911 0.0430 0.0553
3 0.5141 0.7790 0.0406 0.0366
1 0.3116 0.6273 0.0324 0.0412
1 0.5632 0.6566 0.0663 0.0430
1 0.7181 0.7984 0.0735 0.0426
1 0.6488 0.4850 0.0369 0.0489
1 0.7116 0.6359 0.0754 0.0432
3 0.0308 0.9492 0.0181 0.0307
3 0.0191 0.6803 0.0162 0.0319
1 0.8622 0.6623 0.0450 0.0489
1 0.0647 0.8268 0.0200 0.0332
1 0.2498 0.6040 0.0280 0.0383
1 0.6121 0.5747 0.0412 0.0516
1 0.3103 0.5931 0.0301 0.0409
1 0.3238 0.8371 0.0330 0.0390
1 0.8507 0.3561 0.0486 0.0488
2 0.4213 0.9791 0.0325 0.0418
1 0.0361 0.6780 0.0206 0.0337
1 0.8641 0.7045 0.0482 0.0531
1 0.1002 0.6667 0.0226 0.0356
3 0.2909 0.8379 0.0331 0.0346
3 0.2890 0.8036 0.0335 0.0351
3 0.1250 0.6616 0.0269 0.0367
1 0.2367 0.8429 0.0262 0.0345
1 0.3722 0.6176 0.0269 0.0436
1 0.8554 0.4432 0.0455 0.0440
1 0.0871 0.8554 0.0232 0.0340
1 0.8609 0.6194 0.0434 0.0498
1 0.8583 0.5327 0.0458 0.0511
3 0.2864 0.7321 0.0335 0.0347
3 0.7592 0.3732 0.0400 0.0404
3 0.1264 0.7243 0.0271 0.0384
1 0.3281 0.9067 0.0318 0.0348
1 0.4468 0.9004 0.0315 0.0376
1 0.0862 0.8243 0.0234 0.0332
1 0.3585 0.9044 0.0306 0.0366
1 0.8238 0.8741 0.0516 0.0457
1 0.4134 0.8289 0.0312 0.0373
3 0.1517 0.6564 0.0253 0.0390
1 0.6215 0.7711 0.0426 0.0431
1 0.3213 0.8030 0.0338 0.0348
3 0.3289 0.9406 0.0352 0.0378
3 0.0194 0.7104 0.0154 0.0319
1 0.9536 0.9100 0.0399 0.0506
1 0.2793 0.5606 0.0327 0.0434
1 0.3777 0.7254 0.0304 0.0419
1 0.1086 0.8222 0.0218 0.0357
1 0.1497 0.6239 0.0271 0.0365
1 0.0680 0.8879 0.0205 0.0295
1 0.6430 0.3598 0.0369 0.0463
1 0.8113 0.5392 0.0525 0.0484
3 0.5076 0.5882 0.0366 0.0384
1 0.8970 0.4354 0.0427 0.0437
2 0.0306 0.9757 0.0168 0.0229
1 0.2487 0.5685 0.0295 0.0419
1 0.1094 0.8531 0.0229 0.0344
1 0.1979 0.5820 0.0245 0.0380
1 0.4021 0.6104 0.0330 0.0433
1 0.3421 0.6217 0.0309 0.0377
1 0.4696 0.6379 0.0390 0.0376
3 0.8749 0.9648 0.0431 0.0568
1 0.0887 0.8861 0.0244 0.0311
3 0.4885 0.9774 0.0383 0.0453
