2 0.3390 0.6671 0.1397 0.1989
2 0.1104 0.7073 0.1159 0.2486
2 0.1109 0.4952 0.1161 0.1694
2 0.0304 0.7085 0.0524 0.2527
2 0.7416 0.2502 0.0990 0.1910
2 0.7533 0.4474 0.1048 0.2201
2 0.6317 0.2647 0.1558 0.2035
2 0.6426 0.7256 0.1805 0.3197
2 0.5218 0.7111 0.0786 0.3073
2 0.4410 0.7173 0.0946 0.3197
2 0.3463 0.4786 0.1296 0.1910
2 0.0628 0.3516 0.0657 0.1466
2 0.0384 0.5018 0.0607 0.1490
2 0.8224 0.2439 0.1032 0.1952
3 0.9323 0.2273 0.1355 0.1910
2 0.3587 0.3062 0.1106 0.1786
2 0.6339 0.4619 0.1631 0.1993
2 0.4468 0.4661 0.0830 0.1993
2 0.1257 0.3412 0.0959 0.1546
3 0.2273 0.4907 0.1293 0.1796
3 0.2407 0.3276 0.1379 0.1754
3 0.9583 0.7277 0.0834 0.3405
2 0.8419 0.4433 0.1132 0.2284
2 0.7656 0.7319 0.1091 0.3571
2 0.8670 0.7256 0.1284 0.3447
3 0.9407 0.4412 0.1186 0.2242
2 0.4519 0.2829 0.0815 0.1984
2 0.5225 0.2731 0.0684 0.1954
2 0.5196 0.4550 0.0684 0.2103
