1 0.4770 0.7057 0.0415 0.0305
1 0.4749 0.7384 0.0424 0.0362
1 0.4131 0.7136 0.0347 0.0293
1 0.8258 0.7526 0.0777 0.0485
1 0.4077 0.7733 0.0369 0.0305
1 0.4104 0.7433 0.0348 0.0329
1 0.4053 0.8060 0.0360 0.0387
1 0.3817 0.7797 0.0168 0.0322
1 0.3658 0.7799 0.0154 0.0295
3 0.9131 0.6071 0.0821 0.0491
2 0.4241 0.5353 0.0340 0.0306
2 0.4875 0.5119 0.0426 0.0339
2 0.5295 0.4979 0.0422 0.0347
2 0.4809 0.6107 0.0421 0.0335
2 0.5228 0.6006 0.0428 0.0341
2 0.6853 0.5620 0.0592 0.0390
2 0.8375 0.5288 0.0756 0.0395
2 0.9176 0.5119 0.0807 0.0461
2 0.6898 0.4808 0.0602 0.0396
2 0.8428 0.4382 0.0768 0.0427
2 0.9246 0.4169 0.0826 0.0478
3 0.9162 0.5593 0.0824 0.0472
3 0.6883 0.5226 0.0611 0.0409
3 0.6835 0.6018 0.0590 0.0394
1 0.8302 0.6627 0.0783 0.0480
2 0.3879 0.4695 0.0175 0.0324
2 0.4042 0.4620 0.0163 0.0320
2 0.4297 0.4494 0.0358 0.0423
2 0.4598 0.4358 0.0264 0.0387
2 0.4940 0.4181 0.0430 0.0438
2 0.5364 0.3994 0.0424 0.0438
2 0.5710 0.3839 0.0255 0.0372
2 0.5962 0.3740 0.0243 0.0387
2 0.3866 0.4973 0.0169 0.0306
2 0.4027 0.4905 0.0154 0.0302
2 0.4277 0.4793 0.0354 0.0387
2 0.4576 0.4658 0.0247 0.0346
2 0.4927 0.4505 0.0424 0.0423
2 0.5349 0.4321 0.0424 0.0416
2 0.5688 0.4200 0.0239 0.0372
2 0.5932 0.4099 0.0237 0.0368
2 0.3845 0.5257 0.0169 0.0291
2 0.4005 0.5194 0.0152 0.0291
2 0.3830 0.5538 0.0156 0.0287
2 0.3985 0.5481 0.0154 0.0283
2 0.4255 0.5096 0.0348 0.0390
2 0.4552 0.4977 0.0263 0.0350
2 0.4894 0.4848 0.0436 0.0423
2 0.5324 0.4664 0.0428 0.0423
2 0.5659 0.4553 0.0251 0.0372
2 0.5917 0.4456 0.0237 0.0346
2 0.4535 0.5277 0.0239 0.0317
2 0.5635 0.4888 0.0249 0.0350
2 0.5879 0.4806 0.0249 0.0361
2 0.6152 0.5083 0.0315 0.0394
2 0.6477 0.4618 0.0298 0.0397
2 0.6454 0.4992 0.0288 0.0405
2 0.3767 0.6397 0.0151 0.0264
2 0.3927 0.6359 0.0149 0.0279
2 0.4173 0.6281 0.0350 0.0331
2 0.4469 0.6219 0.0245 0.0325
2 0.5569 0.5946 0.0246 0.0350
2 0.6112 0.5819 0.0298 0.0359
2 0.6402 0.5747 0.0298 0.0362
2 0.7355 0.5535 0.0395 0.0417
2 0.7767 0.5451 0.0417 0.0414
2 0.9804 0.5021 0.0392 0.0442
2 0.6925 0.4473 0.0604 0.0486
2 0.7426 0.4318 0.0406 0.0468
2 0.7845 0.4172 0.0427 0.0459
2 0.8450 0.3996 0.0775 0.0583
2 0.7411 0.4716 0.0390 0.0424
2 0.7825 0.4608 0.0420 0.0446
2 0.9267 0.3750 0.0826 0.0605
2 0.9848 0.3574 0.0304 0.0482
2 0.9839 0.4053 0.0322 0.0433
2 0.3549 0.9411 0.0172 0.0312
2 0.3711 0.9421 0.0164 0.0307
3 0.9803 0.4533 0.0393 0.0579
3 0.9782 0.5483 0.0435 0.0588
3 0.9773 0.6006 0.0454 0.0486
3 0.9206 0.4679 0.0838 0.0579
3 0.8405 0.4873 0.0798 0.0561
3 0.7794 0.5025 0.0432 0.0477
3 0.7385 0.5125 0.0392 0.0437
3 0.8356 0.5766 0.0784 0.0517
3 0.8332 0.6194 0.0775 0.0508
3 0.7747 0.5863 0.0425 0.0446
3 0.7726 0.6298 0.0420 0.0442
3 0.7331 0.5938 0.0392 0.0420
3 0.7315 0.6351 0.0392 0.0407
3 0.6433 0.5363 0.0294 0.0402
3 0.6134 0.5443 0.0308 0.0376
3 0.5862 0.5162 0.0259 0.0353
3 0.5840 0.5527 0.0238 0.0367
3 0.5611 0.5233 0.0243 0.0353
3 0.6811 0.6435 0.0597 0.0424
3 0.6371 0.6512 0.0296 0.0367
3 0.6381 0.6123 0.0299 0.0384
3 0.6064 0.6563 0.0299 0.0362
3 0.6086 0.6181 0.0301 0.0384
3 0.5797 0.6238 0.0250 0.0367
3 0.5548 0.6286 0.0252 0.0353
3 0.5520 0.6637 0.0252 0.0331
3 0.5201 0.6352 0.0436 0.0380
3 0.5188 0.6688 0.0429 0.0327
3 0.4775 0.6443 0.0429 0.0367
3 0.4444 0.6520 0.0252 0.0300
3 0.4426 0.6827 0.0264 0.0305
3 0.4153 0.6573 0.0334 0.0318
3 0.4129 0.6896 0.0327 0.0318
3 0.3897 0.6642 0.0180 0.0261
3 0.3739 0.6675 0.0168 0.0265
3 0.3731 0.6947 0.0166 0.0314
3 0.3869 0.7203 0.0175 0.0287
1 0.3886 0.6940 0.0177 0.0318
3 0.3808 0.5825 0.0163 0.0306
3 0.3965 0.5757 0.0163 0.0295
3 0.4210 0.5691 0.0358 0.0361
3 0.4515 0.5582 0.0259 0.0357
3 0.4851 0.5470 0.0430 0.0376
3 0.5277 0.5350 0.0434 0.0416
3 0.5255 0.5680 0.0428 0.0376
3 0.4821 0.5794 0.0436 0.0369
3 0.4487 0.5904 0.0265 0.0354
3 0.4190 0.5991 0.0352 0.0343
3 0.3941 0.6059 0.0157 0.0310
3 0.3786 0.6116 0.0163 0.0284
1 0.9970 0.6470 0.0060 0.0433
1 0.9947 0.7956 0.0107 0.0401
1 0.9920 0.8952 0.0161 0.0484
1 0.9898 0.9467 0.0204 0.0459
1 0.9603 0.9464 0.0420 0.0465
1 0.8993 0.9426 0.0827 0.0440
1 0.8174 0.9397 0.0783 0.0483
1 0.7153 0.9315 0.0413 0.0445
1 0.6649 0.9280 0.0595 0.0413
1 0.6202 0.9232 0.0292 0.0369
1 0.5906 0.9219 0.0333 0.0369
1 0.9729 0.6470 0.0423 0.0471
1 0.9713 0.6951 0.0427 0.0490
1 0.9673 0.7947 0.0407 0.0433
1 0.9102 0.6556 0.0817 0.0465
1 0.9087 0.7021 0.0827 0.0478
1 0.9067 0.7501 0.0807 0.0484
1 0.9041 0.7962 0.0823 0.0452
1 0.7705 0.6719 0.0437 0.0445
1 0.7294 0.6760 0.0387 0.0401
1 0.6790 0.6837 0.0595 0.0414
1 0.6336 0.6891 0.0286 0.0356
1 0.6047 0.6938 0.0299 0.0363
1 0.7677 0.7151 0.0434 0.0420
1 0.6769 0.7231 0.0595 0.0388
1 0.6316 0.7282 0.0286 0.0375
1 0.6020 0.7310 0.0306 0.0356
1 0.7663 0.7571 0.0420 0.0382
1 0.6744 0.7638 0.0612 0.0414
1 0.6297 0.7657 0.0289 0.0363
1 0.5995 0.7686 0.0303 0.0344
1 0.8241 0.7991 0.0783 0.0445
1 0.8220 0.8446 0.0773 0.0388
1 0.7630 0.8010 0.0441 0.0433
1 0.7223 0.8036 0.0400 0.0394
1 0.6727 0.8033 0.0605 0.0401
1 0.7613 0.8456 0.0420 0.0382
1 0.7203 0.8449 0.0407 0.0394
1 0.6706 0.8462 0.0609 0.0394
1 0.6257 0.8443 0.0296 0.0356
1 0.5960 0.8446 0.0299 0.0363
1 0.7586 0.8885 0.0434 0.0413
1 0.7174 0.8869 0.0410 0.0394
1 0.6679 0.8860 0.0609 0.0376
1 0.5928 0.8837 0.0330 0.0394
1 0.5617 0.9193 0.0259 0.0395
1 0.5367 0.9165 0.0269 0.0376
1 0.5031 0.9142 0.0430 0.0382
1 0.4605 0.9101 0.0427 0.0376
1 0.4283 0.9090 0.0274 0.0371
1 0.3975 0.9055 0.0358 0.0350
1 0.3734 0.9050 0.0174 0.0350
3 0.3569 0.9029 0.0162 0.0340
1 0.5765 0.6955 0.0239 0.0357
1 0.5528 0.6971 0.0251 0.0324
1 0.5187 0.7001 0.0426 0.0324
1 0.4433 0.7130 0.0255 0.0280
1 0.4376 0.7736 0.0238 0.0304
1 0.5752 0.7321 0.0259 0.0368
1 0.5721 0.7682 0.0259 0.0353
1 0.5690 0.8048 0.0280 0.0365
1 0.5651 0.8797 0.0264 0.0361
1 0.5503 0.7304 0.0255 0.0364
1 0.5467 0.7680 0.0265 0.0372
1 0.5426 0.8427 0.0253 0.0394
1 0.5430 0.8048 0.0245 0.0372
1 0.5404 0.8799 0.0249 0.0364
1 0.5162 0.7334 0.0426 0.0387
1 0.5122 0.7694 0.0424 0.0357
1 0.5100 0.8054 0.0422 0.0368
1 0.5087 0.8403 0.0422 0.0361
1 0.5070 0.8777 0.0420 0.0364
1 0.4340 0.8048 0.0230 0.0358
1 0.4418 0.7419 0.0256 0.0340
1 0.4703 0.7718 0.0424 0.0354
1 0.4339 0.8377 0.0230 0.0344
1 0.4677 0.8076 0.0427 0.0370
1 0.4667 0.8406 0.0432 0.0324
1 0.4646 0.8756 0.0454 0.0355
1 0.4325 0.8716 0.0238 0.0398
1 0.4043 0.8400 0.0383 0.0319
1 0.4024 0.8722 0.0376 0.0319
1 0.3714 0.7242 0.0172 0.0322
1 0.3862 0.7475 0.0169 0.0310
1 0.3788 0.8095 0.0164 0.0304
1 0.3784 0.8420 0.0159 0.0322
1 0.3764 0.8721 0.0164 0.0316
1 0.3684 0.7524 0.0174 0.0304
1 0.3628 0.8389 0.0169 0.0291
1 0.3643 0.8099 0.0162 0.0307
1 0.3611 0.8705 0.0172 0.0322
1 0.6227 0.8830 0.0309 0.0384
1 0.5678 0.8425 0.0267 0.0383
1 0.5975 0.8086 0.0296 0.0380
1 0.6269 0.8053 0.0293 0.0432
1 0.8199 0.8899 0.0786 0.0462
1 0.9004 0.8926 0.0830 0.0498
1 0.9028 0.8430 0.0837 0.0471
1 0.7260 0.7169 0.0400 0.0411
1 0.7245 0.7592 0.0397 0.0434
1 0.9637 0.8920 0.0392 0.0535
1 0.9650 0.8420 0.0413 0.0478
1 0.9696 0.7466 0.0427 0.0514
1 0.7569 0.9300 0.0413 0.0407
1 0.9930 0.8423 0.0141 0.0511
1 0.9963 0.6956 0.0073 0.0489
1 0.9948 0.7465 0.0103 0.0489
3 0.5784 0.6612 0.0275 0.0371
3 0.5596 0.5595 0.0245 0.0352
2 0.9885 0.9854 0.0231 0.0292
2 0.9575 0.9844 0.0380 0.0313
2 0.8976 0.9822 0.0830 0.0355
2 0.8166 0.9811 0.0768 0.0379
2 0.7565 0.9758 0.0426 0.0484
2 0.7134 0.9776 0.0397 0.0449
2 0.6630 0.9748 0.0594 0.0505
2 0.6185 0.9699 0.0293 0.0523
2 0.5880 0.9671 0.0319 0.0513
2 0.5595 0.9639 0.0247 0.0489
2 0.5342 0.9603 0.0262 0.0510
2 0.5010 0.9576 0.0417 0.0493
2 0.4585 0.9517 0.0446 0.0456
2 0.4247 0.9494 0.0236 0.0467
2 0.3958 0.9443 0.0350 0.0402
2 0.6260 0.4249 0.0111 0.0401
2 0.6088 0.4433 0.0090 0.0141
2 0.6123 0.4236 0.0147 0.0468
2 0.6146 0.3854 0.0146 0.0685
2 0.5826 0.5864 0.0258 0.0380
2 0.6170 0.4690 0.0318 0.0429
3 0.4759 0.6762 0.0429 0.0316
1 0.8272 0.7078 0.0764 0.0451
