3 0.9079 0.4476 0.0568 0.0353
2 0.8523 0.9393 0.0665 0.0491
3 0.6968 0.7094 0.0935 0.0379
3 0.8459 0.5940 0.0571 0.0357
3 0.1031 0.7231 0.0552 0.0362
3 0.1023 0.6858 0.0487 0.0365
3 0.1637 0.7239 0.0567 0.0371
3 0.7805 0.7801 0.0657 0.0373
3 0.6037 0.6701 0.0893 0.0334
3 0.2285 0.8335 0.0582 0.0348
3 0.4329 0.6384 0.0591 0.0356
2 0.3281 0.9585 0.1311 0.0492
3 0.6004 0.4529 0.0870 0.0352
3 0.2279 0.5326 0.0702 0.0337
3 0.7821 0.7432 0.0652 0.0371
3 0.3638 0.4933 0.0678 0.0354
3 0.6063 0.5983 0.0907 0.0329
3 0.6994 0.5230 0.0855 0.0370
3 0.6048 0.7106 0.0876 0.0371
3 0.9073 0.6292 0.0543 0.0354
3 0.0372 0.5731 0.0635 0.0342
3 0.4320 0.6761 0.0576 0.0350
3 0.1635 0.7608 0.0582 0.0366
3 0.3657 0.8673 0.0586 0.0375
3 0.7822 0.7060 0.0624 0.0376
3 0.3633 0.7900 0.0648 0.0354
3 0.8425 0.4852 0.0557 0.0348
3 0.3606 0.6801 0.0708 0.0343
3 0.0319 0.9170 0.0560 0.0363
2 0.6997 0.9415 0.0923 0.0477
3 0.9598 0.4829 0.0364 0.0358
3 0.2913 0.7220 0.0616 0.0356
3 0.9629 0.5897 0.0389 0.0309
3 0.4327 0.5640 0.0597 0.0351
3 0.2974 0.9117 0.0591 0.0405
3 0.2298 0.7573 0.0585 0.0338
3 0.9110 0.8922 0.0536 0.0353
3 0.2303 0.9132 0.0572 0.0376
3 0.0364 0.6849 0.0573 0.0347
2 0.7797 0.9411 0.0614 0.0497
3 0.1074 0.4986 0.0569 0.0368
2 0.1010 0.9563 0.0582 0.0426
3 0.7760 0.4863 0.0614 0.0353
3 0.1634 0.8744 0.0531 0.0314
3 0.4298 0.8664 0.0574 0.0358
2 0.6030 0.9446 0.0883 0.0497
3 0.7797 0.8168 0.0661 0.0356
3 0.9086 0.6656 0.0565 0.0364
3 0.7794 0.6306 0.0654 0.0361
3 0.5116 0.5622 0.0866 0.0302
3 0.1652 0.5732 0.0585 0.0359
2 0.4959 0.9490 0.0419 0.0340
3 0.9652 0.8506 0.0330 0.0380
2 0.5426 0.9480 0.0248 0.0361
3 0.2285 0.7959 0.0571 0.0347
3 0.8476 0.8167 0.0586 0.0374
3 0.8471 0.7050 0.0578 0.0366
3 0.5100 0.8636 0.0879 0.0367
3 0.5110 0.7887 0.0819 0.0377
3 0.7789 0.5944 0.0556 0.0347
3 0.8459 0.4489 0.0588 0.0378
3 0.6027 0.9012 0.0882 0.0389
3 0.4311 0.7879 0.0585 0.0351
3 0.6059 0.5616 0.0891 0.0331
3 0.0986 0.9156 0.0565 0.0348
3 0.9119 0.8523 0.0561 0.0373
3 0.2280 0.7189 0.0634 0.0340
3 0.0357 0.7611 0.0583 0.0349
3 0.9097 0.7396 0.0572 0.0359
3 0.2923 0.7596 0.0603 0.0361
3 0.4303 0.7138 0.0562 0.0369
3 0.9063 0.4820 0.0513 0.0333
3 0.0336 0.8357 0.0575 0.0360
3 0.8453 0.5571 0.0565 0.0370
3 0.0331 0.8745 0.0557 0.0359
3 0.2322 0.4593 0.0639 0.0345
3 0.2962 0.4959 0.0592 0.0362
3 0.2958 0.5706 0.0564 0.0349
3 0.2934 0.7962 0.0610 0.0356
3 0.5110 0.6386 0.0938 0.0358
3 0.2921 0.6458 0.0627 0.0373
3 0.9081 0.5191 0.0547 0.0372
3 0.2261 0.6440 0.0684 0.0329
3 0.7017 0.6335 0.0887 0.0368
3 0.9603 0.5189 0.0334 0.0352
3 0.2953 0.5336 0.0609 0.0342
3 0.3632 0.4549 0.0678 0.0336
3 0.1054 0.5719 0.0541 0.0336
3 0.4331 0.4909 0.0605 0.0358
3 0.9655 0.6993 0.0425 0.0363
3 0.0416 0.4636 0.0642 0.0345
3 0.1627 0.8385 0.0547 0.0367
3 0.9103 0.8140 0.0528 0.0347
3 0.9634 0.6653 0.0327 0.0372
3 0.5102 0.4513 0.0861 0.0328
3 0.1639 0.9137 0.0576 0.0361
3 0.0381 0.5381 0.0657 0.0342
3 0.6031 0.7849 0.0905 0.0355
3 0.7782 0.5218 0.0609 0.0364
3 0.6960 0.5611 0.0866 0.0347
3 0.3601 0.7553 0.0677 0.0351
3 0.4323 0.6012 0.0588 0.0346
3 0.5120 0.8261 0.0817 0.0368
3 0.5074 0.7125 0.0925 0.0356
3 0.6052 0.6364 0.0859 0.0327
3 0.1005 0.8362 0.0565 0.0364
3 0.7815 0.5582 0.0602 0.0370
3 0.2288 0.5682 0.0650 0.0334
2 0.4318 0.9480 0.0437 0.0364
3 0.0996 0.8752 0.0569 0.0370
3 0.0330 0.6100 0.0659 0.0344
3 0.0389 0.6478 0.0610 0.0342
3 0.1070 0.5360 0.0556 0.0352
1 0.8472 0.8947 0.0543 0.0362
3 0.3607 0.5675 0.0686 0.0340
3 0.6014 0.8611 0.0838 0.0370
3 0.1019 0.7968 0.0548 0.0348
3 0.5079 0.6745 0.0834 0.0374
3 0.7027 0.8989 0.0944 0.0403
3 0.5117 0.5284 0.0830 0.0359
3 0.1621 0.6861 0.0600 0.0364
3 0.1021 0.7596 0.0544 0.0345
3 0.1679 0.4980 0.0538 0.0346
3 0.2968 0.4582 0.0587 0.0372
2 0.0366 0.9564 0.0643 0.0414
3 0.2956 0.8353 0.0586 0.0339
3 0.3601 0.6417 0.0704 0.0336
3 0.6952 0.4876 0.0836 0.0359
3 0.1641 0.8010 0.0561 0.0371
3 0.7789 0.4482 0.0616 0.0345
3 0.8478 0.8539 0.0621 0.0378
3 0.9612 0.6269 0.0393 0.0304
3 0.3630 0.5314 0.0662 0.0329
3 0.8439 0.6670 0.0536 0.0358
3 0.7812 0.8955 0.0601 0.0379
3 0.6029 0.8222 0.0950 0.0358
3 0.9584 0.4459 0.0348 0.0322
3 0.9063 0.5555 0.0524 0.0345
3 0.8488 0.7788 0.0560 0.0375
3 0.4310 0.8259 0.0573 0.0344
3 0.6982 0.7831 0.0893 0.0372
3 0.7007 0.6706 0.0876 0.0370
3 0.1629 0.6474 0.0578 0.0373
3 0.5102 0.5997 0.0849 0.0346
2 0.9668 0.9356 0.0268 0.0436
3 0.1657 0.5352 0.0582 0.0345
3 0.1082 0.4611 0.0568 0.0335
3 0.9133 0.7781 0.0570 0.0365
3 0.4332 0.5282 0.0594 0.0354
3 0.2311 0.4957 0.0650 0.0353
3 0.9651 0.7764 0.0311 0.0364
3 0.5084 0.4905 0.0843 0.0352
3 0.1705 0.4616 0.0542 0.0362
3 0.9650 0.8134 0.0300 0.0372
3 0.9686 0.8940 0.0367 0.0363
3 0.2951 0.8728 0.0663 0.0361
3 0.9604 0.5524 0.0419 0.0319
3 0.1049 0.6087 0.0534 0.0340
3 0.3589 0.7176 0.0708 0.0352
3 0.9092 0.5929 0.0547 0.0362
3 0.5101 0.9035 0.0912 0.0364
3 0.7811 0.6686 0.0627 0.0378
3 0.9643 0.7373 0.0384 0.0341
3 0.2294 0.8719 0.0566 0.0364
2 0.9139 0.9378 0.0544 0.0486
3 0.6991 0.5980 0.0900 0.0365
3 0.0350 0.7983 0.0580 0.0364
3 0.0410 0.5005 0.0645 0.0357
3 0.3657 0.8287 0.0564 0.0359
3 0.1041 0.6478 0.0538 0.0344
3 0.7800 0.8554 0.0610 0.0361
3 0.2253 0.6070 0.0641 0.0326
3 0.7021 0.8591 0.0921 0.0386
3 0.1638 0.6111 0.0519 0.0349
3 0.2940 0.6074 0.0610 0.0336
3 0.5988 0.4877 0.0959 0.0370
3 0.9097 0.7028 0.0558 0.0353
3 0.8460 0.6313 0.0577 0.0368
3 0.4294 0.4542 0.0646 0.0341
3 0.6007 0.5240 0.0934 0.0353
3 0.4297 0.9038 0.0587 0.0357
3 0.2917 0.6839 0.0616 0.0356
3 0.3619 0.9094 0.0599 0.0430
3 0.6993 0.7457 0.0861 0.0398
3 0.3618 0.6052 0.0646 0.0351
3 0.4318 0.7497 0.0554 0.0356
3 0.6030 0.7476 0.0949 0.0352
3 0.6981 0.8196 0.0922 0.0394
2 0.1973 0.9568 0.1142 0.0469
3 0.0380 0.7236 0.0583 0.0353
3 0.5079 0.7491 0.0934 0.0355
3 0.2285 0.6823 0.0640 0.0337
3 0.8475 0.7419 0.0581 0.0373
3 0.8429 0.5190 0.0571 0.0365
3 0.6946 0.4498 0.0932 0.0348
