3 0.5933 0.5277 0.0348 0.0577
3 0.0413 0.7586 0.0257 0.0560
3 0.3376 0.6140 0.0348 0.0577
3 0.3015 0.5457 0.0335 0.0647
3 0.1015 0.3723 0.0313 0.0580
3 0.3726 0.4133 0.0348 0.0577
3 0.3376 0.2126 0.0348 0.0577
3 0.4811 0.1390 0.0348 0.0577
3 0.4818 0.2081 0.0348 0.0577
3 0.0713 0.5021 0.0282 0.0580
3 0.7045 0.1203 0.0345 0.0624
3 0.0430 0.4536 0.0277 0.0627
3 0.4437 0.6830 0.0348 0.0577
3 0.6684 0.3252 0.0348 0.0577
3 0.0719 0.5626 0.0282 0.0580
3 0.6304 0.4632 0.0348 0.0577
3 0.8487 0.2502 0.0332 0.0627
3 0.8142 0.3144 0.0324 0.0636
3 0.1644 0.1797 0.0313 0.0580
3 0.5182 0.5486 0.0348 0.0577
3 0.1314 0.6292 0.0330 0.0634
3 0.1631 0.6958 0.0330 0.0634
3 0.2314 0.1734 0.0313 0.0580
3 0.3706 0.6785 0.0348 0.0577
3 0.5171 0.1372 0.0348 0.0577
3 0.8838 0.5147 0.0348 0.0577
3 0.3026 0.4143 0.0327 0.0640
3 0.7086 0.8059 0.0369 0.0626
3 0.2651 0.5649 0.0330 0.0634
2 0.9961 0.3871 0.0078 0.0577
3 0.4437 0.4796 0.0348 0.0577
3 0.4811 0.2743 0.0348 0.0577
3 0.0437 0.6978 0.0277 0.0627
3 0.2328 0.4332 0.0330 0.0634
3 0.0424 0.8767 0.0257 0.0560
3 0.5947 0.7366 0.0348 0.0577
3 0.4028 0.8173 0.0351 0.0661
3 0.7406 0.2585 0.0362 0.0628
3 0.4804 0.5459 0.0348 0.0577
3 0.2585 0.8274 0.0348 0.0726
3 0.4808 0.6149 0.0348 0.0577
3 0.6695 0.8056 0.0348 0.0577
3 0.9177 0.1168 0.0310 0.0581
3 0.2945 0.7492 0.0354 0.0651
3 0.5947 0.2553 0.0348 0.0577
3 0.5566 0.8047 0.0348 0.0577
3 0.3376 0.2780 0.0348 0.0577
3 0.8490 0.1792 0.0327 0.0615
3 0.4416 0.8922 0.0376 0.0625
3 0.3008 0.6789 0.0346 0.0626
3 0.5171 0.6149 0.0348 0.0577
3 0.4437 0.4106 0.0348 0.0577
3 0.5947 0.8746 0.0348 0.0577
3 0.6310 0.5295 0.0348 0.0577
3 0.3670 0.8190 0.0345 0.0656
3 0.1568 0.7605 0.0335 0.0624
3 0.4800 0.7531 0.0355 0.0629
3 0.9959 0.1964 0.0083 0.0577
3 0.5947 0.6666 0.0348 0.0577
3 0.7765 0.1944 0.0331 0.0621
3 0.4028 0.8842 0.0352 0.0625
3 0.7041 0.5969 0.0339 0.0641
3 0.3671 0.7451 0.0342 0.0646
3 0.1016 0.4362 0.0313 0.0580
3 0.8142 0.2475 0.0324 0.0634
3 0.4444 0.5450 0.0348 0.0577
3 0.3306 0.8121 0.0356 0.0639
3 0.5162 0.8258 0.0350 0.0635
3 0.5579 0.6666 0.0348 0.0577
3 0.2660 0.4975 0.0330 0.0634
3 0.9486 0.3214 0.0302 0.0589
3 0.6678 0.5976 0.0348 0.0577
3 0.3376 0.3461 0.0348 0.0577
3 0.1651 0.4990 0.0330 0.0634
3 0.4083 0.4115 0.0348 0.0577
3 0.7403 0.3281 0.0341 0.0625
3 0.0713 0.4385 0.0282 0.0580
3 0.4808 0.4787 0.0348 0.0577
3 0.3730 0.3452 0.0348 0.0577
3 0.8145 0.1082 0.0324 0.0615
3 0.4080 0.2771 0.0348 0.0577
3 0.5569 0.1890 0.0348 0.0577
3 0.2661 0.2996 0.0313 0.0580
3 0.1971 0.6958 0.0330 0.0634
3 0.0672 0.8760 0.0242 0.0650
3 0.9781 0.1959 0.0261 0.0605
3 0.9169 0.2501 0.0324 0.0638
3 0.1974 0.1761 0.0313 0.0580
3 0.5175 0.2081 0.0348 0.0577
3 0.7407 0.1946 0.0342 0.0615
3 0.5573 0.2553 0.0348 0.0577
3 0.2236 0.8276 0.0332 0.0618
3 0.9491 0.3855 0.0313 0.0671
3 0.1224 0.8872 0.0293 0.0576
3 0.1980 0.4998 0.0330 0.0634
3 0.1008 0.5626 0.0313 0.0580
3 0.6314 0.3234 0.0348 0.0577
3 0.5950 0.1218 0.0348 0.0577
3 0.2654 0.1688 0.0313 0.0580
3 0.8147 0.1783 0.0334 0.0602
3 0.1988 0.3060 0.0313 0.0580
3 0.6681 0.4596 0.0348 0.0577
3 0.1321 0.3723 0.0313 0.0580
3 0.5175 0.4097 0.0348 0.0577
3 0.1328 0.5638 0.0313 0.0580
3 0.7048 0.3956 0.0334 0.0628
3 0.1012 0.3087 0.0313 0.0580
3 0.7048 0.6693 0.0341 0.0639
3 0.4083 0.2081 0.0348 0.0577
3 0.5940 0.4623 0.0348 0.0577
3 0.6691 0.2580 0.0348 0.0577
3 0.6678 0.6676 0.0348 0.0577
3 0.8124 0.5801 0.0348 0.0577
3 0.9175 0.3182 0.0316 0.0623
3 0.1971 0.6307 0.0330 0.0634
3 0.5947 0.8047 0.0348 0.0577
3 0.4454 0.2753 0.0348 0.0577
3 0.5947 0.3261 0.0348 0.0577
3 0.1325 0.4998 0.0313 0.0580
3 0.4814 0.3434 0.0348 0.0577
3 0.7046 0.4640 0.0334 0.0647
3 0.5174 0.8901 0.0356 0.0615
3 0.3376 0.4124 0.0348 0.0577
3 0.2653 0.6938 0.0330 0.0634
3 0.9491 0.2545 0.0292 0.0562
3 0.8846 0.1140 0.0324 0.0604
3 0.3733 0.1445 0.0348 0.0577
3 0.0651 0.7510 0.0257 0.0560
3 0.0436 0.5157 0.0277 0.0627
3 0.2934 0.8157 0.0354 0.0598
3 0.1874 0.8922 0.0351 0.0595
3 0.1014 0.5021 0.0313 0.0580
3 0.1229 0.8237 0.0298 0.0604
3 0.1556 0.8255 0.0341 0.0629
3 0.8120 0.5147 0.0348 0.0577
3 0.2563 0.8986 0.0336 0.0622
3 0.1325 0.4370 0.0313 0.0580
3 0.4447 0.1418 0.0348 0.0577
3 0.6691 0.1236 0.0348 0.0577
3 0.9786 0.3855 0.0253 0.0576
3 0.0933 0.8820 0.0269 0.0650
3 0.8830 0.2472 0.0321 0.0614
3 0.4073 0.4778 0.0348 0.0577
3 0.3663 0.8861 0.0343 0.0652
3 0.3720 0.6149 0.0348 0.0577
2 0.9956 0.2592 0.0089 0.0577
3 0.4070 0.6812 0.0348 0.0577
3 0.7045 0.5273 0.0344 0.0621
3 0.1654 0.3051 0.0313 0.0580
3 0.8136 0.3821 0.0322 0.0626
3 0.2228 0.8924 0.0336 0.0622
3 0.8486 0.5127 0.0332 0.0590
3 0.2248 0.7613 0.0348 0.0648
3 0.1985 0.5664 0.0330 0.0634
3 0.8537 0.7057 0.0259 0.0389
3 0.2594 0.7605 0.0331 0.0637
3 0.0669 0.8116 0.0257 0.0560
3 0.7411 0.4629 0.0343 0.0628
3 0.5936 0.1899 0.0348 0.0577
3 0.4804 0.6821 0.0348 0.0577
3 0.9497 0.1210 0.0300 0.0582
3 0.5940 0.5985 0.0348 0.0577
3 0.5573 0.5286 0.0348 0.0577
2 0.0718 0.3092 0.0289 0.0592
3 0.8834 0.3802 0.0334 0.0605
3 0.7403 0.3966 0.0338 0.0638
3 0.0943 0.8183 0.0274 0.0589
3 0.7410 0.5973 0.0331 0.0655
3 0.8501 0.1123 0.0339 0.0601
3 0.1008 0.1834 0.0313 0.0580
3 0.0714 0.3749 0.0282 0.0580
3 0.5583 0.3243 0.0348 0.0577
3 0.2331 0.3686 0.0313 0.0580
3 0.8479 0.4436 0.0347 0.0611
3 0.4447 0.3425 0.0348 0.0577
3 0.2657 0.2351 0.0313 0.0580
3 0.1012 0.3087 0.0313 0.0580
3 0.1008 0.2460 0.0313 0.0580
3 0.5181 0.7535 0.0355 0.0626
3 0.5569 0.5958 0.0348 0.0577
3 0.7403 0.5318 0.0335 0.0658
3 0.2314 0.4998 0.0330 0.0634
3 0.7768 0.4641 0.0354 0.0650
3 0.1325 0.6935 0.0330 0.0634
3 0.6314 0.5976 0.0348 0.0577
3 0.4077 0.6140 0.0348 0.0577
2 0.1331 0.3043 0.0331 0.0631
3 0.8493 0.3152 0.0337 0.0627
3 0.7794 0.7163 0.0348 0.0250
3 0.5579 0.1218 0.0348 0.0577
3 0.3723 0.4805 0.0348 0.0577
3 0.3018 0.1480 0.0327 0.0640
3 0.0436 0.3313 0.0277 0.0627
3 0.4412 0.8184 0.0386 0.0619
3 0.7408 0.6651 0.0329 0.0642
3 0.7767 0.3978 0.0338 0.0645
3 0.6327 0.8728 0.0348 0.0577
3 0.5171 0.3434 0.0348 0.0577
3 0.8845 0.1840 0.0332 0.0599
3 0.9951 0.1359 0.0097 0.0577
3 0.3376 0.5459 0.0348 0.0577
3 0.6314 0.1227 0.0348 0.0577
3 0.8498 0.6473 0.0348 0.0577
3 0.3369 0.6798 0.0348 0.0577
3 0.1648 0.2433 0.0313 0.0580
3 0.7767 0.1289 0.0344 0.0593
3 0.0725 0.1870 0.0282 0.0580
3 0.0722 0.6269 0.0282 0.0580
3 0.3716 0.5450 0.0348 0.0577
3 0.0432 0.2051 0.0277 0.0627
3 0.4070 0.5459 0.0348 0.0577
3 0.9771 0.1322 0.0259 0.0574
3 0.5178 0.4796 0.0348 0.0577
3 0.7407 0.1215 0.0346 0.0591
3 0.0441 0.5770 0.0277 0.0627
3 0.6681 0.3942 0.0348 0.0577
3 0.9776 0.2577 0.0267 0.0603
3 0.3021 0.2842 0.0327 0.0640
3 0.4798 0.8936 0.0366 0.0651
3 0.2663 0.4340 0.0330 0.0634
3 0.0718 0.2496 0.0282 0.0580
3 0.7051 0.1871 0.0343 0.0617
3 0.7770 0.3309 0.0335 0.0604
3 0.2311 0.6943 0.0330 0.0634
3 0.3301 0.8837 0.0334 0.0666
3 0.4090 0.1427 0.0348 0.0577
3 0.6304 0.2571 0.0348 0.0577
3 0.3726 0.2771 0.0348 0.0577
3 0.9502 0.1868 0.0286 0.0607
3 0.3011 0.6137 0.0353 0.0647
3 0.5573 0.3933 0.0348 0.0577
3 0.6698 0.8737 0.0348 0.0577
3 0.7757 0.5352 0.0329 0.0620
2 0.9961 0.3251 0.0078 0.0577
3 0.2321 0.2397 0.0313 0.0580
3 0.1988 0.3705 0.0313 0.0580
3 0.6327 0.8020 0.0348 0.0577
3 0.1005 0.6292 0.0313 0.0580
3 0.8836 0.4512 0.0334 0.0594
3 0.6314 0.1890 0.0348 0.0577
3 0.7101 0.8741 0.0354 0.0654
3 0.7757 0.6673 0.0348 0.0577
3 0.2311 0.5641 0.0330 0.0634
3 0.1321 0.2433 0.0313 0.0580
3 0.4083 0.3443 0.0348 0.0577
3 0.6681 0.5286 0.0348 0.0577
3 0.8484 0.3786 0.0327 0.0620
3 0.8226 0.7069 0.0348 0.0389
3 0.1314 0.1779 0.0313 0.0580
3 0.5573 0.4596 0.0348 0.0577
3 0.8833 0.3153 0.0315 0.0628
3 0.3018 0.2161 0.0327 0.0640
3 0.7080 0.7396 0.0369 0.0650
3 0.0441 0.6345 0.0277 0.0627
3 0.4040 0.7487 0.0355 0.0624
3 0.4451 0.6149 0.0348 0.0577
3 0.2939 0.8822 0.0366 0.0642
3 0.7054 0.2597 0.0338 0.0630
3 0.5178 0.6839 0.0348 0.0577
3 0.1643 0.5656 0.0330 0.0634
3 0.0939 0.7550 0.0294 0.0596
3 0.3723 0.2117 0.0348 0.0577
3 0.1900 0.8267 0.0320 0.0613
3 0.4795 0.8257 0.0353 0.0622
3 0.1643 0.4355 0.0330 0.0634
3 0.9168 0.3849 0.0306 0.0619
3 0.7768 0.2609 0.0348 0.0658
3 0.3369 0.4805 0.0348 0.0577
3 0.0439 0.3904 0.0277 0.0627
3 0.4451 0.2072 0.0348 0.0577
3 0.1654 0.3705 0.0313 0.0580
3 0.1247 0.7589 0.0299 0.0618
3 0.3021 0.4824 0.0337 0.0637
3 0.1904 0.7609 0.0327 0.0623
3 0.8131 0.6473 0.0348 0.0577
3 0.2664 0.3677 0.0313 0.0580
3 0.9179 0.1842 0.0327 0.0615
3 0.2646 0.6307 0.0330 0.0634
3 0.6691 0.7348 0.0348 0.0577
3 0.1983 0.4347 0.0330 0.0634
3 0.6314 0.3933 0.0348 0.0577
3 0.2328 0.3032 0.0313 0.0580
3 0.1643 0.6300 0.0330 0.0634
3 0.3035 0.3468 0.0327 0.0640
3 0.5185 0.2734 0.0348 0.0577
3 0.1541 0.8898 0.0322 0.0594
3 0.1977 0.2424 0.0313 0.0580
3 0.1008 0.6928 0.0313 0.0580
3 0.6317 0.6648 0.0348 0.0577
3 0.9781 0.3247 0.0265 0.0628
3 0.7043 0.3261 0.0344 0.0613
3 0.6688 0.1908 0.0348 0.0577
3 0.7451 0.7345 0.0348 0.0577
3 0.4797 0.4115 0.0348 0.0577
3 0.6331 0.7311 0.0348 0.0577
3 0.0436 0.2687 0.0277 0.0627
3 0.5576 0.8755 0.0348 0.0577
3 0.5573 0.7348 0.0348 0.0577
3 0.3309 0.7465 0.0348 0.0641
3 0.8481 0.5819 0.0348 0.0577
3 0.7757 0.6016 0.0325 0.0590
3 0.2325 0.6307 0.0330 0.0634
3 0.8142 0.4497 0.0327 0.0589
3 0.4421 0.7516 0.0375 0.0641
3 0.8845 0.5819 0.0348 0.0577
3 0.0718 0.6890 0.0282 0.0580
3 0.5947 0.3924 0.0348 0.0577
3 0.3373 0.1463 0.0348 0.0577
3 0.0421 0.8168 0.0257 0.0575
