3 0.5965 0.8465 0.0563 0.0406
3 0.3835 0.5816 0.0648 0.0344
3 0.5313 0.9268 0.0744 0.0386
3 0.1509 0.9295 0.0906 0.0348
3 0.0269 0.8175 0.0470 0.0374
2 0.1529 0.9732 0.0849 0.0447
3 0.1479 0.5889 0.0904 0.0362
3 0.7993 0.8063 0.0503 0.0374
3 0.9204 0.9228 0.0508 0.0384
3 0.6964 0.8087 0.0442 0.0395
3 0.9178 0.8437 0.0498 0.0371
3 0.5296 0.7324 0.0734 0.0366
3 0.5963 0.7298 0.0543 0.0366
3 0.3830 0.7354 0.0604 0.0382
3 0.2473 0.8911 0.0986 0.0361
2 0.2462 0.5487 0.0991 0.0356
3 0.6969 0.5752 0.0447 0.0389
2 0.9210 0.5348 0.0495 0.0384
3 0.0762 0.5892 0.0460 0.0371
2 0.0763 0.5494 0.0432 0.0317
3 0.2475 0.7393 0.0956 0.0359
3 0.0303 0.8922 0.0470 0.0382
2 0.9194 0.4944 0.0534 0.0393
3 0.9683 0.9233 0.0477 0.0370
3 0.3230 0.6194 0.0476 0.0344
3 0.0788 0.8926 0.0457 0.0354
3 0.8034 0.5715 0.0566 0.0381
3 0.9706 0.6499 0.0519 0.0396
3 0.2465 0.6238 0.0982 0.0350
3 0.9200 0.8056 0.0512 0.0375
3 0.4534 0.7717 0.0700 0.0395
3 0.9705 0.5720 0.0506 0.0367
3 0.6474 0.6928 0.0441 0.0377
2 0.5285 0.4988 0.0714 0.0399
2 0.4528 0.4988 0.0721 0.0384
3 0.8612 0.6509 0.0646 0.0398
3 0.9171 0.6901 0.0561 0.0401
3 0.3267 0.5427 0.0488 0.0370
3 0.1497 0.8545 0.0908 0.0380
3 0.8588 0.6904 0.0597 0.0372
3 0.5290 0.6542 0.0729 0.0378
3 0.0769 0.8539 0.0487 0.0374
3 0.3849 0.8502 0.0611 0.0333
3 0.8640 0.4955 0.0606 0.0390
3 0.6469 0.6519 0.0460 0.0393
3 0.3240 0.5811 0.0521 0.0345
3 0.0768 0.7780 0.0480 0.0376
3 0.5297 0.6937 0.0744 0.0371
3 0.4526 0.7334 0.0725 0.0371
2 0.6945 0.4959 0.0384 0.0346
2 0.2477 0.5095 0.0960 0.0406
3 0.5961 0.8857 0.0547 0.0384
3 0.1502 0.7795 0.0931 0.0376
3 0.8036 0.6106 0.0578 0.0378
3 0.7460 0.8458 0.0514 0.0388
3 0.5299 0.6159 0.0703 0.0333
3 0.2493 0.8145 0.0981 0.0385
3 0.7461 0.9238 0.0533 0.0388
3 0.5958 0.6910 0.0544 0.0370
2 0.5303 0.5401 0.0728 0.0382
3 0.6474 0.7310 0.0440 0.0375
3 0.0278 0.7409 0.0508 0.0378
3 0.3221 0.7358 0.0507 0.0384
3 0.5955 0.7683 0.0538 0.0379
3 0.3248 0.7751 0.0528 0.0356
3 0.6474 0.8077 0.0445 0.0408
3 0.8005 0.7669 0.0492 0.0361
3 0.6472 0.5751 0.0438 0.0361
3 0.8009 0.8836 0.0503 0.0362
3 0.0282 0.9311 0.0479 0.0369
3 0.9693 0.7312 0.0475 0.0348
3 0.2461 0.6614 0.0982 0.0372
3 0.3242 0.6576 0.0457 0.0356
3 0.8596 0.8455 0.0615 0.0364
3 0.8001 0.6504 0.0549 0.0401
2 0.0255 0.9745 0.0395 0.0453
3 0.5309 0.8875 0.0723 0.0354
3 0.6954 0.9261 0.0445 0.0379
3 0.3230 0.8890 0.0517 0.0391
2 0.6952 0.9610 0.0472 0.0335
3 0.4538 0.6185 0.0698 0.0332
3 0.0769 0.8171 0.0480 0.0376
2 0.0282 0.5135 0.0522 0.0398
3 0.9679 0.8446 0.0492 0.0385
2 0.6493 0.5351 0.0454 0.0410
3 0.2469 0.7002 0.0976 0.0371
3 0.3848 0.5019 0.0598 0.0345
3 0.7468 0.6890 0.0535 0.0390
3 0.6966 0.8865 0.0444 0.0398
3 0.8015 0.8449 0.0506 0.0379
3 0.6474 0.8479 0.0428 0.0393
2 0.1465 0.5091 0.0918 0.0415
3 0.5298 0.5782 0.0722 0.0321
3 0.4553 0.8483 0.0704 0.0383
3 0.9672 0.8848 0.0499 0.0363
3 0.9195 0.7661 0.0515 0.0380
3 0.5297 0.8098 0.0728 0.0350
3 0.7455 0.4951 0.0577 0.0366
3 0.3846 0.7729 0.0645 0.0337
2 0.6939 0.5361 0.0377 0.0393
3 0.5291 0.7712 0.0752 0.0356
3 0.3225 0.6965 0.0479 0.0359
3 0.3254 0.8124 0.0496 0.0345
3 0.9689 0.7658 0.0496 0.0406
3 0.9191 0.8827 0.0503 0.0375
3 0.0800 0.9302 0.0497 0.0361
3 0.6462 0.8860 0.0429 0.0363
3 0.7470 0.7668 0.0515 0.0383
3 0.1479 0.8157 0.0921 0.0386
3 0.9681 0.8057 0.0512 0.0387
2 0.9710 0.6906 0.0491 0.0401
3 0.4555 0.9262 0.0716 0.0401
3 0.9195 0.6500 0.0519 0.0398
3 0.5309 0.8497 0.0716 0.0368
3 0.2476 0.9300 0.0995 0.0388
2 0.7446 0.9611 0.0535 0.0337
3 0.5972 0.9252 0.0541 0.0390
3 0.0761 0.7401 0.0475 0.0366
3 0.5964 0.5757 0.0512 0.0363
3 0.1476 0.6247 0.0911 0.0349
2 0.6495 0.9622 0.0472 0.0335
3 0.8057 0.4955 0.0561 0.0386
3 0.9207 0.5725 0.0490 0.0363
3 0.8591 0.7684 0.0622 0.0371
3 0.6969 0.6147 0.0448 0.0389
3 0.3843 0.5425 0.0620 0.0376
2 0.9736 0.4951 0.0529 0.0389
3 0.2475 0.7771 0.0937 0.0349
3 0.4537 0.6564 0.0698 0.0378
3 0.5958 0.8071 0.0545 0.0371
2 0.9727 0.5359 0.0546 0.0375
3 0.8636 0.5329 0.0590 0.0369
2 0.0287 0.5512 0.0503 0.0326
3 0.7460 0.7286 0.0522 0.0369
2 0.1478 0.5507 0.0926 0.0380
3 0.0283 0.8564 0.0470 0.0380
3 0.5951 0.6136 0.0522 0.0360
2 0.5973 0.4967 0.0549 0.0388
2 0.4562 0.9663 0.0728 0.0373
3 0.3829 0.6576 0.0621 0.0363
3 0.6464 0.6128 0.0469 0.0368
2 0.2488 0.9685 0.0979 0.0280
3 0.3249 0.5048 0.0516 0.0339
3 0.0271 0.7026 0.0501 0.0375
3 0.0280 0.7774 0.0501 0.0376
3 0.3255 0.8503 0.0501 0.0342
3 0.8642 0.5712 0.0609 0.0385
3 0.8596 0.8073 0.0628 0.0362
3 0.1494 0.8928 0.0935 0.0362
3 0.1479 0.6631 0.0937 0.0386
3 0.5946 0.6522 0.0552 0.0391
3 0.4532 0.6952 0.0691 0.0372
3 0.3813 0.6193 0.0656 0.0370
3 0.4550 0.8877 0.0718 0.0375
3 0.4542 0.5788 0.0701 0.0355
2 0.9680 0.9602 0.0472 0.0335
3 0.6969 0.6530 0.0446 0.0390
3 0.7468 0.5737 0.0530 0.0374
3 0.1483 0.7408 0.0949 0.0353
3 0.6961 0.7697 0.0444 0.0380
3 0.0755 0.7023 0.0483 0.0378
3 0.6970 0.6920 0.0423 0.0360
3 0.3858 0.8883 0.0639 0.0361
3 0.9168 0.7283 0.0534 0.0370
2 0.6495 0.4941 0.0456 0.0351
3 0.8607 0.8834 0.0632 0.0346
3 0.8584 0.9225 0.0674 0.0388
3 0.0273 0.6644 0.0489 0.0364
3 0.0288 0.5892 0.0492 0.0367
3 0.8006 0.7285 0.0538 0.0365
3 0.0756 0.6260 0.0463 0.0356
3 0.3849 0.8125 0.0631 0.0371
3 0.9203 0.6106 0.0499 0.0371
3 0.2495 0.8541 0.0993 0.0363
3 0.6459 0.7672 0.0440 0.0358
2 0.0761 0.9736 0.0604 0.0453
2 0.5325 0.9654 0.0728 0.0373
3 0.0282 0.6269 0.0467 0.0371
2 0.5966 0.5377 0.0544 0.0407
2 0.0769 0.5118 0.0446 0.0381
3 0.6953 0.8474 0.0440 0.0380
3 0.6475 0.9248 0.0401 0.0362
3 0.6955 0.7305 0.0459 0.0393
3 0.7465 0.8068 0.0508 0.0376
3 0.7440 0.5364 0.0618 0.0390
3 0.8049 0.5335 0.0560 0.0352
3 0.7473 0.8850 0.0518 0.0386
3 0.3837 0.6973 0.0657 0.0339
2 0.4538 0.5400 0.0711 0.0412
3 0.7468 0.6121 0.0523 0.0370
3 0.7468 0.6512 0.0509 0.0360
3 0.7999 0.9229 0.0473 0.0379
3 0.0760 0.6640 0.0479 0.0369
3 0.8638 0.6095 0.0604 0.0369
3 0.8602 0.7287 0.0606 0.0367
3 0.3866 0.9657 0.0634 0.0373
3 0.4543 0.8114 0.0720 0.0341
3 0.8020 0.6899 0.0538 0.0383
2 0.5969 0.9693 0.0543 0.0445
3 0.3882 0.9260 0.0645 0.0363
3 0.9716 0.6104 0.0502 0.0368
3 0.1482 0.7029 0.0936 0.0373
3 0.2460 0.5846 0.0958 0.0360
