3 0.2631 0.3687 0.0635 0.0449
3 0.3856 0.7452 0.0472 0.0437
1 0.7540 0.8109 0.0463 0.0622
1 0.6899 0.6334 0.0766 0.0663
1 0.6270 0.6942 0.0560 0.0592
3 0.4935 0.9372 0.0636 0.0628
1 0.0850 0.7562 0.0400 0.0494
1 0.2147 0.2318 0.0285 0.0522
1 0.3296 0.5568 0.0652 0.0515
1 0.0312 0.4299 0.0624 0.0523
1 0.0816 0.4292 0.0402 0.0479
1 0.1483 0.4251 0.0371 0.0486
1 0.1850 0.4233 0.0378 0.0501
1 0.2180 0.4218 0.0310 0.0508
1 0.1855 0.3741 0.0377 0.0510
1 0.2177 0.3741 0.0301 0.0471
1 0.2646 0.4643 0.0623 0.0530
1 0.2651 0.5593 0.0628 0.0530
1 0.2660 0.6047 0.0623 0.0519
1 0.2665 0.6533 0.0613 0.0504
1 0.2191 0.4661 0.0301 0.0486
1 0.2193 0.5142 0.0303 0.0512
1 0.2198 0.5611 0.0303 0.0501
1 0.2202 0.6090 0.0313 0.0501
1 0.1874 0.6581 0.0368 0.0482
1 0.1868 0.6112 0.0376 0.0523
1 0.1861 0.5626 0.0380 0.0501
1 0.1868 0.4674 0.0356 0.0482
1 0.1491 0.4718 0.0359 0.0475
1 0.1506 0.5191 0.0368 0.0501
1 0.1505 0.6125 0.0371 0.0475
1 0.1167 0.4748 0.0276 0.0468
1 0.1510 0.6601 0.0356 0.0487
1 0.1184 0.6611 0.0296 0.0497
1 0.1190 0.6139 0.0303 0.0505
3 0.1176 0.5668 0.0296 0.0497
1 0.1168 0.5206 0.0293 0.0486
1 0.0829 0.5237 0.0414 0.0490
1 0.0826 0.5694 0.0419 0.0475
1 0.0834 0.6161 0.0405 0.0512
1 0.0313 0.6675 0.0626 0.0487
1 0.0316 0.6195 0.0631 0.0527
1 0.0313 0.5245 0.0626 0.0490
3 0.0310 0.5716 0.0619 0.0475
1 0.2668 0.7017 0.0625 0.0501
1 0.2674 0.7480 0.0623 0.0512
1 0.2681 0.7971 0.0632 0.0523
1 0.2691 0.8453 0.0623 0.0516
1 0.2225 0.8468 0.0310 0.0486
1 0.2223 0.7982 0.0293 0.0508
1 0.2205 0.7021 0.0300 0.0486
1 0.1878 0.7045 0.0383 0.0468
1 0.1883 0.7520 0.0373 0.0512
1 0.1896 0.8472 0.0366 0.0494
1 0.1533 0.8483 0.0385 0.0487
1 0.1521 0.8010 0.0366 0.0483
1 0.1521 0.7063 0.0366 0.0497
1 0.1189 0.7074 0.0298 0.0475
1 0.1200 0.7555 0.0310 0.0487
1 0.1200 0.8024 0.0291 0.0483
1 0.1206 0.8488 0.0288 0.0490
1 0.0856 0.8501 0.0417 0.0494
1 0.0849 0.8028 0.0392 0.0461
1 0.0841 0.7087 0.0392 0.0472
1 0.0323 0.7119 0.0645 0.0505
1 0.0326 0.7585 0.0652 0.0516
1 0.0330 0.8527 0.0660 0.0523
1 0.3274 0.4627 0.0663 0.0520
1 0.3289 0.5094 0.0645 0.0520
1 0.3296 0.6048 0.0680 0.0488
1 0.3299 0.6520 0.0652 0.0504
1 0.3310 0.6992 0.0645 0.0488
1 0.3305 0.7485 0.0635 0.0520
1 0.3322 0.7941 0.0670 0.0520
1 0.3328 0.8424 0.0659 0.0489
1 0.1845 0.2347 0.0369 0.0516
1 0.2619 0.2301 0.0610 0.0522
1 0.3248 0.2248 0.0678 0.0510
1 0.3803 0.2207 0.0432 0.0453
1 0.4280 0.0559 0.0482 0.0618
1 0.4828 0.0119 0.0624 0.0238
1 0.5521 0.0091 0.0804 0.0181
1 0.5519 0.0483 0.0800 0.0656
1 0.6183 0.0422 0.0536 0.0624
1 0.6836 0.0381 0.0770 0.0643
1 0.7434 0.0327 0.0444 0.0612
1 0.7928 0.0307 0.0536 0.0614
1 0.7930 0.0887 0.0565 0.0624
1 0.7451 0.0916 0.0435 0.0618
1 0.6191 0.1008 0.0536 0.0637
1 0.5523 0.1049 0.0800 0.0669
1 0.4832 0.1100 0.0657 0.0605
1 0.4282 0.1736 0.0511 0.0592
1 0.4278 0.2318 0.0528 0.0612
1 0.4839 0.1689 0.0603 0.0599
1 0.6191 0.1609 0.0536 0.0631
1 0.6850 0.1561 0.0783 0.0675
1 0.7453 0.1504 0.0431 0.0612
1 0.7939 0.1495 0.0557 0.0605
1 0.4834 0.2280 0.0603 0.0624
1 0.5538 0.2229 0.0804 0.0599
1 0.6199 0.2207 0.0553 0.0592
1 0.6852 0.2150 0.0787 0.0656
1 0.7451 0.2105 0.0435 0.0618
1 0.7943 0.2070 0.0548 0.0599
1 0.4279 0.2878 0.0548 0.0599
1 0.5542 0.2828 0.0806 0.0668
1 0.6210 0.2790 0.0530 0.0636
1 0.6854 0.2743 0.0778 0.0636
1 0.7957 0.2674 0.0562 0.0626
1 0.4295 0.3469 0.0551 0.0636
1 0.4859 0.3464 0.0604 0.0626
1 0.5553 0.3408 0.0806 0.0641
1 0.6226 0.3376 0.0534 0.0620
1 0.6868 0.3336 0.0764 0.0626
1 0.7473 0.3294 0.0447 0.0626
1 0.4302 0.4039 0.0537 0.0546
1 0.4855 0.4039 0.0625 0.0621
1 0.5551 0.4010 0.0795 0.0657
1 0.6879 0.3933 0.0757 0.0631
1 0.7486 0.3898 0.0450 0.0647
1 0.7969 0.3882 0.0537 0.0636
1 0.7500 0.5075 0.0443 0.0583
1 0.7986 0.4495 0.0551 0.0578
1 0.7986 0.5083 0.0544 0.0578
1 0.4850 0.4633 0.0628 0.0610
1 0.4300 0.4654 0.0506 0.0674
1 0.5560 0.4593 0.0792 0.0668
1 0.6230 0.4561 0.0541 0.0615
1 0.6889 0.5123 0.0778 0.0636
1 0.6230 0.5165 0.0548 0.0594
1 0.5574 0.5187 0.0792 0.0594
1 0.4306 0.5242 0.0516 0.0578
1 0.5581 0.5762 0.0827 0.0620
1 0.6245 0.5744 0.0558 0.0604
1 0.7501 0.5680 0.0447 0.0647
1 0.7991 0.5672 0.0555 0.0610
1 0.4859 0.5807 0.0625 0.0668
1 0.4314 0.5844 0.0492 0.0658
3 0.7543 0.9147 0.0450 0.0339
3 0.3796 0.2636 0.0400 0.0462
3 0.3263 0.2697 0.0683 0.0462
1 0.1889 0.8010 0.0371 0.0483
1 0.1518 0.7544 0.0351 0.0509
1 0.2210 0.7500 0.0301 0.0516
1 0.6906 0.5712 0.0771 0.0626
1 0.0310 0.4775 0.0619 0.0487
1 0.2640 0.4172 0.0630 0.0512
1 0.4340 0.6400 0.0563 0.0562
1 0.4866 0.6378 0.0583 0.0567
1 0.5584 0.6352 0.0826 0.0617
1 0.6250 0.6339 0.0553 0.0633
1 0.0837 0.6633 0.0397 0.0483
1 0.4346 0.7000 0.0523 0.0628
1 0.4893 0.6987 0.0609 0.0653
1 0.5590 0.6977 0.0819 0.0612
1 0.4366 0.7612 0.0510 0.0617
1 0.4361 0.8232 0.0526 0.0653
1 0.4908 0.7590 0.0606 0.0562
1 0.5609 0.7569 0.0823 0.0602
1 0.6926 0.6909 0.0793 0.0587
1 0.6270 0.7537 0.0560 0.0628
1 0.6936 0.7504 0.0793 0.0633
1 0.4914 0.8179 0.0626 0.0648
1 0.5615 0.8159 0.0803 0.0577
1 0.6275 0.8141 0.0550 0.0582
1 0.6933 0.8131 0.0773 0.0612
1 0.7513 0.6282 0.0470 0.0622
1 0.8010 0.6262 0.0557 0.0602
1 0.7528 0.6889 0.0460 0.0613
1 0.8026 0.6861 0.0537 0.0617
1 0.8023 0.7471 0.0557 0.0623
1 0.7543 0.7494 0.0463 0.0607
1 0.8031 0.8104 0.0526 0.0663
1 0.7443 0.8701 0.0250 0.0592
1 0.6930 0.8714 0.0763 0.0567
1 0.6269 0.8729 0.0560 0.0587
1 0.5603 0.8752 0.0773 0.0612
1 0.4919 0.8764 0.0609 0.0567
1 0.8993 0.3359 0.0477 0.0628
1 0.9008 0.3911 0.0463 0.0527
1 0.9015 0.4437 0.0450 0.0506
1 0.9013 0.4966 0.0452 0.0536
1 0.9016 0.5497 0.0452 0.0527
1 0.9033 0.6029 0.0436 0.0519
1 0.9033 0.6541 0.0430 0.0515
1 0.9041 0.7077 0.0431 0.0540
1 0.9051 0.7617 0.0438 0.0540
1 0.9061 0.8125 0.0447 0.0510
1 0.9058 0.8595 0.0436 0.0472
1 0.9408 0.1724 0.0461 0.0481
1 0.0824 0.4770 0.0414 0.0483
3 0.0335 0.9009 0.0670 0.0528
3 0.0847 0.9019 0.0354 0.0518
3 0.1279 0.8979 0.0153 0.0479
3 0.1539 0.8962 0.0380 0.0526
3 0.1916 0.8972 0.0373 0.0495
3 0.2239 0.8942 0.0286 0.0486
2 0.2687 0.8941 0.0630 0.0506
3 0.3331 0.8934 0.0666 0.0520
3 0.3884 0.8866 0.0446 0.0515
1 0.4362 0.8818 0.0516 0.0511
3 0.3880 0.8363 0.0464 0.0437
3 0.3862 0.7905 0.0444 0.0419
3 0.3854 0.6963 0.0428 0.0528
3 0.3844 0.6484 0.0448 0.0468
3 0.3822 0.4589 0.0444 0.0504
3 0.3830 0.5077 0.0444 0.0498
3 0.3846 0.5539 0.0452 0.0522
3 0.3850 0.6031 0.0452 0.0498
3 0.3278 0.4121 0.0667 0.0480
3 0.3824 0.4103 0.0440 0.0468
3 0.3812 0.3617 0.0447 0.0528
3 0.3267 0.3650 0.0684 0.0510
3 0.2177 0.3228 0.0296 0.0516
3 0.1844 0.3240 0.0348 0.0468
3 0.1858 0.2806 0.0360 0.0462
3 0.2176 0.2773 0.0323 0.0431
3 0.2617 0.2760 0.0625 0.0468
3 0.2631 0.3213 0.0627 0.0498
3 0.1997 0.1854 0.0633 0.0494
3 0.3256 0.3143 0.0655 0.0516
3 0.2628 0.1788 0.0625 0.0503
3 0.3790 0.3097 0.0435 0.0462
3 0.3794 0.1758 0.0420 0.0516
3 0.3239 0.1731 0.0684 0.0486
2 0.9058 0.9058 0.0430 0.0506
3 0.8036 0.9139 0.0563 0.0334
1 0.1509 0.5653 0.0380 0.0505
1 0.2212 0.6556 0.0317 0.0526
1 0.1862 0.5133 0.0354 0.0508
1 0.2652 0.5120 0.0625 0.0526
1 0.1160 0.4281 0.0286 0.0479
1 0.0329 0.8052 0.0657 0.0501
2 0.1138 0.9542 0.0343 0.0471
3 0.0119 0.9512 0.0237 0.0440
3 0.0606 0.9458 0.0497 0.0395
3 0.9417 0.2214 0.0464 0.0504
2 0.1991 0.9489 0.0536 0.0537
2 0.3288 0.9456 0.0746 0.0531
3 0.6933 0.9150 0.0783 0.0344
2 0.6267 0.9175 0.0530 0.0283
3 0.5614 0.9243 0.0756 0.0400
3 0.4356 0.9375 0.0536 0.0613
3 0.3866 0.9400 0.0423 0.0623
3 0.2582 0.9456 0.0653 0.0552
2 0.1516 0.9504 0.0413 0.0526
3 0.9407 0.1218 0.0460 0.0516
1 0.4845 0.5224 0.0645 0.0583
1 0.6884 0.4532 0.0767 0.0599
1 0.7493 0.4495 0.0443 0.0588
1 0.6217 0.3967 0.0544 0.0615
1 0.7969 0.3270 0.0530 0.0620
1 0.7466 0.2705 0.0433 0.0636
1 0.4850 0.2862 0.0600 0.0631
1 0.4280 0.0145 0.0489 0.0289
1 0.5536 0.1644 0.0800 0.0649
1 0.4280 0.1151 0.0489 0.0618
1 0.6844 0.0967 0.0762 0.0630
1 0.4834 0.0512 0.0603 0.0612
