1 0.0975 0.0631 0.0372 0.0535
1 0.1700 0.0622 0.0598 0.0508
1 0.2236 0.1108 0.0754 0.0570
1 0.1171 0.1128 0.0278 0.0531
1 0.1589 0.1115 0.0588 0.0522
1 0.0885 0.1133 0.0361 0.0522
1 0.1070 0.1649 0.0275 0.0548
1 0.1505 0.1663 0.0633 0.0557
1 0.0749 0.1669 0.0368 0.0535
1 0.0647 0.2201 0.0376 0.0547
1 0.1373 0.2211 0.0666 0.0566
1 0.0527 0.2770 0.0359 0.0585
1 0.0847 0.2774 0.0299 0.0611
1 0.0378 0.3356 0.0419 0.0617
1 0.0582 0.3998 0.0289 0.0655
1 0.0711 0.3397 0.0254 0.0636
1 0.1180 0.3444 0.0672 0.0662
1 0.0925 0.4778 0.0642 0.0700
1 0.0477 0.4560 0.0292 0.0518
1 0.2283 0.5729 0.1010 0.0872
1 0.3436 0.3711 0.0826 0.0769
1 0.3166 0.5957 0.0902 0.0886
1 0.7928 0.0695 0.0901 0.0721
1 0.7167 0.5886 0.1100 0.0986
1 0.7199 0.6848 0.1143 0.1034
1 0.7227 0.7886 0.1176 0.1137
1 0.9657 0.1636 0.0418 0.0704
1 0.8990 0.2152 0.1152 0.0738
1 0.8119 0.4383 0.1029 0.0907
1 0.9623 0.0989 0.0495 0.0744
1 0.9051 0.2912 0.1161 0.0835
1 0.8958 0.1457 0.1143 0.0717
1 0.8867 0.0772 0.1080 0.0753
1 0.7256 0.9002 0.1229 0.1112
1 0.8171 0.5212 0.1062 0.0921
1 0.2986 0.7826 0.0902 0.1057
1 0.2053 0.7414 0.1098 0.0984
1 0.7138 0.5005 0.1048 0.0911
1 0.8024 0.2793 0.0958 0.0822
1 0.7960 0.1379 0.0912 0.0720
1 0.7997 0.2067 0.0936 0.0760
1 0.4040 0.6186 0.0977 0.1025
1 0.3965 0.7186 0.1010 0.0982
1 0.5369 0.3925 0.0488 0.0808
1 0.0961 0.2220 0.0303 0.0598
1 0.2399 0.4965 0.0980 0.0883
1 0.1048 0.4087 0.0678 0.0655
1 0.0260 0.3963 0.0419 0.0662
1 0.1289 0.2827 0.0633 0.0617
1 0.9376 0.8357 0.0998 0.1052
3 0.7031 0.9796 0.0588 0.0409
1 0.9063 0.4516 0.0957 0.0941
1 0.4657 0.8371 0.0561 0.1260
3 0.1899 0.8701 0.1261 0.1673
1 0.5286 0.5625 0.0568 0.0910
1 0.6372 0.6739 0.0526 0.1113
1 0.4898 0.3866 0.0497 0.0828
1 0.6372 0.3351 0.0467 0.0802
1 0.4365 0.2399 0.0896 0.0669
1 0.6374 0.2606 0.0460 0.0722
1 0.5063 0.1161 0.0458 0.0642
1 0.5515 0.0560 0.0485 0.0637
1 0.2799 0.2266 0.0936 0.0598
1 0.3050 0.0515 0.0890 0.0589
1 0.2300 0.0587 0.0758 0.0562
1 0.3516 0.3008 0.0803 0.0713
1 0.2683 0.2923 0.0954 0.0694
1 0.1694 0.4186 0.0778 0.0700
1 0.4484 0.1132 0.0837 0.0604
1 0.1569 0.4869 0.0816 0.0730
1 0.2871 0.1673 0.0885 0.0610
1 0.1793 0.3515 0.0748 0.0655
1 0.1498 0.6457 0.0482 0.0917
1 0.2155 0.6534 0.1030 0.0955
1 0.3085 0.6879 0.0900 0.1050
1 0.4190 0.4573 0.0950 0.1006
1 0.3341 0.4407 0.0840 0.0916
1 0.3590 0.2327 0.0791 0.0653
1 0.1451 0.5658 0.0779 0.0860
1 0.1292 0.0614 0.0309 0.0526
1 0.1939 0.2869 0.0822 0.0650
1 0.4425 0.1744 0.0840 0.0631
1 0.3657 0.1702 0.0787 0.0610
1 0.4118 0.5368 0.0951 0.0980
1 0.2127 0.1658 0.0805 0.0584
1 0.3794 0.0504 0.0746 0.0589
1 0.4522 0.0528 0.0825 0.0626
1 0.5099 0.0534 0.0427 0.0615
1 0.5960 0.0584 0.0493 0.0663
1 0.6397 0.0611 0.0430 0.0674
1 0.2979 0.1071 0.0881 0.0562
1 0.2026 0.2240 0.0828 0.0557
1 0.0214 0.4399 0.0314 0.0286
1 0.0929 0.5433 0.0418 0.0700
1 0.2505 0.4291 0.1003 0.0872
1 0.2608 0.3582 0.0980 0.0751
1 0.3721 0.1105 0.0779 0.0657
1 0.5489 0.1185 0.0509 0.0604
1 0.5952 0.1203 0.0515 0.0620
1 0.6398 0.1243 0.0433 0.0657
1 0.6390 0.1898 0.0460 0.0673
1 0.5933 0.1837 0.0515 0.0647
1 0.5450 0.1810 0.0517 0.0626
1 0.5019 0.1770 0.0430 0.0621
1 0.4979 0.2438 0.0452 0.0706
1 0.5415 0.2481 0.0509 0.0727
1 0.5903 0.2534 0.0520 0.0737
1 0.4311 0.3077 0.0918 0.0751
1 0.4234 0.3777 0.0941 0.0879
1 0.4935 0.3151 0.0467 0.0720
1 0.5397 0.3192 0.0523 0.0751
1 0.5897 0.3252 0.0529 0.0796
1 0.6371 0.4118 0.0490 0.0821
1 0.5869 0.4051 0.0546 0.0814
1 0.5337 0.4741 0.0585 0.0821
1 0.5877 0.4834 0.0530 0.0980
1 0.6376 0.4939 0.0480 0.0961
1 0.6371 0.5804 0.0516 0.1024
1 0.5848 0.5699 0.0575 0.1056
1 0.5830 0.6619 0.0559 0.1101
1 0.4839 0.4693 0.0503 0.0853
1 0.4798 0.5527 0.0506 0.0929
1 0.5257 0.6523 0.0588 0.1012
1 0.4747 0.6383 0.0523 0.0999
1 0.3253 0.5193 0.0859 0.0961
1 0.4698 0.7330 0.0516 0.1000
1 0.5216 0.7461 0.0579 0.1070
1 0.5810 0.7598 0.0598 0.1114
1 0.6379 0.7751 0.0532 0.1152
1 0.7050 0.0648 0.0909 0.0732
1 0.7052 0.1300 0.0909 0.0732
1 0.7073 0.1979 0.0934 0.0774
1 0.7084 0.2684 0.0961 0.0859
1 0.7101 0.3421 0.0991 0.0922
1 0.8076 0.3593 0.0985 0.0928
1 0.7116 0.4229 0.1010 0.0938
1 0.8222 0.6151 0.1097 0.1039
1 0.8252 0.7124 0.1037 0.1108
1 0.8358 0.8237 0.1130 0.1278
3 0.2886 0.8978 0.1031 0.1528
1 0.3922 0.8157 0.1051 0.1352
3 0.3871 0.9260 0.1098 0.1481
1 0.5214 0.8524 0.0608 0.1305
3 0.5196 0.9470 0.0612 0.1061
3 0.4636 0.9408 0.0533 0.1183
1 0.5801 0.8682 0.0663 0.1222
1 0.6382 0.8895 0.0585 0.1369
3 0.5821 0.9576 0.0670 0.0848
3 0.6433 0.9678 0.0582 0.0644
1 0.9691 0.2351 0.0358 0.0729
1 0.9663 0.2974 0.0152 0.0455
1 0.9092 0.3705 0.1103 0.0963
1 0.9258 0.5410 0.1230 0.1034
1 0.9302 0.6376 0.1141 0.1091
1 0.9391 0.7381 0.0942 0.1025
1 0.8410 0.9388 0.1121 0.1224
1 0.9403 0.9434 0.0924 0.1132
