2 0.7233 0.2916 0.0717 0.0768
2 0.5821 0.4396 0.1472 0.0940
2 0.9072 0.8123 0.1140 0.2400
2 0.9530 0.7981 0.0940 0.2556
2 0.0327 0.7319 0.0380 0.1026
2 0.1546 0.2704 0.0876 0.0689
2 0.6651 0.2876 0.0687 0.0721
2 0.1283 0.3417 0.1045 0.0736
2 0.1969 0.3432 0.0846 0.0736
2 0.5776 0.3581 0.1343 0.0752
2 0.6770 0.3597 0.0667 0.0752
2 0.6870 0.4443 0.0786 0.0909
2 0.4409 0.4302 0.1353 0.1034
2 0.1726 0.4239 0.0974 0.0877
2 0.0995 0.4231 0.1083 0.0768
2 0.1472 0.5148 0.1044 0.0971
2 0.5894 0.5321 0.1591 0.1082
2 0.6983 0.5352 0.0866 0.1020
2 0.7127 0.6464 0.0935 0.1239
2 0.5929 0.6417 0.1721 0.1270
2 0.7356 0.8109 0.1134 0.2085
3 0.8570 0.6406 0.0671 0.1419
2 0.4529 0.2790 0.1214 0.0736
2 0.4519 0.3534 0.1253 0.0783
3 0.9337 0.5824 0.1262 0.2235
3 0.4294 0.6347 0.1611 0.1223
2 0.0298 0.5042 0.0357 0.0834
2 0.9728 0.2294 0.0489 0.1517
2 0.8528 0.2372 0.0946 0.1930
2 0.7556 0.4467 0.0905 0.0877
2 0.7393 0.3629 0.0789 0.0768
2 0.5751 0.2828 0.1253 0.0750
2 0.0628 0.3409 0.0983 0.0752
2 0.0694 0.5140 0.1130 0.0987
2 0.0753 0.2673 0.1211 0.0689
3 0.2157 0.7910 0.2704 0.2107
2 0.0679 0.7890 0.1052 0.2146
3 0.1125 0.6236 0.1123 0.1175
2 0.4371 0.5266 0.1537 0.1035
2 0.4181 0.7984 0.1638 0.2116
3 0.7964 0.6511 0.1071 0.1239
3 0.0539 0.6236 0.0823 0.1175
2 0.2188 0.2735 0.0806 0.0700
3 0.2764 0.5179 0.1979 0.0940
3 0.3103 0.3425 0.1740 0.0752
2 0.8215 0.8152 0.1303 0.2014
3 0.2630 0.6291 0.2049 0.1253
3 0.3221 0.2759 0.1641 0.0674
2 0.9413 0.1385 0.1110 0.1147
2 0.9269 0.0494 0.1266 0.0742
2 0.9228 0.4404 0.1415 0.2093
2 0.8855 0.3251 0.1134 0.2109
2 0.7678 0.2785 0.0366 0.1063
2 0.7837 0.3453 0.0452 0.1064
2 0.8041 0.4313 0.0531 0.1313
2 0.8292 0.5313 0.0589 0.1279
2 0.8254 0.1598 0.0814 0.1869
3 0.2908 0.4263 0.1929 0.0893
2 0.0468 0.4239 0.0687 0.0846
2 0.7748 0.5391 0.0985 0.1067
2 0.5994 0.8117 0.1949 0.2163
