3 0.2840 0.8899 0.1036 0.0952
1 0.1799 0.8089 0.1031 0.0776
1 0.5930 0.7813 0.0973 0.0793
1 0.0715 0.5268 0.1125 0.0818
1 0.4928 0.7172 0.0994 0.0812
1 0.2842 0.7290 0.1076 0.0787
1 0.2770 0.4457 0.1088 0.0769
1 0.5885 0.6408 0.0961 0.0769
1 0.3865 0.5083 0.1068 0.0744
1 0.1734 0.3113 0.1020 0.0758
1 0.0662 0.1015 0.1065 0.0801
1 0.1700 0.1002 0.1013 0.0827
1 0.2732 0.0973 0.1055 0.0763
1 0.4782 0.0955 0.0972 0.0756
1 0.5759 0.0951 0.0982 0.0763
1 0.6709 0.0970 0.0937 0.0740
1 0.8316 0.1056 0.0496 0.0756
1 0.8878 0.1075 0.0598 0.0763
1 0.7638 0.1696 0.0912 0.0695
1 0.8888 0.1726 0.0598 0.0710
1 0.9524 0.1753 0.0673 0.0687
1 0.9501 0.1066 0.0668 0.0687
1 0.7673 0.2322 0.0932 0.0710
1 0.8369 0.2326 0.0542 0.0687
1 0.8934 0.2349 0.0628 0.0687
1 0.9557 0.2368 0.0678 0.0710
1 0.8377 0.2986 0.0496 0.0679
1 0.8931 0.2994 0.0673 0.0695
1 0.9582 0.3013 0.0678 0.0687
1 0.8400 0.3642 0.0511 0.0634
1 0.8947 0.3642 0.0643 0.0650
1 0.9597 0.3661 0.0658 0.0627
1 0.8433 0.4307 0.0486 0.0680
1 0.8992 0.4284 0.0623 0.0665
1 0.9638 0.4295 0.0658 0.0627
1 0.7767 0.4940 0.0906 0.0680
1 0.8461 0.4944 0.0471 0.0703
1 0.8995 0.4936 0.0668 0.0719
1 0.9653 0.4963 0.0689 0.0650
1 0.8466 0.5612 0.0481 0.0680
1 0.9023 0.5589 0.0643 0.0680
1 0.9667 0.5589 0.0666 0.0741
1 0.8493 0.6250 0.0527 0.0657
1 0.9038 0.6250 0.0663 0.0702
1 0.9680 0.6242 0.0641 0.0702
1 0.2761 0.1679 0.1076 0.0679
1 0.8537 0.6941 0.0511 0.0695
1 0.9091 0.6914 0.0638 0.0656
1 0.9692 0.6907 0.0615 0.0703
1 0.7866 0.7662 0.0932 0.0718
1 0.8547 0.7639 0.0501 0.0672
1 0.9104 0.7601 0.0653 0.0703
1 0.9700 0.7590 0.0600 0.0741
1 0.7876 0.8204 0.0952 0.0382
1 0.8572 0.8082 0.0481 0.0260
1 0.9099 0.8151 0.0613 0.0428
1 0.6733 0.2334 0.0988 0.0673
1 0.6727 0.2978 0.0999 0.0668
1 0.6761 0.3649 0.0988 0.0695
1 0.5813 0.4330 0.0985 0.0721
1 0.5797 0.3651 0.0953 0.0679
1 0.5773 0.2973 0.0932 0.0679
1 0.5769 0.2321 0.0946 0.0647
1 0.5767 0.1645 0.0956 0.0663
1 0.4792 0.1661 0.0995 0.0684
1 0.4813 0.2331 0.0988 0.0647
1 0.4844 0.3675 0.0974 0.0705
1 0.4848 0.4364 0.0967 0.0716
1 0.3839 0.4386 0.1058 0.0726
1 0.3825 0.3004 0.1030 0.0732
1 0.3814 0.2321 0.0988 0.0689
1 0.3802 0.1629 0.0999 0.0641
1 0.2770 0.3042 0.1080 0.0763
1 0.2770 0.2339 0.1087 0.0673
1 0.2778 0.3771 0.1069 0.0747
1 0.1711 0.1706 0.1016 0.0700
1 0.0669 0.1756 0.1097 0.0705
1 0.0681 0.2432 0.1094 0.0721
1 0.1724 0.2389 0.1013 0.0721
1 0.0686 0.3137 0.1062 0.0742
1 0.0702 0.3855 0.1087 0.0737
1 0.1743 0.3802 0.1009 0.0726
1 0.3883 0.5792 0.1072 0.0775
1 0.3887 0.6516 0.1064 0.0787
1 0.3895 0.7213 0.1072 0.0781
1 0.4916 0.6448 0.1002 0.0750
1 0.4898 0.5727 0.0973 0.0768
1 0.4877 0.5058 0.0932 0.0707
1 0.5834 0.5021 0.0973 0.0719
1 0.6815 0.4996 0.0981 0.0682
1 0.6852 0.5646 0.0957 0.0719
1 0.5867 0.5702 0.0982 0.0744
1 0.6861 0.6364 0.0965 0.0756
1 0.6879 0.7039 0.1002 0.0744
1 0.5910 0.7104 0.0961 0.0775
1 0.2807 0.5138 0.1105 0.0793
1 0.2817 0.5854 0.1109 0.0787
1 0.2830 0.6572 0.1084 0.0787
1 0.3830 0.3683 0.1055 0.0668
1 0.1787 0.7352 0.1043 0.0824
1 0.1780 0.6621 0.1023 0.0750
1 0.1768 0.5897 0.0990 0.0750
1 0.1770 0.5194 0.0986 0.0781
1 0.0723 0.7433 0.1134 0.0837
1 0.0715 0.6680 0.1125 0.0818
1 0.0721 0.5956 0.1129 0.0805
1 0.0709 0.4535 0.1113 0.0787
1 0.1762 0.4504 0.1002 0.0762
1 0.0718 0.8150 0.1129 0.0762
1 0.2846 0.7998 0.1072 0.0793
1 0.3899 0.7940 0.1084 0.0800
1 0.4944 0.7883 0.0998 0.0837
1 0.6905 0.7776 0.0961 0.0744
1 0.5932 0.8670 0.1010 0.1010
3 0.1804 0.8947 0.1065 0.1006
3 0.3901 0.8808 0.1100 0.1006
3 0.4958 0.8760 0.0986 0.0931
3 0.6920 0.8642 0.0979 0.0931
1 0.4827 0.2994 0.0967 0.0689
1 0.6787 0.4322 0.1013 0.0663
1 0.6725 0.1666 0.0960 0.0716
1 0.9695 0.8372 0.0610 0.0901
1 0.7840 0.6975 0.0952 0.0702
1 0.7812 0.6296 0.0957 0.0687
1 0.7785 0.5635 0.0901 0.0680
1 0.7742 0.4287 0.0896 0.0657
1 0.7686 0.2967 0.0957 0.0656
1 0.7709 0.3627 0.0932 0.0680
3 0.0712 0.8949 0.1142 0.0911
1 0.8344 0.1711 0.0511 0.0679
1 0.3769 0.0951 0.1053 0.0733
1 0.7633 0.1018 0.0901 0.0771
