3 0.3261 0.6175 0.1369 0.0249
3 0.7792 0.8298 0.1418 0.0243
2 0.9274 0.8683 0.1161 0.0258
3 0.7807 0.8055 0.1446 0.0231
3 0.4463 0.6965 0.0958 0.0231
2 0.6339 0.4924 0.1284 0.0218
3 0.4502 0.7473 0.0921 0.0250
2 0.5329 0.5688 0.0727 0.0238
3 0.4486 0.8240 0.0933 0.0247
3 0.3303 0.6942 0.1347 0.0233
3 0.1873 0.6665 0.1404 0.0235
2 0.5318 0.4630 0.0770 0.0288
3 0.3341 0.7195 0.1392 0.0269
3 0.4473 0.6716 0.0953 0.0252
2 0.1906 0.4882 0.1110 0.0229
2 0.4428 0.5162 0.1046 0.0246
2 0.5312 0.5168 0.0681 0.0259
2 0.4454 0.5679 0.0973 0.0244
3 0.6387 0.7509 0.1272 0.0253
3 0.7769 0.6258 0.1374 0.0234
3 0.5333 0.6464 0.0772 0.0234
2 0.6376 0.5699 0.1285 0.0231
2 0.7727 0.5729 0.1383 0.0229
3 0.1725 0.8393 0.0766 0.0217
2 0.7683 0.4945 0.1358 0.0256
2 0.6335 0.5180 0.1310 0.0227
3 0.2942 0.8191 0.0591 0.0247
3 0.6429 0.8284 0.1303 0.0230
3 0.1893 0.6923 0.1428 0.0226
3 0.5325 0.6215 0.0757 0.0256
3 0.7989 0.8825 0.0835 0.0247
2 0.6348 0.5433 0.1298 0.0226
3 0.5345 0.6970 0.0780 0.0237
2 0.7692 0.4663 0.1364 0.0295
2 0.3219 0.5649 0.1390 0.0218
3 0.3337 0.7686 0.1352 0.0240
3 0.4461 0.7210 0.0912 0.0255
1 0.5313 0.7230 0.0735 0.0240
1 0.6380 0.6488 0.1278 0.0242
2 0.3200 0.5404 0.1455 0.0230
2 0.5322 0.4908 0.0713 0.0247
1 0.5355 0.7751 0.0748 0.0254
3 0.6371 0.6746 0.1235 0.0229
3 0.1861 0.6398 0.1389 0.0231
3 0.6396 0.7776 0.1283 0.0226
2 0.5315 0.5430 0.0706 0.0263
3 0.4444 0.5937 0.0962 0.0275
3 0.6366 0.5954 0.1280 0.0255
3 0.1928 0.5883 0.1161 0.0235
2 0.7721 0.5197 0.1377 0.0248
3 0.7768 0.7291 0.1446 0.0236
3 0.7780 0.6521 0.1424 0.0236
3 0.3227 0.5901 0.1381 0.0252
2 0.4421 0.4906 0.1067 0.0247
3 0.1956 0.8171 0.1392 0.0239
3 0.7817 0.8567 0.1239 0.0247
3 0.3335 0.7450 0.1346 0.0229
3 0.4471 0.6453 0.0931 0.0237
2 0.1900 0.5115 0.1106 0.0235
3 0.1943 0.7918 0.1391 0.0240
3 0.1885 0.6141 0.1394 0.0236
2 0.4429 0.4632 0.1092 0.0280
3 0.4496 0.7992 0.0951 0.0231
2 0.3217 0.5139 0.1473 0.0241
3 0.1916 0.7425 0.1404 0.0266
3 0.7761 0.6780 0.1470 0.0243
3 0.5314 0.5948 0.0759 0.0262
2 0.4433 0.5422 0.1024 0.0250
3 0.6372 0.6227 0.1300 0.0251
3 0.1912 0.7150 0.1442 0.0235
2 0.7736 0.5470 0.1434 0.0251
3 0.6381 0.7258 0.1314 0.0247
3 0.3292 0.6694 0.1369 0.0251
2 0.3180 0.4898 0.1504 0.0257
2 0.1918 0.5632 0.1141 0.0235
3 0.7774 0.7548 0.1494 0.0246
2 0.1914 0.5388 0.1124 0.0246
1 0.5342 0.6719 0.0766 0.0238
3 0.6395 0.8031 0.1312 0.0267
3 0.5341 0.7478 0.0731 0.0243
3 0.4442 0.6199 0.0950 0.0219
2 0.6317 0.4647 0.1284 0.0288
3 0.3273 0.6429 0.1351 0.0243
3 0.6402 0.6996 0.1331 0.0244
3 0.7770 0.7036 0.1443 0.0246
3 0.1940 0.7664 0.1379 0.0243
3 0.3341 0.7948 0.1356 0.0251
3 0.7732 0.5985 0.1373 0.0249
3 0.7804 0.7812 0.1442 0.0238
3 0.4494 0.7732 0.0961 0.0273
