3 0.6757 0.6313 0.0693 0.0382
1 0.1374 0.4310 0.0871 0.0437
3 0.7558 0.6305 0.0604 0.0368
1 0.1482 0.5138 0.0638 0.0333
1 0.2418 0.6768 0.0618 0.0349
3 0.2423 0.8422 0.0612 0.0388
1 0.3191 0.7570 0.0531 0.0349
1 0.3932 0.4249 0.0683 0.0420
1 0.6776 0.4660 0.0689 0.0358
3 0.7544 0.5895 0.0629 0.0369
3 0.4972 0.5900 0.1065 0.0389
3 0.8491 0.7538 0.0925 0.0375
1 0.3945 0.6742 0.0599 0.0362
3 0.8418 0.5044 0.0847 0.0386
1 0.5201 0.9224 0.0572 0.0374
1 0.3979 0.8799 0.0523 0.0353
1 0.6794 0.7543 0.0623 0.0366
1 0.3962 0.7979 0.0553 0.0354
1 0.3192 0.6347 0.0555 0.0358
1 0.2379 0.5528 0.0622 0.0386
1 0.3209 0.9207 0.0537 0.0325
1 0.3189 0.5935 0.0607 0.0329
1 0.0778 0.6777 0.0599 0.0353
3 0.0735 0.4755 0.0599 0.0393
1 0.3164 0.4714 0.0620 0.0355
1 0.3975 0.9208 0.0577 0.0339
3 0.0786 0.8423 0.0536 0.0367
1 0.8438 0.5463 0.0793 0.0385
3 0.1474 0.5954 0.0647 0.0370
3 0.7603 0.8782 0.0556 0.0356
1 0.3191 0.8391 0.0558 0.0355
1 0.2407 0.6352 0.0601 0.0343
3 0.0732 0.5146 0.0574 0.0385
1 0.6785 0.8381 0.0624 0.0363
3 0.8392 0.4219 0.0813 0.0403
3 0.4966 0.6732 0.1045 0.0377
1 0.6003 0.7970 0.0517 0.0355
1 0.8459 0.6741 0.0857 0.0329
3 0.5016 0.7982 0.1070 0.0381
1 0.8493 0.7141 0.0889 0.0332
1 0.5993 0.5489 0.0563 0.0352
1 0.6006 0.5905 0.0617 0.0351
1 0.1487 0.5544 0.0609 0.0337
1 0.8498 0.8802 0.0859 0.0383
1 0.8466 0.5898 0.0863 0.0397
1 0.5982 0.4236 0.0637 0.0371
1 0.3954 0.5922 0.0649 0.0360
1 0.6016 0.8391 0.0544 0.0365
1 0.5977 0.5085 0.0603 0.0375
1 0.6766 0.5068 0.0702 0.0361
3 0.7582 0.5074 0.0584 0.0373
1 0.1546 0.8407 0.0606 0.0354
3 0.4964 0.5097 0.1083 0.0372
1 0.3941 0.6330 0.0618 0.0360
3 0.0760 0.5978 0.0538 0.0357
3 0.2348 0.5115 0.0671 0.0354
1 0.3968 0.8397 0.0551 0.0358
1 0.5991 0.7149 0.0563 0.0356
1 0.3213 0.8814 0.0536 0.0365
1 0.3163 0.5129 0.0597 0.0356
1 0.5005 0.7142 0.1025 0.0367
3 0.1540 0.8819 0.0584 0.0357
1 0.3173 0.5528 0.0601 0.0345
1 0.3909 0.7164 0.0661 0.0341
1 0.4998 0.5490 0.1007 0.0326
3 0.1475 0.6363 0.0671 0.0362
1 0.2449 0.9240 0.0540 0.0393
3 0.8480 0.7969 0.0836 0.0358
1 0.0751 0.5557 0.0564 0.0391
1 0.2424 0.8811 0.0602 0.0365
3 0.1469 0.6771 0.0670 0.0373
1 0.8491 0.6322 0.0834 0.0364
1 0.1538 0.7584 0.0605 0.0365
3 0.2375 0.7582 0.0632 0.0371
1 0.3155 0.4275 0.0675 0.0359
3 0.6019 0.8808 0.0572 0.0403
3 0.4973 0.7559 0.1058 0.0396
1 0.3942 0.5103 0.0622 0.0355
3 0.8486 0.8380 0.0889 0.0393
1 0.1547 0.7997 0.0592 0.0348
1 0.0767 0.8798 0.0593 0.0367
3 0.5000 0.8404 0.0969 0.0395
3 0.6762 0.5894 0.0668 0.0364
1 0.0767 0.6373 0.0569 0.0360
3 0.2393 0.8000 0.0627 0.0357
3 0.2355 0.4713 0.0684 0.0376
1 0.5996 0.7547 0.0531 0.0343
1 0.1477 0.4738 0.0682 0.0349
1 0.1546 0.8824 0.0570 0.0355
1 0.3195 0.7174 0.0501 0.0340
1 0.6794 0.8794 0.0588 0.0373
3 0.0755 0.7587 0.0546 0.0367
3 0.0774 0.7999 0.0543 0.0369
1 0.6778 0.7124 0.0602 0.0389
1 0.6772 0.5469 0.0644 0.0336
1 0.6005 0.6727 0.0605 0.0346
1 0.3189 0.6766 0.0532 0.0336
1 0.3192 0.7977 0.0566 0.0359
1 0.8523 0.9244 0.0810 0.0424
3 0.7550 0.4240 0.0608 0.0364
1 0.5999 0.6317 0.0584 0.0346
1 0.6802 0.9198 0.0607 0.0346
1 0.5027 0.8800 0.1042 0.0373
1 0.6042 0.9226 0.0575 0.0361
3 0.7570 0.6721 0.0574 0.0360
3 0.7619 0.8396 0.0619 0.0381
1 0.0763 0.7179 0.0530 0.0337
1 0.3952 0.7567 0.0602 0.0336
3 0.4955 0.4681 0.1100 0.0376
1 0.0794 0.9169 0.0594 0.0281
1 0.6757 0.4238 0.0633 0.0338
3 0.7560 0.5482 0.0610 0.0395
3 0.8422 0.4634 0.0879 0.0376
1 0.0767 0.5971 0.0550 0.0345
1 0.1516 0.7181 0.0560 0.0350
1 0.1550 0.9216 0.0594 0.0351
1 0.3941 0.4694 0.0644 0.0359
3 0.7570 0.7568 0.0566 0.0373
3 0.6767 0.6722 0.0674 0.0379
1 0.2417 0.5947 0.0708 0.0352
3 0.4939 0.6324 0.1040 0.0360
1 0.5989 0.4665 0.0620 0.0345
1 0.4001 0.5536 0.0697 0.0374
2 0.8411 0.9664 0.0591 0.0299
3 0.2352 0.4282 0.0746 0.0405
1 0.6797 0.7965 0.0638 0.0356
1 0.2410 0.7156 0.0583 0.0337
3 0.7562 0.7117 0.0564 0.0337
3 0.7569 0.4637 0.0631 0.0360
3 0.7602 0.7973 0.0633 0.0392
3 0.0705 0.4313 0.0593 0.0410
3 0.4935 0.4232 0.1100 0.0432
