2 0.4549 0.0989 0.0261 0.0830
2 0.1541 0.6026 0.0376 0.1120
2 0.8131 0.1075 0.0507 0.0820
3 0.7656 0.9473 0.0373 0.1054
3 0.8959 0.6442 0.0514 0.0937
2 0.0137 0.3504 0.0273 0.1036
2 0.3871 0.5473 0.0338 0.1100
3 0.9646 0.8184 0.0208 0.0944
2 0.7690 0.4323 0.0342 0.1144
2 0.6665 0.5064 0.0311 0.1049
2 0.1913 0.5021 0.0349 0.1199
2 0.4173 0.4528 0.0288 0.1054
3 0.8491 0.6369 0.0517 0.0933
2 0.2786 0.7415 0.0612 0.1260
2 0.5455 0.2939 0.0535 0.0814
2 0.5837 0.1290 0.0254 0.0860
2 0.8772 0.3708 0.0547 0.1012
2 0.4449 0.4589 0.0287 0.1007
3 0.7231 0.9410 0.0570 0.1181
2 0.4486 0.3633 0.0253 0.0950
3 0.9395 0.7369 0.0308 0.0957
2 0.8189 0.1889 0.0508 0.0885
3 0.8155 0.7272 0.0309 0.1199
3 0.8279 0.9531 0.0336 0.0939
2 0.3406 0.6402 0.0573 0.1125
3 0.7790 0.6216 0.0304 0.0987
2 0.9308 0.2976 0.0247 0.0938
2 0.2555 0.4179 0.0354 0.1037
2 0.0338 0.6560 0.0347 0.1188
2 0.1244 0.5939 0.0380 0.1208
2 0.5444 0.4784 0.0574 0.0910
2 0.9509 0.2978 0.0243 0.0790
3 0.9277 0.5565 0.0334 0.0827
2 0.0097 0.7329 0.0185 0.1015
3 0.5872 0.6881 0.0258 0.1090
2 0.7778 0.0987 0.0326 0.1025
2 0.7373 0.3336 0.0342 0.1111
2 0.8377 0.4396 0.0573 0.1079
2 0.4528 0.1844 0.0261 0.0893
3 0.8090 0.6267 0.0342 0.1003
3 0.8023 0.5325 0.0346 0.0928
2 0.8246 0.2663 0.0533 0.1043
3 0.6792 0.9411 0.0309 0.1178
2 0.7939 0.3493 0.0374 0.0996
2 0.8302 0.3543 0.0543 0.1162
2 0.1621 0.8205 0.0332 0.1121
2 0.9444 0.2140 0.0243 0.0790
3 0.6721 0.7054 0.0319 0.1048
2 0.6559 0.0622 0.0282 0.0919
3 0.9445 0.8363 0.0283 0.0994
2 0.2108 0.6108 0.0378 0.1249
3 0.7972 0.9488 0.0336 0.1025
2 0.7469 0.5199 0.0351 0.1107
2 0.4903 0.2805 0.0547 0.0826
2 0.1192 0.3868 0.0377 0.1151
2 0.1639 0.4936 0.0408 0.1212
2 0.4148 0.5532 0.0303 0.1124
2 0.5845 0.2116 0.0258 0.0879
2 0.2017 0.7234 0.0372 0.1261
2 0.9085 0.2922 0.0415 0.0983
3 0.7097 0.6085 0.0510 0.0971
2 0.1062 0.8007 0.0335 0.1155
3 0.9706 0.5533 0.0196 0.0770
2 0.5467 0.2064 0.0546 0.0758
2 0.6928 0.0778 0.0441 0.0853
3 0.8556 0.7389 0.0535 0.1025
3 0.9746 0.6362 0.0215 0.0905
3 0.9090 0.8443 0.0452 0.1105
3 0.5876 0.8037 0.0266 0.1157
3 0.9500 0.5549 0.0207 0.0798
3 0.5888 0.9222 0.0283 0.1217
2 0.3831 0.6499 0.0317 0.1158
2 0.3783 0.7654 0.0335 0.1223
2 0.7743 0.5305 0.0362 0.1058
3 0.4393 0.6649 0.0290 0.1074
3 0.6454 0.9409 0.0299 0.1182
3 0.4844 0.5628 0.0607 0.1070
3 0.6158 0.8095 0.0265 0.1124
3 0.5446 0.6806 0.0602 0.1134
2 0.9373 0.1393 0.0243 0.0790
2 0.3287 0.8668 0.0609 0.1170
2 0.4929 0.1105 0.0519 0.0793
2 0.5860 0.4872 0.0259 0.0963
2 0.6371 0.4976 0.0293 0.1043
2 0.8590 0.1213 0.0512 0.0965
2 0.0910 0.3808 0.0426 0.1131
2 0.2864 0.6310 0.0552 0.1035
2 0.7271 0.0842 0.0295 0.1005
2 0.7062 0.5166 0.0496 0.0945
2 0.9637 0.4679 0.0243 0.0790
2 0.5460 0.1224 0.0522 0.0747
2 0.8419 0.5442 0.0541 0.1000
2 0.8673 0.2805 0.0496 0.0966
3 0.5427 0.9210 0.0627 0.1295
2 0.6640 0.4097 0.0337 0.1033
3 0.9653 0.9125 0.0162 0.0847
3 0.9035 0.7396 0.0476 0.1100
2 0.0984 0.5862 0.0356 0.1204
2 0.2327 0.7265 0.0434 0.1193
2 0.0177 0.5453 0.0278 0.1095
2 0.6335 0.3127 0.0290 0.1010
2 0.2201 0.5027 0.0402 0.1080
3 0.9557 0.6343 0.0246 0.0998
3 0.9799 0.7247 0.0202 0.0909
2 0.0787 0.7960 0.0335 0.1155
2 0.6324 0.2261 0.0281 0.0986
3 0.7905 0.8328 0.0318 0.1202
2 0.5849 0.3017 0.0249 0.0867
3 0.9333 0.6391 0.0336 0.1062
2 0.9387 0.3826 0.0247 0.0964
2 0.9009 0.2115 0.0372 0.0888
3 0.6143 0.6953 0.0257 0.1051
2 0.7972 0.4320 0.0356 0.1075
3 0.9463 0.9289 0.0251 0.1017
2 0.0127 0.6350 0.0249 0.1094
2 0.1729 0.3948 0.0407 0.1180
2 0.2987 0.4213 0.0551 0.0943
3 0.4362 0.7765 0.0297 0.0997
2 0.4872 0.4666 0.0563 0.0911
2 0.0092 0.4422 0.0181 0.0979
3 0.8223 0.8381 0.0321 0.1229
2 0.4078 0.7690 0.0299 0.1143
2 0.7013 0.3200 0.0502 0.1041
2 0.9216 0.4661 0.0406 0.1012
2 0.1110 0.4849 0.0367 0.1233
2 0.0704 0.5724 0.0427 0.1108
2 0.2236 0.4088 0.0349 0.1039
2 0.8941 0.1358 0.0365 0.0748
2 0.1918 0.8336 0.0397 0.1202
2 0.0602 0.3692 0.0447 0.1036
3 0.6168 0.9311 0.0247 0.1199
2 0.9236 0.2165 0.0255 0.0950
2 0.3508 0.4328 0.0554 0.1014
3 0.6436 0.8144 0.0282 0.1161
2 0.1456 0.3923 0.0401 0.1199
2 0.6353 0.4031 0.0288 0.1077
2 0.1345 0.8112 0.0368 0.1058
3 0.6761 0.8198 0.0323 0.1125
2 0.6584 0.1458 0.0284 0.0890
2 0.0516 0.4630 0.0410 0.1228
3 0.8689 0.9519 0.0515 0.0963
2 0.4106 0.6600 0.0292 0.1123
2 0.7817 0.1735 0.0331 0.1033
3 0.4800 0.7840 0.0630 0.1119
3 0.8621 0.8495 0.0528 0.1007
2 0.7522 0.0886 0.0297 0.0953
3 0.4427 0.5523 0.0268 0.1007
3 0.8888 0.5507 0.0498 0.0957
2 0.0637 0.6744 0.0384 0.1206
2 0.7038 0.4188 0.0517 0.1018
2 0.0568 0.7731 0.0334 0.1190
2 0.4887 0.3728 0.0562 0.0878
3 0.7148 0.7141 0.0565 0.1154
2 0.6602 0.2291 0.0313 0.0962
2 0.2407 0.6204 0.0445 0.1149
2 0.1715 0.7162 0.0368 0.1293
2 0.0277 0.7493 0.0288 0.1081
3 0.9819 0.8964 0.0138 0.0817
3 0.9628 0.7277 0.0228 0.0983
3 0.7610 0.8291 0.0316 0.1232
2 0.2920 0.5230 0.0564 0.1045
3 0.6416 0.7011 0.0269 0.1076
2 0.9450 0.4695 0.0231 0.1038
2 0.3350 0.7533 0.0602 0.1160
2 0.5447 0.3825 0.0563 0.0951
2 0.1813 0.6049 0.0341 0.1217
2 0.9184 0.1427 0.0266 0.0892
2 0.6112 0.4927 0.0269 0.1003
2 0.6619 0.3176 0.0329 0.1074
2 0.2239 0.8400 0.0453 0.1241
2 0.2502 0.5139 0.0403 0.1191
2 0.1974 0.4047 0.0302 0.1001
3 0.5433 0.7952 0.0605 0.1206
3 0.4779 0.9058 0.0646 0.1264
3 0.7553 0.7160 0.0295 0.1156
2 0.6941 0.1563 0.0463 0.0886
3 0.7844 0.7218 0.0315 0.1213
2 0.6072 0.1372 0.0254 0.0829
3 0.5873 0.5820 0.0247 0.0977
2 0.8837 0.4588 0.0537 0.1002
3 0.5446 0.5745 0.0574 0.1094
2 0.4512 0.2706 0.0257 0.0910
2 0.0415 0.5602 0.0370 0.1213
3 0.9114 0.9441 0.0462 0.1118
2 0.4916 0.1905 0.0555 0.0831
3 0.7509 0.6135 0.0306 0.1067
3 0.4326 0.8915 0.0292 0.1196
2 0.0272 0.4505 0.0321 0.1060
2 0.7414 0.4250 0.0335 0.1137
2 0.6086 0.3045 0.0259 0.0950
2 0.7340 0.2494 0.0348 0.0985
2 0.3751 0.8677 0.0323 0.1058
3 0.4826 0.6721 0.0609 0.1126
2 0.0353 0.3629 0.0353 0.1091
2 0.7299 0.1651 0.0331 0.1009
2 0.0887 0.6893 0.0338 0.1276
2 0.6077 0.2195 0.0257 0.0917
2 0.5860 0.3971 0.0258 0.0957
2 0.6963 0.2381 0.0473 0.0896
2 0.7608 0.2549 0.0355 0.0996
2 0.1350 0.4933 0.0402 0.1177
2 0.0809 0.4762 0.0429 0.1148
3 0.6131 0.5912 0.0242 0.1042
2 0.6100 0.3973 0.0269 0.1012
2 0.7559 0.1723 0.0337 0.1030
2 0.3459 0.5353 0.0564 0.1095
2 0.1428 0.7074 0.0408 0.1184
2 0.1147 0.6974 0.0352 0.1219
3 0.9807 0.8165 0.0145 0.0813
2 0.7880 0.2596 0.0357 0.1001
2 0.6306 0.1415 0.0256 0.0816
2 0.4027 0.8768 0.0305 0.1103
2 0.8632 0.2026 0.0503 0.0853
3 0.6396 0.5926 0.0256 0.0960
2 0.3902 0.4468 0.0327 0.1065
3 0.7196 0.8298 0.0579 0.1225
3 0.6697 0.6000 0.0301 0.1002
2 0.7643 0.3437 0.0347 0.1116
2 0.9582 0.3808 0.0243 0.0790
2 0.2701 0.8524 0.0628 0.1141
2 0.9155 0.3751 0.0410 0.1002
