1 0.8181 0.7805 0.0311 0.0567
1 0.8719 0.5706 0.0453 0.0525
1 0.9810 0.4558 0.0142 0.0381
1 0.9828 0.4915 0.0166 0.0351
1 0.9890 0.5633 0.0164 0.0347
3 0.9579 0.4680 0.0308 0.0431
3 0.9607 0.5016 0.0312 0.0406
3 0.9630 0.5374 0.0308 0.0424
3 0.9658 0.5709 0.0301 0.0410
3 0.9682 0.6055 0.0300 0.0440
3 0.9714 0.6424 0.0306 0.0436
3 0.9747 0.6787 0.0334 0.0442
3 0.9776 0.7170 0.0326 0.0434
3 0.9798 0.7530 0.0320 0.0399
3 0.9835 0.7914 0.0330 0.0445
1 0.9937 0.4453 0.0126 0.0432
1 0.9863 0.5283 0.0171 0.0375
1 0.7070 0.6735 0.0245 0.0543
1 0.6846 0.7828 0.0311 0.0580
2 0.6152 0.0838 0.0222 0.0463
2 0.6154 0.1289 0.0217 0.0463
2 0.6160 0.1718 0.0211 0.0445
2 0.6177 0.2180 0.0207 0.0441
2 0.6183 0.2649 0.0211 0.0448
2 0.6211 0.4088 0.0218 0.0483
2 0.6189 0.3122 0.0206 0.0455
2 0.6200 0.3609 0.0206 0.0455
2 0.6222 0.4594 0.0226 0.0487
2 0.6229 0.5095 0.0215 0.0473
2 0.6238 0.5627 0.0229 0.0508
2 0.6248 0.6160 0.0228 0.0501
2 0.6255 0.6708 0.0223 0.0504
2 0.6269 0.7267 0.0224 0.0501
2 0.6284 0.8406 0.0223 0.0550
2 0.4907 0.9024 0.0297 0.0645
2 0.1487 0.8980 0.0294 0.0714
2 0.1187 0.9020 0.0347 0.0795
1 0.0760 0.0565 0.0264 0.0470
1 0.0990 0.0576 0.0247 0.0491
1 0.1349 0.0585 0.0482 0.0440
1 0.2363 0.0608 0.0484 0.0419
1 0.2820 0.0612 0.0448 0.0436
1 0.0726 0.1052 0.0256 0.0428
1 0.1743 0.0593 0.0313 0.0432
1 0.0689 0.1503 0.0262 0.0423
1 0.2014 0.0597 0.0222 0.0424
1 0.0661 0.1970 0.0266 0.0436
1 0.3172 0.0621 0.0249 0.0428
1 0.0959 0.1046 0.0256 0.0449
1 0.0625 0.2444 0.0266 0.0436
1 0.1319 0.1054 0.0493 0.0440
1 0.1716 0.1065 0.0320 0.0428
1 0.1990 0.1075 0.0217 0.0440
1 0.2337 0.1084 0.0480 0.0432
1 0.2794 0.1080 0.0443 0.0415
1 0.3155 0.1090 0.0241 0.0394
1 0.0928 0.1503 0.0254 0.0449
1 0.1287 0.1528 0.0508 0.0432
1 0.1692 0.1516 0.0331 0.0440
1 0.1968 0.1526 0.0243 0.0436
1 0.2323 0.1526 0.0488 0.0419
1 0.0903 0.1979 0.0234 0.0453
1 0.0866 0.2448 0.0258 0.0478
1 0.0829 0.2948 0.0260 0.0470
1 0.1257 0.1985 0.0512 0.0457
1 0.0794 0.3422 0.0254 0.0470
1 0.1667 0.1996 0.0335 0.0453
1 0.1938 0.2000 0.0241 0.0445
1 0.2765 0.2013 0.0471 0.0453
1 0.2295 0.1998 0.0488 0.0449
1 0.2784 0.1539 0.0471 0.0428
1 0.3139 0.1541 0.0269 0.0440
1 0.1637 0.2476 0.0347 0.0457
1 0.3126 0.2015 0.0266 0.0483
1 0.1227 0.2468 0.0512 0.0457
1 0.1915 0.2472 0.0258 0.0474
1 0.2271 0.2470 0.0503 0.0462
1 0.2742 0.2482 0.0478 0.0470
1 0.3104 0.2489 0.0267 0.0432
1 0.1195 0.2946 0.0522 0.0474
1 0.1606 0.2952 0.0356 0.0479
1 0.1887 0.2956 0.0258 0.0479
1 0.2246 0.2960 0.0514 0.0487
1 0.2723 0.2963 0.0484 0.0457
1 0.3088 0.2971 0.0269 0.0457
1 0.1163 0.3436 0.0520 0.0500
1 0.1576 0.3447 0.0345 0.0495
1 0.1864 0.3445 0.0254 0.0483
1 0.0592 0.2918 0.0282 0.0478
1 0.2700 0.3455 0.0469 0.0478
1 0.0506 0.3904 0.0277 0.0495
1 0.3064 0.3455 0.0264 0.0470
1 0.0556 0.3422 0.0286 0.0495
1 0.2218 0.3449 0.0499 0.0474
1 0.0756 0.3912 0.0267 0.0487
1 0.1127 0.3927 0.0535 0.0491
1 0.1830 0.3934 0.0243 0.0504
1 0.1545 0.3938 0.0346 0.0487
1 0.2191 0.3951 0.0501 0.0462
1 0.2678 0.3967 0.0473 0.0445
1 0.0711 0.4433 0.0262 0.0479
1 0.1083 0.4443 0.0524 0.0508
1 0.1511 0.4448 0.0350 0.0491
1 0.1790 0.4452 0.0256 0.0457
1 0.2653 0.4473 0.0473 0.0466
1 0.0674 0.4953 0.0277 0.0495
1 0.1050 0.4960 0.0531 0.0517
1 0.1482 0.4968 0.0367 0.0517
1 0.1767 0.4972 0.0252 0.0500
1 0.2134 0.4977 0.0516 0.0484
1 0.2628 0.4981 0.0490 0.0474
1 0.0420 0.4945 0.0292 0.0521
1 0.0371 0.5489 0.0314 0.0550
1 0.2169 0.4454 0.0518 0.0470
1 0.0630 0.5476 0.0282 0.0534
1 0.0464 0.4418 0.0294 0.0500
1 0.1007 0.5480 0.0552 0.0517
1 0.1441 0.5489 0.0377 0.0483
1 0.1732 0.5491 0.0266 0.0521
1 0.2106 0.5510 0.0527 0.0534
1 0.2605 0.5520 0.0501 0.0512
1 0.0962 0.6030 0.0552 0.0525
1 0.0320 0.6018 0.0288 0.0517
1 0.0581 0.6026 0.0279 0.0517
1 0.1403 0.6030 0.0379 0.0525
1 0.1695 0.6030 0.0260 0.0533
1 0.2074 0.6043 0.0539 0.0525
1 0.2580 0.6051 0.0495 0.0517
1 0.0221 0.7120 0.0309 0.0555
1 0.0272 0.6563 0.0313 0.0550
1 0.0162 0.7689 0.0303 0.0550
1 0.0535 0.6555 0.0298 0.0533
1 0.0921 0.6563 0.0565 0.0533
1 0.1365 0.6559 0.0375 0.0559
1 0.1660 0.6576 0.0264 0.0517
1 0.2042 0.6584 0.0531 0.0508
1 0.0876 0.7141 0.0565 0.0529
1 0.1317 0.7151 0.0377 0.0525
1 0.1624 0.7137 0.0275 0.0529
1 0.2004 0.7141 0.0542 0.0529
1 0.0423 0.7706 0.0296 0.0559
1 0.0830 0.7699 0.0571 0.0555
1 0.1269 0.7720 0.0390 0.0538
1 0.0486 0.7126 0.0288 0.0542
1 0.0135 0.8296 0.0270 0.0605
1 0.1578 0.7718 0.0292 0.0567
1 0.0373 0.8287 0.0299 0.0572
1 0.1973 0.7720 0.0544 0.0538
1 0.0771 0.8311 0.0595 0.0610
1 0.1227 0.8309 0.0394 0.0580
1 0.1538 0.8304 0.0284 0.0563
1 0.1929 0.8311 0.0561 0.0542
3 0.0715 0.9026 0.0627 0.0796
3 0.0101 0.9013 0.0202 0.0804
3 0.0295 0.9015 0.0330 0.0809
3 0.1889 0.9041 0.0580 0.0800
3 0.2346 0.9051 0.0424 0.0830
3 0.3439 0.9062 0.0267 0.0800
3 0.3710 0.9064 0.0271 0.0795
3 0.4128 0.9087 0.0552 0.0792
3 0.4573 0.9096 0.0324 0.0834
3 0.5356 0.9121 0.0561 0.0673
3 0.5900 0.9125 0.0520 0.0808
3 0.6293 0.9060 0.0250 0.0719
3 0.6279 0.7837 0.0235 0.0569
3 0.9844 0.8350 0.0312 0.0431
3 0.9959 0.2948 0.0083 0.0441
3 0.9974 0.3322 0.0051 0.0391
1 0.3395 0.0646 0.0230 0.0473
1 0.3671 0.0644 0.0287 0.0468
1 0.3923 0.0664 0.0235 0.0457
1 0.4282 0.0674 0.0454 0.0468
1 0.4662 0.0702 0.0289 0.0462
1 0.4954 0.0709 0.0298 0.0468
1 0.5345 0.0748 0.0493 0.0503
2 0.9949 0.2595 0.0103 0.0497
1 0.3376 0.1572 0.0220 0.0462
1 0.5816 0.0803 0.0454 0.0452
1 0.3359 0.2037 0.0226 0.0476
1 0.3392 0.1101 0.0248 0.0487
1 0.3338 0.2525 0.0232 0.0494
1 0.3324 0.2994 0.0239 0.0494
1 0.3659 0.1111 0.0286 0.0480
1 0.3646 0.1570 0.0286 0.0458
1 0.3631 0.2030 0.0284 0.0462
1 0.3615 0.2513 0.0287 0.0476
1 0.3605 0.2998 0.0295 0.0494
1 0.3918 0.1124 0.0248 0.0448
1 0.4283 0.1150 0.0474 0.0444
1 0.4661 0.1162 0.0289 0.0441
1 0.3909 0.1584 0.0262 0.0437
1 0.4274 0.1600 0.0474 0.0434
1 0.4660 0.1609 0.0292 0.0430
1 0.3898 0.2042 0.0256 0.0451
1 0.4264 0.2055 0.0482 0.0455
1 0.4657 0.2067 0.0295 0.0451
1 0.3887 0.2522 0.0259 0.0480
1 0.4260 0.2539 0.0490 0.0465
1 0.4649 0.2557 0.0292 0.0458
1 0.3874 0.3001 0.0259 0.0480
1 0.4247 0.3025 0.0489 0.0498
1 0.4643 0.3030 0.0300 0.0487
1 0.3308 0.3470 0.0250 0.0487
1 0.3588 0.3483 0.0295 0.0490
1 0.3862 0.3488 0.0268 0.0480
1 0.4245 0.3498 0.0494 0.0473
1 0.4637 0.3513 0.0306 0.0472
1 0.3043 0.3957 0.0278 0.0501
1 0.3298 0.3971 0.0251 0.0487
1 0.3574 0.3978 0.0289 0.0487
1 0.3850 0.3982 0.0267 0.0501
1 0.4228 0.4006 0.0502 0.0487
1 0.4633 0.4017 0.0308 0.0494
1 0.3019 0.4472 0.0278 0.0501
1 0.3273 0.4486 0.0240 0.0508
1 0.3558 0.4493 0.0298 0.0515
1 0.3835 0.4500 0.0268 0.0487
1 0.4220 0.4507 0.0512 0.0515
1 0.4626 0.4517 0.0325 0.0494
1 0.3007 0.4983 0.0271 0.0508
1 0.3258 0.4999 0.0250 0.0504
1 0.3546 0.5009 0.0298 0.0511
1 0.3824 0.5016 0.0271 0.0511
1 0.4209 0.5030 0.0510 0.0497
1 0.4624 0.5050 0.0314 0.0508
1 0.2978 0.5517 0.0281 0.0512
1 0.2952 0.6051 0.0278 0.0522
1 0.3236 0.5519 0.0259 0.0529
1 0.3528 0.5535 0.0303 0.0532
1 0.3806 0.5545 0.0273 0.0497
1 0.4202 0.5556 0.0513 0.0497
1 0.4621 0.5575 0.0314 0.0515
1 0.3218 0.6057 0.0275 0.0525
1 0.3508 0.6071 0.0292 0.0532
1 0.3790 0.6085 0.0268 0.0504
1 0.4182 0.6094 0.0516 0.0515
1 0.4610 0.6108 0.0325 0.0494
1 0.2543 0.6600 0.0512 0.0511
1 0.2927 0.6608 0.0267 0.0501
1 0.3195 0.6621 0.0259 0.0525
1 0.3490 0.6621 0.0306 0.0540
1 0.3781 0.6638 0.0273 0.0532
1 0.4180 0.6654 0.0530 0.0536
1 0.2519 0.7160 0.0508 0.0554
1 0.2490 0.7753 0.0529 0.0546
1 0.2388 0.8331 0.0397 0.0575
1 0.2905 0.7171 0.0287 0.0547
1 0.3165 0.7194 0.0275 0.0550
1 0.2900 0.7539 0.0278 0.0148
1 0.3170 0.7582 0.0271 0.0233
1 0.3469 0.7204 0.0320 0.0571
1 0.3763 0.7194 0.0278 0.0557
1 0.4170 0.7220 0.0534 0.0561
1 0.3456 0.7776 0.0314 0.0578
1 0.3748 0.7781 0.0286 0.0582
1 0.4154 0.7802 0.0535 0.0575
1 0.4141 0.8380 0.0551 0.0575
1 0.3727 0.8371 0.0287 0.0578
1 0.3467 0.8364 0.0245 0.0585
1 0.6379 0.0870 0.0249 0.0453
1 0.6390 0.1316 0.0234 0.0440
1 0.6401 0.1767 0.0241 0.0427
1 0.6411 0.2213 0.0256 0.0440
1 0.6418 0.2681 0.0260 0.0444
1 0.6434 0.3149 0.0266 0.0491
1 0.4956 0.1189 0.0292 0.0491
1 0.5345 0.1234 0.0486 0.0487
1 0.5821 0.1249 0.0460 0.0491
1 0.4956 0.1632 0.0292 0.0453
1 0.4947 0.2095 0.0286 0.0457
1 0.4943 0.2577 0.0296 0.0457
1 0.4946 0.3041 0.0290 0.0470
1 0.5345 0.1687 0.0478 0.0419
1 0.5823 0.1697 0.0463 0.0474
1 0.5349 0.2129 0.0493 0.0432
1 0.5830 0.2165 0.0469 0.0470
1 0.5349 0.2611 0.0499 0.0457
1 0.5838 0.2634 0.0471 0.0504
1 0.5344 0.3089 0.0507 0.0499
1 0.5844 0.3106 0.0467 0.0499
1 0.5851 0.3586 0.0475 0.0495
1 0.5349 0.3557 0.0507 0.0478
1 0.4944 0.3538 0.0286 0.0491
1 0.4935 0.4031 0.0284 0.0487
1 0.5354 0.4057 0.0512 0.0473
1 0.5857 0.4075 0.0469 0.0508
1 0.4938 0.4532 0.0301 0.0525
1 0.5354 0.4576 0.0521 0.0480
1 0.5859 0.4593 0.0476 0.0550
1 0.4938 0.5054 0.0298 0.0504
1 0.5361 0.5090 0.0519 0.0494
1 0.5875 0.5105 0.0480 0.0480
1 0.5874 0.5623 0.0485 0.0536
1 0.4928 0.6136 0.0306 0.0504
1 0.5356 0.6154 0.0532 0.0497
1 0.5876 0.6145 0.0491 0.0508
1 0.4604 0.6667 0.0311 0.0529
1 0.4922 0.6672 0.0315 0.0532
1 0.5361 0.6705 0.0535 0.0529
1 0.5886 0.6688 0.0505 0.0522
1 0.4596 0.7234 0.0314 0.0557
1 0.4921 0.7238 0.0320 0.0578
1 0.5357 0.7266 0.0543 0.0536
1 0.5889 0.7266 0.0508 0.0536
1 0.4589 0.7800 0.0319 0.0568
1 0.4913 0.7800 0.0330 0.0561
1 0.5360 0.7844 0.0552 0.0564
1 0.5899 0.7827 0.0515 0.0557
1 0.4580 0.8385 0.0331 0.0575
1 0.4915 0.8384 0.0333 0.0592
1 0.5360 0.8424 0.0551 0.0561
1 0.5900 0.8407 0.0521 0.0568
1 0.6718 0.3162 0.0290 0.0543
1 0.6965 0.3184 0.0224 0.0501
1 0.7217 0.3208 0.0312 0.0522
1 0.7600 0.3231 0.0477 0.0561
1 0.7966 0.3272 0.0281 0.0494
1 0.8236 0.3298 0.0284 0.0476
1 0.8587 0.3305 0.0438 0.0494
1 0.6444 0.3640 0.0282 0.0515
1 0.6463 0.4123 0.0282 0.0501
1 0.6477 0.4629 0.0282 0.0525
1 0.6481 0.5136 0.0297 0.0525
1 0.6728 0.3654 0.0295 0.0473
1 0.6980 0.3671 0.0223 0.0465
1 0.7240 0.3705 0.0323 0.0504
1 0.7625 0.3736 0.0474 0.0490
1 0.7992 0.3775 0.0286 0.0476
1 0.8259 0.3774 0.0287 0.0487
1 0.6743 0.4133 0.0271 0.0473
1 0.6990 0.4151 0.0206 0.0473
1 0.7249 0.4191 0.0300 0.0469
1 0.7645 0.4225 0.0468 0.0472
1 0.8013 0.4253 0.0281 0.0480
1 0.8280 0.4262 0.0281 0.0490
1 0.6755 0.4621 0.0282 0.0504
1 0.7011 0.4653 0.0229 0.0490
1 0.7272 0.4673 0.0315 0.0494
1 0.7667 0.4699 0.0487 0.0511
1 0.8036 0.4734 0.0278 0.0497
1 0.8306 0.4756 0.0279 0.0490
1 0.6771 0.5143 0.0298 0.0532
1 0.7024 0.5157 0.0226 0.0532
1 0.7293 0.5186 0.0320 0.0511
1 0.8063 0.5221 0.0300 0.0518
1 0.6500 0.5653 0.0297 0.0536
1 0.6784 0.5670 0.0303 0.0515
1 0.7042 0.5674 0.0239 0.0508
1 0.7305 0.5683 0.0341 0.0525
1 0.7706 0.5711 0.0505 0.0512
1 0.8092 0.5734 0.0292 0.0515
1 0.6513 0.6175 0.0286 0.0543
1 0.6796 0.6187 0.0293 0.0547
1 0.7058 0.6191 0.0243 0.0518
1 0.7329 0.6205 0.0330 0.0525
1 0.7727 0.6219 0.0491 0.0547
1 0.8109 0.6226 0.0301 0.0504
1 0.6520 0.6711 0.0290 0.0529
1 0.6809 0.6723 0.0306 0.0554
1 0.7350 0.6741 0.0328 0.0553
1 0.7745 0.6744 0.0490 0.0532
1 0.8132 0.6758 0.0315 0.0525
1 0.6539 0.7272 0.0311 0.0550
1 0.6831 0.7276 0.0288 0.0525
1 0.7089 0.7272 0.0235 0.0542
1 0.7366 0.7274 0.0331 0.0529
1 0.8154 0.7259 0.0316 0.0508
1 0.7771 0.7289 0.0486 0.0533
1 0.6545 0.7824 0.0294 0.0563
1 0.7686 0.5202 0.0490 0.0536
1 0.6553 0.8399 0.0309 0.0571
1 0.6859 0.8401 0.0299 0.0575
1 0.7109 0.7818 0.0239 0.0542
1 0.7381 0.7835 0.0330 0.0558
1 0.7786 0.7813 0.0486 0.0542
1 0.7823 0.8380 0.0514 0.0550
1 0.7125 0.8393 0.0249 0.0550
1 0.7407 0.8399 0.0345 0.0554
1 0.8222 0.8370 0.0330 0.0571
1 0.8610 0.3783 0.0439 0.0478
1 0.8636 0.4257 0.0475 0.0470
1 0.8658 0.4740 0.0460 0.0496
1 0.8362 0.5719 0.0296 0.0542
1 0.8336 0.5230 0.0298 0.0495
1 0.8697 0.5220 0.0461 0.0491
1 0.9129 0.5222 0.0422 0.0470
1 0.8400 0.6222 0.0297 0.0542
1 0.8427 0.6743 0.0294 0.0499
1 0.8448 0.7265 0.0299 0.0554
1 0.9150 0.5715 0.0433 0.0558
1 0.8795 0.6751 0.0458 0.0516
1 0.8765 0.6237 0.0439 0.0537
1 0.9187 0.6250 0.0443 0.0520
1 0.8824 0.7282 0.0460 0.0580
1 0.9230 0.6745 0.0427 0.0495
1 0.9269 0.7266 0.0450 0.0547
1 0.8490 0.7813 0.0303 0.0525
1 0.8858 0.7813 0.0452 0.0575
1 0.9307 0.7813 0.0469 0.0559
1 0.8534 0.8366 0.0324 0.0554
1 0.8901 0.8374 0.0463 0.0563
1 0.9341 0.8366 0.0442 0.0537
3 0.6562 0.9062 0.0280 0.0691
3 0.6868 0.9011 0.0280 0.0594
3 0.7147 0.8983 0.0237 0.0538
3 0.7431 0.9044 0.0334 0.0660
3 0.7849 0.9009 0.0506 0.0630
1 0.9946 0.4837 0.0108 0.0423
2 0.8246 0.8981 0.0323 0.0645
3 0.8544 0.8966 0.0296 0.0614
1 0.9935 0.6379 0.0130 0.0419
1 0.9963 0.5216 0.0074 0.0368
1 0.9407 0.5243 0.0113 0.0347
1 0.9424 0.5567 0.0111 0.0351
1 0.9484 0.6210 0.0128 0.0385
1 0.9459 0.5870 0.0124 0.0322
1 0.9503 0.6564 0.0122 0.0355
1 0.9531 0.6900 0.0124 0.0334
1 0.9564 0.7253 0.0137 0.0381
1 0.9578 0.7611 0.0124 0.0317
1 0.9619 0.7960 0.0121 0.0372
1 0.9960 0.6742 0.0079 0.0366
3 0.9976 0.5600 0.0049 0.0376
3 0.9631 0.8332 0.0128 0.0355
1 0.9388 0.4877 0.0117 0.0411
1 0.9398 0.4448 0.0191 0.0279
1 0.9918 0.5996 0.0164 0.0407
3 0.9372 0.8983 0.0416 0.0641
3 0.8934 0.8958 0.0461 0.0518
1 0.5362 0.5614 0.0521 0.0512
1 0.4937 0.5588 0.0298 0.0523
1 0.9093 0.4742 0.0451 0.0491
1 0.9062 0.4289 0.0443 0.0432
1 0.9032 0.3828 0.0447 0.0482
1 0.9001 0.3328 0.0445 0.0483
