2 0.2865 0.6709 0.0950 0.0837
2 0.9834 0.6918 0.0332 0.0980
2 0.9551 0.3572 0.0893 0.0464
3 0.2421 0.5186 0.0749 0.0651
2 0.8464 0.3577 0.0664 0.0509
2 0.7357 0.4048 0.1110 0.0566
3 0.1781 0.5186 0.0771 0.0708
3 0.5240 0.5917 0.1434 0.0746
3 0.5206 0.3480 0.1230 0.0509
3 0.7553 0.5305 0.1159 0.0641
2 0.9479 0.6970 0.1041 0.1169
3 0.6563 0.5969 0.1272 0.0670
2 0.2361 0.2882 0.0628 0.0509
2 0.2780 0.3411 0.0645 0.0510
2 0.3433 0.2903 0.0679 0.0509
2 0.2555 0.4548 0.0704 0.0567
2 0.2882 0.2896 0.0594 0.0518
2 0.8789 0.3051 0.0608 0.0543
2 0.9655 0.4128 0.0689 0.0623
2 0.9464 0.3059 0.1057 0.0562
3 0.7730 0.6007 0.1205 0.0679
2 0.8315 0.3049 0.0650 0.0566
3 0.3085 0.5191 0.0877 0.0661
2 0.3264 0.3965 0.0713 0.0533
2 0.4019 0.4553 0.1052 0.0601
2 0.2093 0.6680 0.0848 0.0803
2 0.7899 0.6974 0.1501 0.1189
2 0.9759 0.4705 0.0483 0.0568
3 0.9862 0.5351 0.0277 0.0638
2 0.4171 0.2929 0.0967 0.0538
2 0.6417 0.4619 0.1152 0.0632
2 0.1362 0.6870 0.0976 0.1170
2 0.8245 0.4675 0.0707 0.0613
2 0.7474 0.4656 0.1159 0.0613
2 0.9132 0.4124 0.0657 0.0547
3 0.8966 0.5333 0.0747 0.0642
3 0.8568 0.6017 0.0644 0.0689
3 0.9129 0.6036 0.0678 0.0689
2 0.9319 0.4699 0.0721 0.0603
2 0.3900 0.6737 0.1222 0.0848
2 0.4112 0.3422 0.0984 0.0510
2 0.3340 0.3422 0.0713 0.0510
2 0.2246 0.3400 0.0662 0.0487
2 0.2119 0.3948 0.0730 0.0567
2 0.2678 0.3960 0.0662 0.0567
2 0.4070 0.3971 0.0984 0.0544
2 0.1987 0.4531 0.0721 0.0601
2 0.3192 0.4537 0.0755 0.0567
2 0.6686 0.6974 0.1417 0.1302
2 0.6245 0.2997 0.0954 0.0547
2 0.7149 0.3007 0.1004 0.0575
2 0.7831 0.3030 0.0573 0.0547
2 0.8969 0.3605 0.0643 0.0528
2 0.8103 0.4077 0.0636 0.0509
2 0.6294 0.3506 0.1018 0.0518
3 0.3912 0.5912 0.1202 0.0764
3 0.6492 0.5281 0.1173 0.0670
3 0.5211 0.2967 0.1171 0.0520
3 0.5202 0.3989 0.1255 0.0554
3 0.5210 0.6924 0.1493 0.1221
3 0.8052 0.4995 0.0017 0.0011
3 0.9696 0.6022 0.0608 0.0660
3 0.8417 0.5318 0.0746 0.0679
3 0.3976 0.5191 0.1159 0.0661
3 0.5244 0.5227 0.1357 0.0701
3 0.5257 0.4577 0.1383 0.0599
2 0.8814 0.6975 0.0926 0.1216
2 0.6357 0.4020 0.1089 0.0584
3 0.2972 0.5903 0.0905 0.0727
3 0.1608 0.5912 0.0862 0.0727
3 0.2276 0.5912 0.0799 0.0727
2 0.8626 0.4110 0.0679 0.0518
2 0.8792 0.4685 0.0714 0.0613
2 0.7955 0.3549 0.0594 0.0528
2 0.7248 0.3525 0.1046 0.0537
3 0.9526 0.5348 0.0583 0.0632
