1 0.8839 0.6709 0.0193 0.0665
2 0.8131 0.3335 0.0116 0.0617
2 0.9228 0.3813 0.0201 0.0702
2 0.7898 0.5649 0.0111 0.0418
2 0.2862 0.8584 0.0490 0.1125
2 0.7258 0.7747 0.0380 0.0782
2 0.8478 0.7858 0.0244 0.0528
2 0.8619 0.2533 0.0160 0.0678
2 0.8803 0.3058 0.0173 0.0636
2 0.9718 0.7951 0.0085 0.0523
2 0.5269 0.4867 0.0237 0.0379
2 0.8200 0.1669 0.0126 0.0617
2 0.7767 0.7721 0.0152 0.0447
1 0.8265 0.4920 0.0134 0.0482
1 0.8839 0.6040 0.0200 0.0655
2 0.9306 0.1283 0.0190 0.0767
2 0.6228 0.6878 0.0363 0.0780
1 0.9598 0.5218 0.0167 0.0546
2 0.5498 0.4904 0.0226 0.0373
2 0.4952 0.5266 0.0128 0.0339
1 0.9246 0.4998 0.0178 0.0572
1 0.9272 0.7269 0.0195 0.0682
1 0.8279 0.7256 0.0153 0.0636
1 0.9248 0.5554 0.0191 0.0682
2 0.7225 0.4713 0.0079 0.0298
2 0.8017 0.5612 0.0126 0.0424
1 0.8476 0.7261 0.0246 0.0702
2 0.5267 0.4511 0.0234 0.0379
2 0.8689 0.7882 0.0188 0.0550
1 0.8142 0.6638 0.0140 0.0599
2 0.1940 0.7522 0.0680 0.1011
2 0.1440 0.8446 0.0331 0.0915
1 0.9458 0.7360 0.0173 0.0591
2 0.9031 0.2507 0.0133 0.0640
1 0.9432 0.5632 0.0182 0.0632
2 0.9558 0.3571 0.0182 0.0706
2 0.8022 0.7719 0.0126 0.0458
1 0.8284 0.6643 0.0156 0.0627
1 0.8139 0.5492 0.0134 0.0608
1 0.8276 0.5483 0.0134 0.0571
2 0.6621 0.8561 0.0452 0.0859
2 0.5782 0.7670 0.0548 0.0910
2 0.5070 0.5220 0.0137 0.0384
2 0.8683 0.8574 0.0194 0.0793
2 0.9384 0.3425 0.0187 0.0687
2 0.9600 0.7937 0.0143 0.0541
2 0.4498 0.7624 0.0303 0.0933
2 0.4808 0.6752 0.0307 0.0847
1 0.9107 0.6116 0.0104 0.0715
2 0.8433 0.3201 0.0240 0.0697
2 0.5772 0.8563 0.0550 0.0921
1 0.8477 0.6044 0.0250 0.0627
2 0.7905 0.6889 0.0113 0.0401
2 0.5081 0.4876 0.0115 0.0395
2 0.4952 0.4961 0.0128 0.0385
2 0.7905 0.6479 0.0113 0.0407
2 0.7520 0.8609 0.0171 0.0966
1 0.8144 0.4949 0.0123 0.0500
2 0.9188 0.2674 0.0204 0.0730
1 0.8663 0.6671 0.0128 0.0665
2 0.9570 0.4642 0.0157 0.0626
2 0.6365 0.5079 0.0070 0.0296
2 0.8631 0.3112 0.0180 0.0659
2 0.8141 0.4444 0.0119 0.0555
2 0.8656 0.3677 0.0182 0.0621
2 0.9260 0.7909 0.0182 0.0617
2 0.6030 0.5212 0.0143 0.0322
2 0.9776 0.4811 0.0251 0.0637
2 0.8575 0.1379 0.0166 0.0603
2 0.5704 0.4571 0.0218 0.0418
2 0.9001 0.8380 0.0108 0.0305
2 0.6368 0.4805 0.0068 0.0273
2 0.8363 0.0996 0.0224 0.0711
2 0.9016 0.1977 0.0144 0.0654
2 0.7761 0.8112 0.0156 0.0373
1 0.8279 0.6063 0.0140 0.0571
1 0.9437 0.6220 0.0204 0.0638
2 0.8072 0.1210 0.0122 0.0546
2 0.6965 0.6923 0.0222 0.0825
2 0.8381 0.1528 0.0239 0.0692
1 0.9610 0.6257 0.0156 0.0676
2 0.8234 0.2756 0.0133 0.0617
2 0.8225 0.2215 0.0127 0.0607
1 0.9106 0.5446 0.0115 0.0676
2 0.4805 0.7616 0.0311 0.0926
2 0.9440 0.8568 0.0169 0.0711
1 0.9117 0.6690 0.0124 0.0629
1 0.9259 0.6088 0.0199 0.0711
2 0.8085 0.1737 0.0118 0.0574
2 0.6027 0.4901 0.0145 0.0322
1 0.8669 0.7298 0.0128 0.0627
2 0.7901 0.5248 0.0119 0.0377
2 0.8189 0.1146 0.0121 0.0607
2 0.8416 0.2629 0.0234 0.0683
2 0.5784 0.6817 0.0556 0.0865
2 0.8954 0.3594 0.0138 0.0673
2 0.9528 0.2542 0.0191 0.0730
1 0.8477 0.6624 0.0237 0.0683
2 0.4808 0.8596 0.0307 0.0989
2 0.7770 0.7304 0.0157 0.0434
2 0.8984 0.1386 0.0155 0.0706
2 0.8270 0.4395 0.0137 0.0589
2 0.2876 0.6609 0.0503 0.0938
2 0.5233 0.7633 0.0550 0.0938
2 0.8973 0.0880 0.0132 0.0678
2 0.7766 0.5250 0.0163 0.0401
2 0.6953 0.7728 0.0224 0.0830
2 0.4048 0.8650 0.0567 0.1130
2 0.9569 0.4115 0.0160 0.0692
2 0.8292 0.7842 0.0145 0.0576
2 0.9136 0.1069 0.0207 0.0753
2 0.7770 0.6897 0.0154 0.0391
1 0.8663 0.4819 0.0169 0.0488
2 0.9235 0.4406 0.0207 0.0673
2 0.8022 0.6860 0.0120 0.0401
1 0.8995 0.6048 0.0111 0.0618
2 0.9709 0.2766 0.0233 0.0675
2 0.8966 0.4213 0.0135 0.0565
2 0.7771 0.6497 0.0157 0.0391
2 0.4063 0.6690 0.0582 0.0915
2 0.9730 0.3319 0.0242 0.0659
2 0.9714 0.8523 0.0088 0.0621
2 0.9596 0.8542 0.0138 0.0678
2 0.8992 0.7911 0.0110 0.0622
2 0.8754 0.1878 0.0152 0.0621
2 0.9746 0.3794 0.0245 0.0706
2 0.8250 0.3295 0.0127 0.0631
2 0.8016 0.6052 0.0128 0.0424
2 0.7250 0.8584 0.0392 0.0893
2 0.8736 0.1283 0.0162 0.0598
1 0.8834 0.4744 0.0182 0.0521
1 0.9775 0.6863 0.0171 0.0611
2 0.8553 0.0854 0.0157 0.0683
2 0.3449 0.6667 0.0653 0.0938
2 0.6953 0.8576 0.0209 0.0876
2 0.5882 0.4605 0.0149 0.0351
2 0.7220 0.4426 0.0081 0.0276
1 0.9125 0.7282 0.0126 0.0669
2 0.8867 0.1255 0.0152 0.0701
2 0.7767 0.5654 0.0158 0.0420
2 0.9691 0.2260 0.0261 0.0725
2 0.8141 0.3898 0.0119 0.0537
2 0.9756 0.4292 0.0253 0.0753
2 0.8163 0.7838 0.0113 0.0542
2 0.9087 0.4294 0.0135 0.0635
2 0.9059 0.3126 0.0135 0.0702
2 0.6369 0.5375 0.0083 0.0312
2 0.9825 0.8450 0.0144 0.0438
2 0.8816 0.3597 0.0168 0.0640
1 0.8990 0.5417 0.0113 0.0669
2 0.5495 0.5226 0.0218 0.0351
2 0.5885 0.4927 0.0143 0.0350
2 0.6218 0.8564 0.0362 0.0876
2 0.7225 0.5571 0.0076 0.0282
2 0.1940 0.8556 0.0684 0.1090
1 0.8147 0.7251 0.0131 0.0627
2 0.9170 0.2137 0.0191 0.0739
1 0.8457 0.4878 0.0264 0.0527
2 0.3443 0.7577 0.0657 0.0960
1 0.9270 0.6680 0.0208 0.0674
2 0.8461 0.4331 0.0245 0.0668
2 0.7223 0.5831 0.0076 0.0227
2 0.7228 0.5276 0.0078 0.0287
2 0.9334 0.1848 0.0177 0.0697
1 0.9604 0.5696 0.0167 0.0590
1 0.8833 0.5352 0.0187 0.0683
1 0.9000 0.7303 0.0140 0.0599
2 0.9148 0.1598 0.0209 0.0744
1 0.9004 0.6701 0.0119 0.0624
2 0.9071 0.3710 0.0133 0.0654
1 0.8839 0.7303 0.0212 0.0599
2 0.5707 0.5243 0.0220 0.0362
2 0.7900 0.8196 0.0126 0.0497
1 0.9786 0.5795 0.0210 0.0618
1 0.9614 0.7377 0.0139 0.0624
2 0.8849 0.0737 0.0132 0.0673
2 0.2446 0.7516 0.0350 0.0965
1 0.9423 0.5111 0.0195 0.0514
2 0.8711 0.0739 0.0165 0.0621
2 0.7907 0.7281 0.0120 0.0418
2 0.8265 0.3832 0.0129 0.0621
1 0.9615 0.6814 0.0145 0.0669
2 0.9545 0.3044 0.0191 0.0697
2 0.7902 0.6067 0.0126 0.0407
2 0.6022 0.4619 0.0143 0.0288
2 0.8827 0.4213 0.0154 0.0622
2 0.8017 0.5222 0.0129 0.0391
2 0.9410 0.4529 0.0171 0.0654
2 0.8116 0.2832 0.0105 0.0504
2 0.8447 0.3745 0.0245 0.0683
2 0.6634 0.6903 0.0460 0.0808
1 0.8981 0.4819 0.0122 0.0591
2 0.9662 0.1765 0.0231 0.0791
2 0.8401 0.2081 0.0228 0.0716
2 0.7905 0.7727 0.0113 0.0441
2 0.5705 0.4933 0.0209 0.0362
1 0.8671 0.6049 0.0144 0.0655
2 0.8596 0.1944 0.0176 0.0678
2 0.9498 0.2043 0.0163 0.0683
2 0.9440 0.7923 0.0168 0.0589
1 0.9456 0.6795 0.0182 0.0669
1 0.8661 0.5389 0.0143 0.0665
2 0.1441 0.6564 0.0345 0.0915
2 0.8667 0.4256 0.0171 0.0631
1 0.8462 0.5403 0.0268 0.0618
2 0.9475 0.1497 0.0182 0.0744
2 0.9107 0.8438 0.0108 0.0442
2 0.8016 0.6465 0.0117 0.0424
1 0.9771 0.6350 0.0171 0.0611
2 0.5082 0.4554 0.0139 0.0475
2 0.9110 0.7911 0.0127 0.0612
2 0.9833 0.7972 0.0144 0.0508
2 0.4506 0.6732 0.0305 0.0910
2 0.9202 0.3253 0.0199 0.0758
2 0.9260 0.8469 0.0179 0.0541
2 0.8020 0.8148 0.0117 0.0492
2 0.7771 0.6090 0.0147 0.0452
2 0.6630 0.7731 0.0460 0.0825
2 0.8023 0.7278 0.0128 0.0401
2 0.4061 0.7596 0.0578 0.0966
2 0.5883 0.5252 0.0147 0.0323
1 0.8147 0.6091 0.0156 0.0571
2 0.5492 0.4548 0.0213 0.0384
2 0.6230 0.7714 0.0375 0.0836
2 0.9369 0.2843 0.0199 0.0777
2 0.8781 0.2483 0.0169 0.0551
2 0.5269 0.5204 0.0245 0.0361
2 0.4495 0.8622 0.0313 0.1107
2 0.1949 0.6567 0.0685 0.0955
2 0.8913 0.2446 0.0141 0.0640
2 0.8887 0.1885 0.0130 0.0631
2 0.5233 0.6760 0.0561 0.0876
1 0.9790 0.7409 0.0195 0.0559
2 0.9354 0.2363 0.0198 0.0767
2 0.3438 0.8630 0.0655 0.1169
2 0.4948 0.4639 0.0134 0.0396
2 0.8109 0.2283 0.0113 0.0612
2 0.8936 0.3032 0.0124 0.0565
2 0.1440 0.7502 0.0331 0.0972
2 0.2466 0.6590 0.0331 0.0899
2 0.2443 0.8578 0.0333 0.1147
2 0.7525 0.7754 0.0169 0.0739
2 0.2864 0.7545 0.0493 0.1011
2 0.5225 0.8588 0.0546 0.0938
2 0.9406 0.3976 0.0182 0.0687
1 0.9782 0.5313 0.0210 0.0539
2 0.7227 0.5000 0.0076 0.0298
2 0.8475 0.8513 0.0244 0.0740
1 0.9105 0.4894 0.0113 0.0546
