2 0.0800 0.3354 0.1444 0.1302
2 0.4771 0.1863 0.2209 0.1480
2 0.9685 0.5170 0.0629 0.1786
2 0.9597 0.1523 0.0800 0.1262
2 0.2450 0.3358 0.1988 0.1288
2 0.8428 0.3359 0.1777 0.1751
2 0.9788 0.7426 0.0411 0.2604
2 0.8568 0.7363 0.1993 0.2794
2 0.2186 0.6589 0.2020 0.2225
2 0.2304 0.4743 0.2059 0.1543
2 0.4589 0.4982 0.2598 0.1714
2 0.4628 0.3392 0.2444 0.1495
2 0.6675 0.1756 0.1559 0.1343
2 0.8470 0.4934 0.1843 0.1542
2 0.8286 0.1633 0.1791 0.1703
2 0.0628 0.6388 0.1122 0.2147
2 0.6673 0.7050 0.1627 0.2638
2 0.9630 0.3262 0.0740 0.1883
2 0.2531 0.1965 0.1839 0.1451
2 0.6682 0.4970 0.1713 0.1662
2 0.0753 0.4607 0.1347 0.1450
2 0.0945 0.2111 0.1296 0.1112
2 0.4475 0.6983 0.2489 0.2461
2 0.6673 0.3364 0.1696 0.1611
