1 0.6342 0.6836 0.0664 0.0259
1 0.2797 0.6422 0.1435 0.0272
1 0.4533 0.7141 0.1407 0.0267
3 0.6825 0.5325 0.1437 0.0299
1 0.6567 0.4543 0.1421 0.0275
3 0.4572 0.4323 0.0928 0.0230
1 0.3589 0.4612 0.1273 0.0273
2 0.6365 0.3721 0.1348 0.0304
3 0.3826 0.5415 0.1357 0.0285
1 0.2531 0.5680 0.1459 0.0271
1 0.6144 0.6346 0.0629 0.0259
3 0.4253 0.7636 0.0582 0.0240
1 0.8420 0.5766 0.1377 0.0249
3 0.5541 0.6616 0.0968 0.0244
1 0.2411 0.5441 0.1391 0.0284
1 0.4120 0.6142 0.1326 0.0248
1 0.3027 0.6910 0.1479 0.0276
3 0.6554 0.4277 0.1317 0.0276
1 0.6967 0.5803 0.1244 0.0253
1 0.7427 0.7063 0.1338 0.0226
3 0.4227 0.7390 0.0608 0.0236
1 0.5996 0.5845 0.0641 0.0270
1 0.7964 0.4501 0.1349 0.0268
1 0.8094 0.4745 0.1377 0.0251
1 0.3948 0.5640 0.1321 0.0259
3 0.5710 0.5089 0.0640 0.0294
1 0.3248 0.7606 0.1339 0.0194
1 0.2922 0.6670 0.1512 0.0261
3 0.5146 0.5617 0.0918 0.0280
3 0.4024 0.5899 0.1314 0.0284
1 0.7346 0.6814 0.1253 0.0261
1 0.8385 0.5537 0.1382 0.0235
2 0.3209 0.3841 0.1505 0.0337
2 0.1919 0.3874 0.1160 0.0328
3 0.7899 0.4242 0.1257 0.0236
3 0.5625 0.4828 0.0624 0.0277
3 0.6085 0.6091 0.0593 0.0257
1 0.2702 0.6168 0.1481 0.0247
1 0.6724 0.5061 0.1377 0.0283
1 0.4321 0.6651 0.1313 0.0286
1 0.8684 0.6540 0.1393 0.0261
3 0.5649 0.7106 0.0862 0.0256
2 0.7730 0.3687 0.1341 0.0294
1 0.3200 0.7392 0.1371 0.0266
2 0.4536 0.4061 0.1116 0.0263
1 0.8858 0.7033 0.1365 0.0225
3 0.4428 0.6891 0.1463 0.0296
3 0.5189 0.5874 0.0991 0.0286
1 0.2314 0.5179 0.1413 0.0276
1 0.8279 0.5273 0.1370 0.0269
3 0.3459 0.4367 0.1229 0.0198
3 0.4724 0.4583 0.1058 0.0282
1 0.2608 0.5938 0.1440 0.0280
2 0.6458 0.3998 0.1359 0.0270
3 0.3654 0.4887 0.1347 0.0303
1 0.8168 0.5022 0.1421 0.0252
2 0.5310 0.3767 0.0875 0.0320
1 0.6645 0.4787 0.1342 0.0273
1 0.8938 0.7260 0.1326 0.0228
2 0.7761 0.3979 0.1255 0.0244
3 0.5396 0.6370 0.0926 0.0264
1 0.6885 0.5579 0.1451 0.0268
2 0.4449 0.3791 0.1040 0.0324
3 0.4927 0.5100 0.1017 0.0285
3 0.4237 0.6409 0.1380 0.0274
2 0.5419 0.4013 0.0811 0.0243
1 0.3735 0.5122 0.1297 0.0266
3 0.7184 0.6337 0.1358 0.0274
3 0.5616 0.6848 0.0823 0.0271
1 0.2206 0.4910 0.1409 0.0280
3 0.5539 0.4567 0.0662 0.0311
3 0.2137 0.4410 0.1182 0.0268
1 0.5588 0.7325 0.0498 0.0228
3 0.6388 0.7086 0.0525 0.0219
1 0.8762 0.6767 0.1383 0.0261
3 0.5009 0.5356 0.0982 0.0261
1 0.3084 0.7141 0.1445 0.0250
3 0.5815 0.5345 0.0641 0.0289
3 0.5453 0.4292 0.0748 0.0219
1 0.7061 0.6083 0.1277 0.0261
3 0.7266 0.6584 0.1322 0.0254
2 0.3300 0.4110 0.1426 0.0290
3 0.5889 0.5608 0.0567 0.0296
1 0.2158 0.4661 0.1383 0.0272
3 0.5303 0.6118 0.0950 0.0261
3 0.4841 0.4848 0.1005 0.0295
3 0.6258 0.6599 0.0656 0.0283
1 0.8580 0.6279 0.1351 0.0243
2 0.1991 0.4153 0.1166 0.0305
1 0.8493 0.6042 0.1436 0.0258
