3 0.2746 0.5288 0.1430 0.0596
3 0.8492 0.7303 0.1384 0.0706
3 0.3451 0.1890 0.1109 0.0335
2 0.4061 0.7325 0.1757 0.0786
3 0.6256 0.3611 0.2188 0.0447
2 0.2192 0.9105 0.1886 0.1110
3 0.6223 0.2299 0.1979 0.0361
2 0.0666 0.9107 0.1332 0.1026
3 0.2403 0.7340 0.1552 0.0684
2 0.4658 0.1552 0.1132 0.0324
3 0.2530 0.6607 0.1468 0.0647
3 0.1113 0.6600 0.1363 0.0657
3 0.8221 0.5248 0.1220 0.0562
3 0.3578 0.1189 0.1023 0.0316
3 0.8418 0.6587 0.1325 0.0657
3 0.8142 0.4654 0.1204 0.0524
3 0.6362 0.6590 0.2615 0.0658
3 0.3081 0.3604 0.1318 0.0499
2 0.8615 0.8096 0.1526 0.0827
3 0.1885 0.3609 0.1136 0.0473
2 0.8722 0.9015 0.1588 0.1027
3 0.8066 0.4116 0.1173 0.0497
3 0.7753 0.2284 0.1014 0.0357
3 0.2040 0.3130 0.1129 0.0436
3 0.6192 0.0896 0.1732 0.0269
3 0.6233 0.1557 0.1842 0.0327
3 0.2296 0.2265 0.0996 0.0404
3 0.7557 0.0870 0.0889 0.0316
3 0.3367 0.2271 0.1169 0.0390
3 0.7829 0.2682 0.1049 0.0402
3 0.7919 0.3147 0.1101 0.0402
3 0.6326 0.5899 0.2534 0.0613
3 0.6231 0.1213 0.1795 0.0315
2 0.4252 0.5292 0.1533 0.0633
2 0.4800 0.0587 0.1030 0.0300
3 0.6216 0.1920 0.1892 0.0342
2 0.4411 0.3634 0.1346 0.0476
3 0.3183 0.3136 0.1236 0.0459
2 0.4314 0.4702 0.1435 0.0518
2 0.4364 0.4143 0.1374 0.0528
3 0.1764 0.4140 0.1217 0.0533
2 0.4068 0.9119 0.1775 0.1116
3 0.1593 0.4672 0.1285 0.0570
3 0.0928 0.7326 0.1424 0.0741
2 0.4630 0.1917 0.1147 0.0346
3 0.8325 0.5884 0.1343 0.0603
3 0.6282 0.3148 0.2159 0.0425
3 0.3517 0.1540 0.1093 0.0353
3 0.3676 0.0864 0.1027 0.0316
2 0.4234 0.5912 0.1595 0.0637
3 0.2862 0.4668 0.1379 0.0555
3 0.6342 0.5258 0.2438 0.0578
2 0.3743 0.0562 0.1013 0.0321
3 0.2639 0.5921 0.1497 0.0612
3 0.6256 0.2700 0.2023 0.0399
3 0.3285 0.2690 0.1180 0.0411
3 0.7624 0.1205 0.0932 0.0318
3 0.2146 0.2688 0.1064 0.0432
3 0.1285 0.5922 0.1317 0.0641
2 0.4517 0.2702 0.1346 0.0431
2 0.4470 0.3142 0.1346 0.0476
2 0.2808 0.0540 0.0893 0.0321
3 0.2523 0.1515 0.0970 0.0341
3 0.7962 0.3599 0.1090 0.0460
2 0.6428 0.8095 0.2778 0.0812
3 0.2631 0.1182 0.0927 0.0334
2 0.4059 0.8127 0.1695 0.0825
3 0.6276 0.4120 0.2234 0.0464
3 0.7496 0.0561 0.0836 0.0271
2 0.4729 0.0889 0.1069 0.0295
3 0.7664 0.1547 0.0972 0.0335
2 0.4179 0.6601 0.1615 0.0698
2 0.2322 0.8108 0.1739 0.0819
3 0.1405 0.5275 0.1282 0.0586
2 0.4695 0.1218 0.1115 0.0304
3 0.7732 0.1904 0.0992 0.0351
3 0.6292 0.4672 0.2371 0.0521
2 0.4597 0.2301 0.1214 0.0382
2 0.6205 0.0593 0.1696 0.0330
3 0.6397 0.7321 0.2716 0.0681
2 0.6382 0.9158 0.2960 0.1237
3 0.2975 0.4114 0.1328 0.0512
2 0.0787 0.8141 0.1559 0.0835
3 0.2717 0.0864 0.0903 0.0330
3 0.2413 0.1886 0.1003 0.0379
