1 0.2166 0.7019 0.0569 0.0882
1 0.5192 0.3082 0.0214 0.0678
1 0.0325 0.7950 0.0307 0.0870
1 0.8642 0.1851 0.0256 0.0588
1 0.5180 0.2405 0.0214 0.0678
1 0.6822 0.3646 0.0235 0.0577
1 0.3924 0.3821 0.0276 0.0746
1 0.3022 0.8756 0.0280 0.0922
1 0.9058 0.5500 0.0249 0.0696
1 0.7827 0.3601 0.0268 0.0607
1 0.0461 0.6265 0.0343 0.0834
1 0.0744 0.6263 0.0280 0.0846
1 0.0807 0.5444 0.0293 0.0840
1 0.7779 0.3012 0.0268 0.0667
1 0.0950 0.3919 0.0270 0.0768
1 0.8415 0.4240 0.0401 0.0684
1 0.8696 0.4228 0.0228 0.0636
1 0.8838 0.5535 0.0226 0.0690
1 0.9140 0.6151 0.0251 0.0738
1 0.8610 0.6280 0.0403 0.0768
1 0.8688 0.7022 0.0420 0.0858
1 0.8539 0.5560 0.0395 0.0672
1 0.8627 0.3588 0.0222 0.0654
1 0.8564 0.2979 0.0213 0.0624
1 0.8289 0.2979 0.0394 0.0624
1 0.8008 0.2985 0.0257 0.0624
1 0.8435 0.1829 0.0210 0.0606
1 0.8173 0.1833 0.0372 0.0600
1 0.7898 0.1824 0.0249 0.0618
1 0.8384 0.1265 0.0218 0.0618
1 0.8119 0.1235 0.0362 0.0642
1 0.5956 0.5114 0.0250 0.0809
1 0.4410 0.6857 0.0275 0.0860
1 0.6524 0.2405 0.0259 0.0576
1 0.5160 0.1090 0.0214 0.0678
1 0.5384 0.1747 0.0251 0.0678
1 0.5642 0.2425 0.0278 0.0540
1 0.4410 0.6033 0.0275 0.0860
1 0.7483 0.3075 0.0424 0.0505
1 0.5478 0.5178 0.0281 0.0734
1 0.5436 0.3767 0.0278 0.0678
1 0.5427 0.3071 0.0278 0.0703
1 0.5681 0.3726 0.0281 0.0661
1 0.5398 0.2399 0.0238 0.0608
1 0.6488 0.1772 0.0281 0.0734
1 0.6681 0.5081 0.0303 0.0722
1 0.6613 0.4354 0.0303 0.0722
1 0.5989 0.5882 0.0250 0.0809
1 0.6752 0.6553 0.0321 0.0938
1 0.7083 0.3024 0.0431 0.0631
1 0.6708 0.5807 0.0321 0.0938
1 0.5701 0.4421 0.0281 0.0752
1 0.4149 0.8610 0.0280 0.0950
1 0.6221 0.6627 0.0239 0.0798
1 0.5891 0.3041 0.0248 0.0743
1 0.1517 0.1182 0.0493 0.0696
1 0.2149 0.1158 0.0249 0.0696
1 0.2479 0.1158 0.0490 0.0696
1 0.3247 0.1155 0.0260 0.0666
1 0.2879 0.1824 0.0465 0.0708
1 0.2106 0.1827 0.0249 0.0666
1 0.1841 0.1836 0.0360 0.0672
1 0.1460 0.1851 0.0516 0.0678
1 0.0890 0.1872 0.0303 0.0684
1 0.1062 0.2511 0.0294 0.0726
1 0.1805 0.2481 0.0363 0.0714
1 0.2065 0.2481 0.0262 0.0678
1 0.3200 0.2445 0.0260 0.0702
1 0.3183 0.3151 0.0271 0.0768
1 0.2834 0.3163 0.0488 0.0744
1 0.2366 0.3154 0.0516 0.0714
1 0.2021 0.3160 0.0267 0.0738
1 0.1753 0.3193 0.0367 0.0732
1 0.1344 0.3202 0.0548 0.0714
1 0.1979 0.3868 0.0273 0.0810
1 0.2337 0.3871 0.0516 0.0744
1 0.2802 0.3838 0.0490 0.0786
1 0.2290 0.4591 0.0535 0.0780
1 0.0615 0.4678 0.0330 0.0786
1 0.0544 0.5465 0.0341 0.0810
1 0.2748 0.5327 0.0516 0.0798
1 0.1527 0.6218 0.0412 0.0852
1 0.1780 0.7031 0.0309 0.0906
1 0.0966 0.7959 0.0599 0.0912
1 0.1414 0.7944 0.0439 0.0978
1 0.7960 0.2382 0.0294 0.0630
1 0.2115 0.7899 0.0595 0.0984
1 0.0264 0.8803 0.0313 0.0846
1 0.0514 0.8812 0.0303 0.0876
1 0.0911 0.8836 0.0597 0.0924
1 0.1348 0.8827 0.0431 0.0978
1 0.1662 0.8815 0.0335 0.1002
3 0.2035 0.9613 0.0603 0.0774
3 0.1308 0.9646 0.0411 0.0708
3 0.0859 0.9658 0.0601 0.0684
3 0.0485 0.9646 0.0324 0.0708
1 0.0224 0.9622 0.0299 0.0756
1 0.5729 0.5906 0.0281 0.0808
1 0.3430 0.2448 0.0241 0.0710
1 0.3415 0.3137 0.0234 0.0706
1 0.3399 0.3829 0.0243 0.0735
1 0.3155 0.3843 0.0274 0.0764
3 0.4641 0.1114 0.0288 0.0630
1 0.3118 0.5320 0.0287 0.0792
1 0.3363 0.5328 0.0257 0.0765
1 0.2207 0.6176 0.0565 0.0888
3 0.4657 0.3080 0.0290 0.0700
3 0.4683 0.6822 0.0309 0.0890
1 0.3087 0.6141 0.0287 0.0864
1 0.3326 0.6943 0.0282 0.0856
1 0.2677 0.6984 0.0543 0.0879
1 0.3030 0.7808 0.0319 0.0958
1 0.2638 0.7859 0.0570 0.0987
1 0.1473 0.7064 0.0429 0.0924
1 0.3289 0.7798 0.0266 0.0937
1 0.3909 0.4541 0.0281 0.0746
1 0.0401 0.7097 0.0330 0.0882
1 0.2613 0.8737 0.0547 0.1029
1 0.1094 0.6263 0.0586 0.0870
1 0.1227 0.4642 0.0574 0.0798
1 0.3698 0.1122 0.0282 0.0680
1 0.1834 0.6182 0.0318 0.0840
1 0.3940 0.1767 0.0249 0.0700
1 0.1884 0.5384 0.0294 0.0828
1 0.1590 0.5417 0.0403 0.0858
1 0.1170 0.5447 0.0580 0.0846
1 0.3681 0.2443 0.0257 0.0630
1 0.3940 0.2443 0.0264 0.0660
1 0.3662 0.3133 0.0286 0.0741
1 0.3651 0.3831 0.0279 0.0706
1 0.1652 0.4630 0.0395 0.0798
1 0.1926 0.4618 0.0303 0.0762
1 0.3634 0.4533 0.0293 0.0731
1 0.5910 0.3730 0.0226 0.0631
1 0.2777 0.4591 0.0514 0.0816
1 0.3607 0.6109 0.0311 0.0831
1 0.3620 0.5301 0.0312 0.0796
1 0.3901 0.5284 0.0290 0.0761
1 0.3896 0.6097 0.0286 0.0866
1 0.3591 0.6932 0.0320 0.0826
1 0.1704 0.3892 0.0386 0.0774
1 0.0673 0.7106 0.0296 0.0912
1 0.1053 0.7094 0.0558 0.0912
1 0.9201 0.6878 0.0252 0.0774
1 0.3875 0.7755 0.0306 0.0901
1 0.7810 0.7155 0.0469 0.0936
1 0.7199 0.4999 0.0426 0.0720
1 0.1300 0.3901 0.0557 0.0768
1 0.0690 0.3934 0.0328 0.0762
1 0.8770 0.2982 0.0230 0.0630
1 0.7876 0.7973 0.0465 0.0843
1 0.6257 0.7417 0.0239 0.0852
1 0.8774 0.4867 0.0204 0.0666
1 0.3282 0.8710 0.0267 0.0911
1 0.0761 0.3189 0.0324 0.0720
1 0.3563 0.8668 0.0326 0.0925
1 0.1000 0.3211 0.0298 0.0696
1 0.8250 0.5590 0.0297 0.0708
1 0.8309 0.6328 0.0286 0.0768
1 0.3867 0.8645 0.0295 0.0921
1 0.2441 0.1818 0.0493 0.0648
3 0.3552 0.9550 0.0347 0.0900
3 0.2989 0.9575 0.0324 0.0850
1 0.3224 0.1809 0.0258 0.0678
1 0.2911 0.1152 0.0454 0.0660
3 0.4664 0.3784 0.0298 0.0743
1 0.5276 0.7567 0.0265 0.0852
1 0.4915 0.1108 0.0282 0.0642
1 0.1890 0.1185 0.0341 0.0654
1 0.4951 0.4464 0.0295 0.0833
3 0.4684 0.7678 0.0312 0.0942
1 0.1183 0.1194 0.0275 0.0684
1 0.2079 0.8791 0.0578 0.0966
1 0.0952 0.1212 0.0298 0.0696
1 0.7094 0.8092 0.0253 0.0857
1 0.8380 0.7046 0.0274 0.0810
1 0.8978 0.4849 0.0247 0.0654
1 0.7881 0.4246 0.0264 0.0720
1 0.6679 0.1146 0.0208 0.0619
1 0.8843 0.3582 0.0242 0.0630
1 0.7755 0.6395 0.0480 0.0828
1 0.6149 0.4362 0.0226 0.0763
1 0.6863 0.4312 0.0254 0.0756
1 0.7781 0.2388 0.0196 0.0583
1 0.0604 0.7959 0.0283 0.0888
1 0.7688 0.1797 0.0262 0.0577
3 0.4698 0.8525 0.0328 0.1011
1 0.7056 0.7296 0.0266 0.0835
1 0.7646 0.1230 0.0260 0.0619
3 0.2600 0.9598 0.0548 0.0805
1 0.6019 0.1119 0.0241 0.0577
1 0.4949 0.3739 0.0296 0.0684
1 0.4942 0.3085 0.0294 0.0756
3 0.4704 0.9477 0.0342 0.1047
1 0.4922 0.1734 0.0299 0.0642
1 0.4968 0.5217 0.0312 0.0750
1 0.3378 0.4563 0.0255 0.0792
1 0.4399 0.3109 0.0235 0.0751
3 0.3258 0.9569 0.0297 0.0863
1 0.4400 0.3796 0.0235 0.0751
1 0.4995 0.6777 0.0330 0.0846
1 0.3061 0.6933 0.0289 0.0893
3 0.4665 0.5241 0.0312 0.0856
3 0.4662 0.4523 0.0301 0.0804
1 0.7690 0.5690 0.0486 0.0807
1 0.3340 0.6114 0.0255 0.0810
3 0.4652 0.2408 0.0288 0.0684
1 0.8018 0.5611 0.0322 0.0714
1 0.6307 0.2974 0.0226 0.0631
1 0.5602 0.1100 0.0236 0.0619
1 0.8929 0.6217 0.0277 0.0750
1 0.5848 0.1767 0.0226 0.0631
1 0.8078 0.6346 0.0314 0.0780
1 0.5375 0.1090 0.0236 0.0619
1 0.8216 0.7913 0.0322 0.0840
1 0.9262 0.7604 0.0282 0.0774
1 0.5805 0.1149 0.0226 0.0631
1 0.7862 0.1235 0.0279 0.0606
3 0.3871 0.9546 0.0302 0.0909
1 0.5004 0.8496 0.0321 0.0944
1 0.7356 0.7242 0.0492 0.0916
3 0.4647 0.1762 0.0282 0.0702
1 0.7309 0.6486 0.0502 0.0800
1 0.7626 0.4941 0.0490 0.0720
1 0.8230 0.2403 0.0373 0.0612
1 0.8590 0.1256 0.0225 0.0636
1 0.8482 0.4885 0.0410 0.0666
1 0.8355 0.3588 0.0383 0.0606
1 0.8502 0.2397 0.0218 0.0576
1 0.0887 0.4675 0.0276 0.0792
1 0.1121 0.1869 0.0282 0.0654
1 0.6942 0.5740 0.0269 0.0821
1 0.5284 0.8431 0.0271 0.0900
1 0.5790 0.7489 0.0286 0.0840
1 0.5823 0.8316 0.0287 0.0886
1 0.7435 0.8042 0.0471 0.0814
1 0.9055 0.7682 0.0216 0.0834
1 0.8749 0.7748 0.0414 0.0822
1 0.8453 0.7832 0.0292 0.0750
1 0.8159 0.7112 0.0299 0.0798
1 0.6479 0.6610 0.0302 0.0898
1 0.8174 0.4906 0.0276 0.0672
1 0.7943 0.4927 0.0267 0.0702
1 0.6308 0.8221 0.0253 0.0928
1 0.7134 0.3625 0.0420 0.0559
1 0.7530 0.3607 0.0432 0.0583
1 0.8119 0.4243 0.0276 0.0714
1 0.5253 0.5931 0.0250 0.0809
1 0.7590 0.4243 0.0439 0.0738
1 0.8057 0.3582 0.0261 0.0630
1 0.7182 0.4285 0.0434 0.0762
1 0.6193 0.5823 0.0216 0.0835
1 0.6173 0.5085 0.0214 0.0751
1 0.7000 0.6526 0.0233 0.0807
1 0.8908 0.4216 0.0243 0.0660
1 0.8988 0.6944 0.0242 0.0786
1 0.6888 0.5018 0.0251 0.0684
1 0.6520 0.7436 0.0302 0.0898
1 0.7245 0.5715 0.0452 0.0799
1 0.5496 0.5922 0.0250 0.0809
1 0.6433 0.5800 0.0302 0.0898
1 0.5268 0.6749 0.0289 0.0809
1 0.5548 0.8431 0.0271 0.0900
1 0.5535 0.7535 0.0278 0.0852
1 0.6071 0.8308 0.0262 0.0886
1 0.6036 0.7480 0.0269 0.0840
1 0.3936 0.3115 0.0267 0.0726
1 0.3134 0.4549 0.0287 0.0821
1 0.4410 0.5279 0.0275 0.0860
2 0.8687 0.8593 0.0258 0.0504
1 0.5717 0.5170 0.0281 0.0711
1 0.6804 0.7328 0.0321 0.0938
1 0.6835 0.8109 0.0321 0.0938
1 0.6591 0.3677 0.0303 0.0722
1 0.6453 0.1118 0.0281 0.0649
1 0.6554 0.3000 0.0303 0.0722
1 0.5663 0.3047 0.0281 0.0735
1 0.5220 0.5178 0.0226 0.0708
1 0.5457 0.4458 0.0281 0.0735
1 0.5214 0.4466 0.0214 0.0678
1 0.2861 0.2469 0.0478 0.0690
1 0.5161 0.1757 0.0214 0.0678
1 0.5198 0.3770 0.0214 0.0678
1 0.2407 0.2487 0.0493 0.0642
1 0.6255 0.1787 0.0226 0.0631
1 0.5937 0.4398 0.0250 0.0808
1 0.6224 0.1129 0.0226 0.0631
1 0.4410 0.8601 0.0280 0.0950
1 0.5614 0.1777 0.0244 0.0711
1 0.4410 0.7717 0.0280 0.0950
1 0.5872 0.2400 0.0250 0.0619
1 0.4406 0.1768 0.0235 0.0660
1 0.4401 0.2434 0.0235 0.0660
1 0.4413 0.4512 0.0246 0.0721
1 0.1411 0.2517 0.0531 0.0702
2 0.8461 0.8657 0.0258 0.0504
2 0.8872 0.8515 0.0258 0.0504
2 0.9087 0.8466 0.0258 0.0504
2 0.9320 0.8362 0.0286 0.0554
1 0.3692 0.1777 0.0284 0.0751
1 0.4156 0.5289 0.0267 0.0801
1 0.4190 0.1119 0.0234 0.0607
1 0.3958 0.1095 0.0239 0.0635
1 0.4140 0.7715 0.0278 0.0891
1 0.4184 0.1770 0.0231 0.0672
1 0.3445 0.1792 0.0223 0.0696
1 0.3458 0.1113 0.0221 0.0676
1 0.4995 0.7609 0.0333 0.0852
1 0.0827 0.2523 0.0313 0.0714
1 0.4171 0.3079 0.0237 0.0684
1 0.4161 0.4534 0.0255 0.0760
1 0.4173 0.3818 0.0222 0.0751
1 0.4151 0.6875 0.0275 0.0860
1 0.4155 0.6077 0.0252 0.0846
3 0.4151 0.9517 0.0255 0.0950
1 0.4979 0.5976 0.0331 0.0804
1 0.4406 0.1105 0.0235 0.0660
1 0.4932 0.2377 0.0288 0.0660
1 0.2709 0.6164 0.0533 0.0912
1 0.6960 0.1188 0.0403 0.0499
1 0.6030 0.1743 0.0218 0.0662
1 0.6545 0.8182 0.0253 0.0928
1 0.6120 0.3742 0.0230 0.0517
3 0.1638 0.9631 0.0341 0.0738
1 0.7389 0.1809 0.0424 0.0613
1 0.8703 0.2412 0.0243 0.0558
1 0.7330 0.1185 0.0443 0.0613
1 0.7000 0.1788 0.0430 0.0655
1 0.6710 0.1773 0.0234 0.0613
1 0.6751 0.2337 0.0245 0.0565
1 0.4180 0.2411 0.0222 0.0621
1 0.6781 0.2997 0.0237 0.0721
1 0.3584 0.7775 0.0325 0.0871
1 0.5520 0.6728 0.0289 0.0808
1 0.3886 0.6914 0.0295 0.0841
1 0.1720 0.7926 0.0320 0.0954
1 0.6351 0.3689 0.0281 0.0735
1 0.6384 0.4376 0.0281 0.0735
1 0.6410 0.5104 0.0281 0.0735
1 0.5768 0.6667 0.0281 0.0735
1 0.6022 0.6659 0.0281 0.0735
3 0.4677 0.6027 0.0320 0.0804
1 0.2258 0.5360 0.0542 0.0816
