1 0.9723 0.5699 0.0526 0.0325
1 0.9030 0.7045 0.0706 0.0361
2 0.9562 0.7791 0.0584 0.0381
1 0.9113 0.5979 0.0669 0.0372
3 0.9822 0.3564 0.0355 0.0405
1 0.9688 0.6379 0.0625 0.0369
3 0.9370 0.3539 0.0647 0.0346
3 0.9287 0.4584 0.0629 0.0342
3 0.9448 0.3186 0.0620 0.0340
3 0.9850 0.3195 0.0299 0.0335
1 0.9677 0.7112 0.0589 0.0359
1 0.9718 0.6036 0.0558 0.0326
3 0.9796 0.4642 0.0408 0.0294
3 0.9805 0.4305 0.0390 0.0342
1 0.9086 0.6327 0.0685 0.0325
1 0.9664 0.6772 0.0586 0.0389
1 0.8987 0.7373 0.0720 0.0385
3 0.9309 0.4235 0.0614 0.0329
3 0.9808 0.3964 0.0373 0.0357
1 0.9177 0.5281 0.0633 0.0332
1 0.9742 0.5347 0.0497 0.0347
2 0.8950 0.7715 0.0655 0.0389
1 0.9648 0.7439 0.0591 0.0357
1 0.9222 0.4940 0.0619 0.0339
1 0.9038 0.6670 0.0687 0.0382
3 0.9336 0.3893 0.0570 0.0321
1 0.9139 0.5627 0.0651 0.0358
1 0.9763 0.4996 0.0474 0.0351
