1 0.7495 0.2620 0.1327 0.0510
1 0.5296 0.3007 0.2938 0.0622
1 0.0814 0.3973 0.1471 0.0630
2 0.2777 0.5974 0.2095 0.0667
2 0.2804 0.1418 0.2040 0.0570
1 0.5422 0.4131 0.3114 0.0583
1 0.0942 0.7433 0.1146 0.0711
3 0.0528 0.0210 0.1057 0.0237
2 0.8456 0.7940 0.1736 0.0751
2 0.2716 0.2880 0.2176 0.0654
1 0.5731 0.6611 0.3498 0.0728
2 0.5821 0.8018 0.3599 0.0799
1 0.0853 0.1791 0.1705 0.0502
3 0.1510 0.0365 0.1460 0.0291
1 0.0935 0.6684 0.1122 0.0733
1 0.7069 0.0499 0.1244 0.0391
3 0.0463 0.0437 0.0927 0.0363
1 0.5466 0.4715 0.3215 0.0596
2 0.2747 0.4058 0.2177 0.0583
2 0.2735 0.2370 0.2176 0.0654
1 0.5142 0.0161 0.2470 0.0225
1 0.0840 0.5269 0.1352 0.0614
2 0.2780 0.4651 0.1972 0.0615
1 0.0920 0.1372 0.1762 0.0420
1 0.7172 0.0862 0.1294 0.0429
2 0.2959 0.0365 0.1778 0.0280
1 0.0868 0.5974 0.1237 0.0692
1 0.8216 0.6559 0.1590 0.0643
2 0.3029 0.8131 0.1938 0.0775
1 0.8022 0.5882 0.1571 0.0618
1 0.7994 0.5289 0.1589 0.0606
1 0.0812 0.3385 0.1541 0.0633
1 0.7302 0.1680 0.1305 0.0501
2 0.2857 0.1017 0.1777 0.0465
2 0.3015 0.8989 0.2159 0.0914
2 0.2783 0.6677 0.2261 0.0748
1 0.5510 0.5314 0.3249 0.0623
3 0.1121 0.0983 0.1681 0.0363
1 0.0802 0.2275 0.1603 0.0533
1 0.0849 0.4603 0.1370 0.0600
1 0.7379 0.2109 0.1391 0.0455
3 0.0309 0.0696 0.0619 0.0363
1 0.5736 0.7333 0.3482 0.0781
3 0.1284 0.0631 0.1558 0.0307
1 0.5258 0.2499 0.2900 0.0615
1 0.0815 0.2801 0.1569 0.0575
2 0.1306 0.9038 0.1605 0.0914
2 0.2920 0.0667 0.1777 0.0347
1 0.7758 0.4120 0.1543 0.0536
1 0.5628 0.5946 0.3283 0.0651
1 0.7564 0.3127 0.1366 0.0470
3 0.1660 0.0157 0.1460 0.0159
1 0.5232 0.2023 0.2878 0.0616
2 0.2700 0.3453 0.2177 0.0583
2 0.1188 0.8226 0.1582 0.0843
1 0.7847 0.4683 0.1535 0.0586
1 0.7647 0.3594 0.1432 0.0549
3 0.2754 0.7396 0.2272 0.0738
1 0.7226 0.1247 0.1243 0.0462
1 0.5141 0.0402 0.2491 0.0399
1 0.8339 0.7224 0.1626 0.0699
2 0.2706 0.1867 0.2176 0.0654
1 0.7061 0.0189 0.1178 0.0303
1 0.5204 0.1556 0.2795 0.0578
2 0.5958 0.8820 0.3571 0.0930
2 0.8543 0.8772 0.1726 0.0944
2 0.2833 0.5301 0.1929 0.0700
1 0.5156 0.1121 0.2714 0.0539
1 0.5351 0.3556 0.3048 0.0582
1 0.5140 0.0749 0.2611 0.0461
3 0.0204 0.0986 0.0408 0.0363
