2 0.9641 0.7391 0.0719 0.2926
2 0.0916 0.1790 0.1292 0.1253
2 0.1887 0.1804 0.1372 0.1199
2 0.2836 0.1823 0.1143 0.1236
2 0.4928 0.1795 0.0994 0.1367
2 0.5947 0.1748 0.1064 0.1423
2 0.7389 0.1785 0.2058 0.1349
2 0.6007 0.3207 0.1183 0.1573
2 0.4879 0.3160 0.1113 0.1517
2 0.3706 0.3142 0.1531 0.1442
2 0.1499 0.3160 0.1551 0.1480
2 0.0679 0.3189 0.1083 0.1496
2 0.2237 0.4820 0.1408 0.1855
2 0.1632 0.7634 0.1988 0.3741
2 0.3177 0.7634 0.2245 0.3741
2 0.4792 0.7639 0.1450 0.3688
2 0.7975 0.4923 0.2763 0.1964
2 0.9385 0.4914 0.1230 0.1871
2 0.9208 0.3249 0.1511 0.1496
2 0.8760 0.1777 0.1357 0.1455
2 0.4859 0.4844 0.1234 0.1933
2 0.6126 0.4886 0.1372 0.2002
2 0.6339 0.7636 0.1680 0.3704
2 0.2558 0.3179 0.1282 0.1517
2 0.3850 0.1804 0.1362 0.1274
2 0.7602 0.3264 0.2286 0.1571
2 0.3513 0.4812 0.1706 0.1904
2 0.1009 0.4850 0.1769 0.1824
2 0.0379 0.4696 0.0479 0.1505
2 0.0816 0.7673 0.1368 0.3788
2 0.0422 0.1892 0.0605 0.1253
2 0.8377 0.7661 0.3130 0.3586
