2 0.8536 0.7875 0.0573 0.2054
2 0.9710 0.3411 0.0581 0.1478
2 0.5954 0.6287 0.1475 0.1161
2 0.7147 0.7862 0.0913 0.1907
2 0.0522 0.6237 0.0676 0.1132
2 0.1653 0.3289 0.0800 0.0908
2 0.1492 0.4203 0.0829 0.0920
2 0.1302 0.5174 0.0885 0.1020
2 0.2303 0.3314 0.0793 0.0858
2 0.2159 0.4216 0.0857 0.0896
2 0.2004 0.5167 0.0871 0.0983
2 0.1822 0.6212 0.0899 0.1132
2 0.0793 0.7773 0.1187 0.1891
2 0.4620 0.3258 0.1229 0.0947
2 0.4609 0.4209 0.1236 0.0934
2 0.1502 0.7755 0.0989 0.1878
2 0.4535 0.6303 0.1340 0.1213
2 0.4435 0.7810 0.1539 0.1824
2 0.6018 0.7847 0.1616 0.1938
2 0.7943 0.7883 0.1042 0.1949
2 0.7776 0.6339 0.0908 0.1265
2 0.7042 0.6344 0.0796 0.1213
2 0.7665 0.5214 0.0849 0.1068
2 0.6942 0.5198 0.0714 0.1099
2 0.5916 0.5188 0.1434 0.1078
2 0.6863 0.4172 0.0709 0.0954
2 0.5895 0.4162 0.1358 0.0954
2 0.7434 0.3239 0.0796 0.0912
2 0.5875 0.3234 0.1270 0.0902
2 0.8713 0.2926 0.1057 0.2461
2 0.8175 0.5118 0.0470 0.1508
2 0.1102 0.6250 0.0962 0.1082
2 0.0811 0.3302 0.1264 0.0908
2 0.4571 0.5198 0.1327 0.1096
2 0.8302 0.6253 0.0430 0.1560
2 0.6790 0.3239 0.0679 0.0891
2 0.0625 0.5161 0.0848 0.1020
2 0.0723 0.4197 0.1031 0.0908
2 0.7530 0.4193 0.0826 0.0954
3 0.2798 0.7817 0.2092 0.1903
3 0.2998 0.6274 0.1847 0.1182
3 0.3124 0.5161 0.1692 0.1020
3 0.3272 0.4154 0.1566 0.0970
3 0.3331 0.3227 0.1503 0.0809
2 0.9514 0.0733 0.0973 0.1467
2 0.8068 0.4009 0.0530 0.1438
2 0.7898 0.2987 0.0463 0.1300
2 0.9344 0.7822 0.1312 0.2859
2 0.9205 0.5676 0.1335 0.2645
2 0.9052 0.4209 0.1303 0.2634
2 0.8569 0.1822 0.1003 0.2624
2 0.9573 0.2032 0.0855 0.1438
