3 0.0244 0.9419 0.0292 0.0295
3 0.6246 0.7641 0.0575 0.0295
3 0.2650 0.9710 0.0546 0.0200
2 0.9088 0.9863 0.0489 0.0274
2 0.2635 0.9898 0.0583 0.0194
2 0.8566 0.9875 0.0558 0.0244
3 0.0511 0.9423 0.0253 0.0286
3 0.0243 0.8274 0.0301 0.0307
3 0.3360 0.8572 0.0327 0.0286
3 0.3365 0.7371 0.0307 0.0308
3 0.3975 0.8275 0.0268 0.0309
3 0.4384 0.7967 0.0559 0.0311
3 0.4967 0.8264 0.0590 0.0311
3 0.3362 0.7974 0.0320 0.0314
3 0.3687 0.9458 0.0318 0.0295
3 0.3971 0.7370 0.0270 0.0316
3 0.4384 0.7668 0.0567 0.0309
3 0.3970 0.7671 0.0268 0.0296
3 0.5435 0.7651 0.0363 0.0311
3 0.4960 0.7366 0.0595 0.0304
2 0.0512 0.7098 0.0243 0.0317
3 0.0513 0.9126 0.0253 0.0286
3 0.2644 0.8571 0.0523 0.0306
2 0.1435 0.7110 0.0536 0.0281
2 0.1428 0.7393 0.0557 0.0278
2 0.1430 0.7675 0.0551 0.0281
2 0.0892 0.7397 0.0511 0.0281
2 0.0513 0.7396 0.0235 0.0296
2 0.0243 0.7691 0.0286 0.0308
3 0.2639 0.7966 0.0562 0.0330
2 0.0245 0.7418 0.0301 0.0263
2 0.1864 0.7681 0.0321 0.0293
2 0.2203 0.7678 0.0347 0.0293
3 0.7298 0.8835 0.0274 0.0306
2 0.2206 0.7385 0.0336 0.0305
2 0.1872 0.7382 0.0342 0.0293
2 0.1876 0.7082 0.0339 0.0302
3 0.8002 0.9105 0.0545 0.0299
3 0.0253 0.9124 0.0292 0.0295
2 0.2637 0.7081 0.0542 0.0311
2 0.2641 0.7384 0.0544 0.0284
3 0.8966 0.9391 0.0274 0.0295
2 0.3630 0.6815 0.0414 0.0172
3 0.1873 0.9697 0.0320 0.0199
2 0.3372 0.7070 0.0306 0.0308
3 0.1532 0.9703 0.0352 0.0172
3 0.2209 0.9454 0.0344 0.0311
2 0.4956 0.7059 0.0597 0.0320
2 0.5436 0.7042 0.0352 0.0346
3 0.9691 0.9065 0.0479 0.0267
2 0.5782 0.7036 0.0352 0.0323
3 0.1449 0.9442 0.0531 0.0334
2 0.6673 0.7024 0.0311 0.0340
3 0.8001 0.8822 0.0542 0.0274
2 0.1997 0.6836 0.0604 0.0186
3 0.0247 0.8561 0.0292 0.0284
3 0.0909 0.8857 0.0536 0.0251
3 0.7590 0.8223 0.0298 0.0292
3 0.2209 0.8574 0.0339 0.0303
2 0.2923 0.6832 0.0161 0.0158
2 0.3052 0.7669 0.0304 0.0290
2 0.7296 0.7622 0.0273 0.0319
2 0.7591 0.7621 0.0316 0.0301
3 0.0913 0.9136 0.0548 0.0286
3 0.1873 0.9151 0.0338 0.0303
3 0.9281 0.8193 0.0369 0.0302
2 0.8943 0.7574 0.0282 0.0301
2 0.9268 0.7569 0.0386 0.0276
2 0.9686 0.7576 0.0474 0.0283
3 0.8007 0.7910 0.0536 0.0313
3 0.1873 0.8858 0.0336 0.0274
2 0.7576 0.7004 0.0298 0.0308
2 0.7987 0.6698 0.0531 0.0276
3 0.7577 0.7307 0.0307 0.0288
3 0.0511 0.8844 0.0250 0.0270
2 0.7574 0.6411 0.0288 0.0276
2 0.7574 0.6700 0.0301 0.0287
2 0.7296 0.6710 0.0273 0.0280
3 0.1874 0.8272 0.0325 0.0299
2 0.7292 0.6112 0.0288 0.0308
3 0.1874 0.8575 0.0341 0.0297
3 0.2205 0.7977 0.0341 0.0307
2 0.8642 0.6395 0.0337 0.0290
2 0.8647 0.6089 0.0326 0.0305
2 0.8938 0.6082 0.0281 0.0302
3 0.1445 0.8859 0.0532 0.0264
2 0.9653 0.6085 0.0460 0.0302
2 0.9248 0.6377 0.0359 0.0301
2 0.8947 0.6982 0.0263 0.0299
2 0.3538 0.9902 0.0617 0.0195
2 0.8948 0.6679 0.0271 0.0296
2 0.9258 0.6676 0.0369 0.0302
2 0.9664 0.6674 0.0463 0.0281
3 0.1453 0.8578 0.0525 0.0299
2 0.9259 0.6982 0.0382 0.0311
2 0.9631 0.9843 0.0588 0.0234
2 0.8017 0.9886 0.0527 0.0229
2 0.7600 0.9894 0.0296 0.0212
2 0.7309 0.9889 0.0285 0.0221
2 0.6693 0.9903 0.0327 0.0194
2 0.4400 0.9926 0.0569 0.0148
2 0.0628 0.9877 0.0577 0.0246
2 0.3980 0.9911 0.0271 0.0177
2 0.0052 0.9883 0.0105 0.0234
2 0.1436 0.9889 0.0172 0.0222
2 0.1620 0.9892 0.0197 0.0216
3 0.1449 0.7978 0.0532 0.0323
2 0.2185 0.9895 0.0293 0.0210
3 0.1444 0.8279 0.0527 0.0293
3 0.0511 0.7981 0.0248 0.0293
2 0.2636 0.8268 0.0534 0.0281
3 0.0246 0.7987 0.0281 0.0281
2 0.3362 0.8272 0.0316 0.0278
3 0.0901 0.7982 0.0539 0.0308
2 0.0224 0.9891 0.0223 0.0209
3 0.0908 0.8566 0.0556 0.0317
3 0.0904 0.8267 0.0543 0.0287
3 0.0509 0.8274 0.0239 0.0278
3 0.0506 0.8559 0.0250 0.0297
2 0.3085 0.9899 0.0288 0.0201
2 0.1881 0.9896 0.0319 0.0206
3 0.0249 0.8846 0.0281 0.0274
3 0.1874 0.7974 0.0330 0.0305
3 0.2206 0.8274 0.0343 0.0286
2 0.9628 0.9973 0.0591 0.0055
3 0.2207 0.8867 0.0336 0.0286
3 0.2205 0.9156 0.0339 0.0301
3 0.1449 0.9152 0.0517 0.0301
2 0.7006 0.9892 0.0308 0.0216
3 0.0915 0.9433 0.0566 0.0294
3 0.1876 0.9443 0.0331 0.0309
3 0.2207 0.9699 0.0344 0.0194
2 0.8649 0.6992 0.0336 0.0296
3 0.2644 0.8870 0.0540 0.0296
3 0.2651 0.9157 0.0540 0.0304
3 0.2642 0.9462 0.0553 0.0301
2 0.8934 0.6392 0.0278 0.0302
3 0.3058 0.7376 0.0313 0.0305
2 0.9682 0.6975 0.0473 0.0308
3 0.4384 0.7376 0.0571 0.0309
3 0.5438 0.7353 0.0348 0.0286
3 0.4961 0.7669 0.0597 0.0301
2 0.8644 0.6692 0.0347 0.0299
3 0.3675 0.7970 0.0323 0.0301
3 0.3054 0.7970 0.0299 0.0311
2 0.9663 0.6382 0.0460 0.0323
3 0.3681 0.8274 0.0323 0.0301
2 0.9247 0.6088 0.0367 0.0290
3 0.4387 0.8265 0.0569 0.0304
3 0.5432 0.7951 0.0358 0.0314
3 0.5433 0.8255 0.0350 0.0304
2 0.7998 0.7604 0.0522 0.0291
2 0.7986 0.6409 0.0534 0.0280
2 0.7574 0.6119 0.0294 0.0301
2 0.7296 0.6409 0.0267 0.0280
2 0.8541 0.7597 0.0565 0.0276
2 0.7986 0.6988 0.0540 0.0290
2 0.7298 0.7019 0.0270 0.0301
3 0.4388 0.9462 0.0567 0.0298
2 0.3969 0.7065 0.0273 0.0320
2 0.2487 0.6838 0.0376 0.0176
2 0.3368 0.7680 0.0316 0.0305
2 0.3215 0.6829 0.0428 0.0151
2 0.4387 0.7065 0.0567 0.0331
2 0.6993 0.7027 0.0339 0.0340
2 0.6239 0.7023 0.0567 0.0343
3 0.3682 0.7369 0.0322 0.0297
2 0.2205 0.7085 0.0339 0.0296
2 0.3682 0.7070 0.0329 0.0308
2 0.3064 0.7069 0.0311 0.0305
2 0.0507 0.7687 0.0233 0.0299
2 0.2635 0.7679 0.0546 0.0296
3 0.3963 0.7970 0.0270 0.0306
2 0.0899 0.7092 0.0531 0.0305
2 0.0893 0.7684 0.0519 0.0292
3 0.3679 0.7674 0.0310 0.0301
2 0.0251 0.7121 0.0288 0.0332
3 0.3056 0.8275 0.0304 0.0294
3 0.4952 0.9718 0.0563 0.0202
3 0.4962 0.7964 0.0599 0.0309
3 0.4957 0.8558 0.0598 0.0290
2 0.7962 0.6110 0.0523 0.0312
3 0.6681 0.9697 0.0318 0.0214
3 0.5439 0.8861 0.0366 0.0295
3 0.5787 0.9147 0.0354 0.0306
3 0.6677 0.8847 0.0319 0.0316
3 0.6992 0.8824 0.0345 0.0299
3 0.6243 0.8251 0.0575 0.0292
3 0.9679 0.7281 0.0450 0.0313
3 0.9685 0.7871 0.0462 0.0312
3 0.9273 0.7880 0.0381 0.0309
3 0.8952 0.7890 0.0277 0.0309
3 0.8549 0.7907 0.0572 0.0300
3 0.8541 0.7302 0.0551 0.0292
3 0.8955 0.7286 0.0259 0.0288
3 0.9268 0.7286 0.0366 0.0281
3 0.7997 0.7305 0.0533 0.0292
3 0.7297 0.7328 0.0283 0.0274
3 0.7300 0.7939 0.0283 0.0274
3 0.7596 0.7929 0.0316 0.0288
3 0.8013 0.8217 0.0548 0.0295
3 0.8552 0.8209 0.0560 0.0292
3 0.8960 0.8196 0.0274 0.0295
3 0.9692 0.8178 0.0465 0.0286
3 0.9688 0.8481 0.0462 0.0302
3 0.9685 0.8782 0.0467 0.0292
3 0.9280 0.8488 0.0378 0.0288
3 0.8963 0.8493 0.0274 0.0292
3 0.8555 0.8509 0.0554 0.0302
3 0.8007 0.8520 0.0536 0.0309
3 0.7300 0.8228 0.0295 0.0281
3 0.7301 0.8527 0.0292 0.0316
3 0.7590 0.8525 0.0304 0.0306
3 0.8553 0.8814 0.0551 0.0286
3 0.8961 0.8783 0.0271 0.0302
3 0.9286 0.8778 0.0360 0.0285
3 0.9692 0.9358 0.0453 0.0299
3 0.9694 0.9620 0.0450 0.0197
3 0.9277 0.9065 0.0366 0.0274
3 0.9280 0.9363 0.0372 0.0316
3 0.9284 0.9616 0.0369 0.0218
3 0.8966 0.9087 0.0280 0.0306
3 0.8558 0.9112 0.0560 0.0292
3 0.8969 0.9632 0.0268 0.0200
3 0.8549 0.9400 0.0554 0.0299
3 0.8559 0.9648 0.0557 0.0204
3 0.8011 0.9413 0.0539 0.0295
3 0.8011 0.9657 0.0545 0.0193
3 0.7595 0.8820 0.0307 0.0285
3 0.7593 0.9421 0.0316 0.0306
3 0.7595 0.9676 0.0313 0.0211
3 0.7307 0.9128 0.0286 0.0288
3 0.7592 0.9123 0.0301 0.0292
3 0.7303 0.9425 0.0283 0.0299
3 0.7307 0.9673 0.0292 0.0211
3 0.6980 0.7333 0.0334 0.0299
3 0.6662 0.7339 0.0319 0.0295
3 0.6240 0.7339 0.0575 0.0288
3 0.5781 0.7351 0.0366 0.0278
3 0.5788 0.7643 0.0375 0.0313
3 0.6673 0.7638 0.0316 0.0309
3 0.6986 0.7634 0.0333 0.0309
3 0.6981 0.7929 0.0331 0.0309
3 0.6676 0.7945 0.0310 0.0306
3 0.6243 0.7947 0.0575 0.0302
3 0.5784 0.7952 0.0372 0.0306
3 0.5785 0.8260 0.0363 0.0302
3 0.6680 0.8247 0.0313 0.0299
3 0.6987 0.8239 0.0330 0.0316
3 0.6993 0.8536 0.0348 0.0306
3 0.6994 0.9133 0.0340 0.0299
3 0.6994 0.9434 0.0334 0.0309
3 0.6673 0.8553 0.0316 0.0292
3 0.6685 0.9128 0.0322 0.0316
3 0.6688 0.9437 0.0298 0.0281
3 0.6246 0.8555 0.0581 0.0309
3 0.5787 0.8564 0.0354 0.0306
3 0.5791 0.8850 0.0363 0.0302
3 0.6247 0.8852 0.0572 0.0299
3 0.6253 0.9147 0.0578 0.0306
3 0.5790 0.9446 0.0360 0.0306
3 0.6252 0.9446 0.0581 0.0292
3 0.5427 0.8557 0.0366 0.0306
3 0.5436 0.9158 0.0354 0.0313
3 0.5437 0.9464 0.0357 0.0278
3 0.7002 0.9689 0.0335 0.0208
3 0.6254 0.9705 0.0571 0.0199
3 0.5790 0.9706 0.0357 0.0208
3 0.5416 0.9715 0.0350 0.0214
3 0.6255 0.9905 0.0563 0.0190
3 0.5792 0.9905 0.0372 0.0190
3 0.5431 0.9911 0.0360 0.0178
3 0.4965 0.9908 0.0568 0.0166
3 0.4959 0.9457 0.0581 0.0302
3 0.4962 0.9167 0.0598 0.0302
3 0.4962 0.8860 0.0603 0.0296
3 0.4382 0.8565 0.0575 0.0290
3 0.4383 0.8861 0.0560 0.0303
3 0.4388 0.9156 0.0567 0.0303
3 0.4383 0.9736 0.0577 0.0232
3 0.3974 0.9717 0.0277 0.0212
3 0.3686 0.9706 0.0325 0.0190
3 0.3365 0.9702 0.0333 0.0203
3 0.3066 0.9702 0.0287 0.0193
3 0.3063 0.9447 0.0296 0.0288
3 0.3369 0.9454 0.0327 0.0298
3 0.3971 0.9460 0.0271 0.0295
3 0.3972 0.9165 0.0273 0.0305
3 0.3683 0.9166 0.0327 0.0293
3 0.3362 0.9161 0.0339 0.0298
3 0.3061 0.9156 0.0296 0.0312
3 0.3055 0.8865 0.0296 0.0281
3 0.3361 0.8860 0.0329 0.0300
3 0.3681 0.8866 0.0314 0.0298
3 0.3970 0.8862 0.0265 0.0310
3 0.3968 0.8568 0.0269 0.0293
3 0.3680 0.8573 0.0316 0.0303
3 0.3052 0.8566 0.0294 0.0303
