2 0.3456 0.3190 0.1113 0.1042
3 0.5135 0.5791 0.1388 0.1503
3 0.7604 0.5816 0.1202 0.1503
3 0.6459 0.5791 0.1374 0.1552
2 0.9101 0.7925 0.1797 0.2746
2 0.6583 0.7937 0.1563 0.2746
2 0.5008 0.7916 0.1563 0.2705
2 0.3744 0.7947 0.1491 0.2726
2 0.8459 0.4415 0.1412 0.1213
2 0.7442 0.4377 0.1094 0.1230
2 0.6403 0.4395 0.1224 0.1264
2 0.4237 0.4360 0.1123 0.1230
2 0.3228 0.4360 0.1312 0.1230
2 0.8262 0.3242 0.1244 0.1042
2 0.6334 0.3208 0.1144 0.1076
2 0.5235 0.3199 0.1114 0.1093
2 0.4341 0.3182 0.0915 0.1059
2 0.1369 0.7887 0.1749 0.2681
2 0.0906 0.7904 0.0826 0.2750
2 0.2343 0.4352 0.1173 0.1281
2 0.2631 0.3208 0.1034 0.1008
2 0.1737 0.3216 0.1352 0.1025
2 0.8058 0.2277 0.1154 0.0888
2 0.7179 0.2251 0.0906 0.0871
2 0.7109 0.1406 0.0786 0.0751
2 0.6334 0.2234 0.1045 0.0871
2 0.6304 0.1380 0.0945 0.0837
2 0.5360 0.1372 0.1024 0.0786
2 0.4555 0.1363 0.0785 0.0871
2 0.3854 0.1363 0.1054 0.0837
2 0.4455 0.2217 0.0845 0.0905
2 0.3645 0.2208 0.1054 0.0922
2 0.2880 0.2260 0.0954 0.0922
2 0.2050 0.2260 0.1322 0.0922
2 0.1329 0.1363 0.1352 0.0803
2 0.3084 0.1372 0.0865 0.0854
2 0.5285 0.2208 0.1054 0.0854
2 0.7909 0.1431 0.1075 0.0769
2 0.1324 0.4369 0.1541 0.1213
3 0.1067 0.5757 0.1166 0.1520
3 0.8771 0.5803 0.1530 0.1527
3 0.4131 0.5791 0.0992 0.1503
3 0.3112 0.5764 0.1172 0.1486
3 0.2004 0.5774 0.1195 0.1588
2 0.0733 0.4320 0.0515 0.1148
2 0.2308 0.1372 0.1123 0.0854
2 0.7318 0.3259 0.0945 0.1076
2 0.5186 0.4369 0.1213 0.1212
2 0.2521 0.7968 0.1909 0.2726
2 0.1105 0.2234 0.1284 0.0905
2 0.0753 0.1382 0.0563 0.0837
2 0.0939 0.3208 0.0919 0.1008
2 0.7853 0.7916 0.1431 0.2746
