3 0.2308 0.9465 0.0285 0.0238
2 0.7221 0.7261 0.0360 0.0174
3 0.0922 0.9419 0.0251 0.0224
3 0.1402 0.9436 0.0300 0.0234
2 0.1964 0.9681 0.0402 0.0203
2 0.3329 0.9709 0.0241 0.0212
2 0.4383 0.9697 0.0341 0.0188
2 0.8376 0.9728 0.0224 0.0351
2 0.9037 0.9680 0.0461 0.0309
3 0.9385 0.9151 0.0225 0.0218
2 0.8077 0.7069 0.0271 0.0184
2 0.7770 0.7253 0.0344 0.0194
2 0.7499 0.7082 0.0201 0.0179
2 0.8743 0.7054 0.0304 0.0184
2 0.9621 0.7750 0.0241 0.0226
2 0.9617 0.8210 0.0232 0.0226
2 0.8658 0.8002 0.0313 0.0239
1 0.9964 0.8194 0.0073 0.0135
2 0.8655 0.8479 0.0317 0.0246
1 0.9831 0.9141 0.0190 0.0135
2 0.9050 0.8223 0.0458 0.0261
2 0.5358 0.9671 0.0303 0.0108
2 0.5670 0.9736 0.0300 0.0251
2 0.6690 0.9737 0.0278 0.0259
2 0.3569 0.8311 0.0279 0.0226
2 0.6959 0.7811 0.0248 0.0239
2 0.4954 0.8791 0.0503 0.0249
2 0.6965 0.8044 0.0246 0.0249
2 0.6696 0.8283 0.0293 0.0239
2 0.7218 0.8517 0.0264 0.0244
2 0.6054 0.8060 0.0494 0.0244
2 0.7207 0.8755 0.0264 0.0247
2 0.5355 0.8072 0.0307 0.0247
2 0.5362 0.8547 0.0302 0.0239
2 0.3843 0.8547 0.0276 0.0230
2 0.0907 0.8750 0.0237 0.0224
2 0.3843 0.8067 0.0268 0.0257
2 0.1389 0.8749 0.0306 0.0221
2 0.1122 0.8063 0.0210 0.0224
2 0.3841 0.7483 0.0291 0.0173
3 0.2962 0.9245 0.0465 0.0229
2 0.1952 0.8545 0.0409 0.0241
2 0.1943 0.8082 0.0404 0.0247
2 0.2949 0.8073 0.0460 0.0232
2 0.3845 0.7654 0.0294 0.0166
2 0.2286 0.7318 0.0354 0.0171
2 0.3111 0.7138 0.0275 0.0178
2 0.2811 0.7309 0.0328 0.0171
2 0.3112 0.7668 0.0269 0.0173
2 0.2284 0.6961 0.0351 0.0194
2 0.2551 0.6957 0.0186 0.0185
2 0.2807 0.6956 0.0339 0.0187
2 0.2287 0.7141 0.0351 0.0176
2 0.2282 0.7492 0.0343 0.0171
2 0.2547 0.7139 0.0183 0.0180
2 0.2806 0.7136 0.0332 0.0175
2 0.2554 0.7318 0.0185 0.0178
2 0.2553 0.7492 0.0189 0.0178
2 0.2811 0.7487 0.0325 0.0171
2 0.3421 0.6957 0.0345 0.0187
2 0.3422 0.7137 0.0354 0.0169
2 0.3424 0.7313 0.0354 0.0178
2 0.3425 0.7497 0.0351 0.0183
2 0.3109 0.6952 0.0267 0.0187
2 0.3109 0.7312 0.0272 0.0169
2 0.3112 0.7488 0.0270 0.0173
2 0.3838 0.7303 0.0286 0.0187
2 0.3841 0.7116 0.0297 0.0180
2 0.3835 0.6938 0.0283 0.0161
2 0.3844 0.7836 0.0279 0.0195
2 0.3424 0.7657 0.0356 0.0155
2 0.2810 0.7658 0.0331 0.0175
2 0.2557 0.7661 0.0172 0.0159
2 0.2287 0.7663 0.0357 0.0166
2 0.2285 0.8071 0.0283 0.0241
2 0.2572 0.8067 0.0289 0.0241
2 0.2950 0.8314 0.0466 0.0243
2 0.3307 0.8071 0.0251 0.0249
2 0.3570 0.8072 0.0276 0.0243
2 0.2572 0.8307 0.0297 0.0234
2 0.2284 0.8307 0.0286 0.0229
2 0.1943 0.8321 0.0409 0.0236
2 0.2293 0.8536 0.0286 0.0249
2 0.2574 0.8536 0.0279 0.0229
2 0.2954 0.8550 0.0467 0.0221
2 0.3319 0.8544 0.0255 0.0234
2 0.3312 0.8317 0.0257 0.0229
2 0.2958 0.8781 0.0467 0.0221
3 0.2966 0.9010 0.0465 0.0232
2 0.3314 0.8774 0.0253 0.0241
2 0.3575 0.8772 0.0279 0.0239
2 0.3574 0.8545 0.0268 0.0236
2 0.2583 0.8770 0.0288 0.0229
2 0.2299 0.8769 0.0293 0.0226
2 0.1956 0.8771 0.0394 0.0221
2 0.1379 0.8519 0.0304 0.0229
2 0.1382 0.8293 0.0302 0.0221
2 0.1385 0.8063 0.0309 0.0234
2 0.1124 0.8292 0.0206 0.0219
2 0.1125 0.8524 0.0199 0.0224
2 0.1133 0.8754 0.0206 0.0231
2 0.0901 0.8519 0.0226 0.0224
2 0.0899 0.8293 0.0235 0.0231
2 0.0894 0.8062 0.0237 0.0231
2 0.4088 0.8070 0.0229 0.0247
2 0.4446 0.8074 0.0498 0.0243
2 0.4946 0.8074 0.0518 0.0255
2 0.5653 0.8059 0.0307 0.0257
2 0.3842 0.8308 0.0274 0.0228
2 0.4090 0.8308 0.0229 0.0241
2 0.4452 0.8312 0.0488 0.0232
2 0.4952 0.8323 0.0514 0.0247
2 0.5356 0.8310 0.0306 0.0228
2 0.5656 0.8304 0.0309 0.0236
2 0.4094 0.8552 0.0233 0.0228
2 0.4456 0.8550 0.0492 0.0236
2 0.4954 0.8553 0.0520 0.0230
2 0.3847 0.8785 0.0284 0.0231
2 0.4101 0.8781 0.0224 0.0239
2 0.4459 0.8789 0.0492 0.0224
2 0.5358 0.8780 0.0304 0.0236
2 0.5656 0.8775 0.0311 0.0246
2 0.5657 0.8538 0.0295 0.0247
2 0.6052 0.8774 0.0494 0.0249
2 0.6422 0.8764 0.0277 0.0259
2 0.6698 0.8764 0.0288 0.0249
2 0.6961 0.8764 0.0246 0.0249
2 0.7567 0.8748 0.0465 0.0261
2 0.6055 0.8532 0.0496 0.0239
2 0.6057 0.8297 0.0487 0.0242
2 0.6430 0.8527 0.0262 0.0249
2 0.6695 0.8522 0.0286 0.0234
2 0.6966 0.8517 0.0257 0.0244
2 0.7572 0.8505 0.0463 0.0244
2 0.8044 0.8735 0.0467 0.0252
2 0.8041 0.8499 0.0474 0.0261
2 0.8041 0.8254 0.0479 0.0264
2 0.7572 0.8266 0.0476 0.0249
2 0.7213 0.8275 0.0259 0.0241
2 0.6963 0.8276 0.0250 0.0239
2 0.6426 0.8285 0.0264 0.0242
2 0.6424 0.8053 0.0264 0.0241
2 0.6699 0.8052 0.0295 0.0239
2 0.7216 0.8035 0.0264 0.0244
2 0.7567 0.8033 0.0456 0.0252
2 0.8034 0.8015 0.0483 0.0249
2 0.7216 0.7802 0.0255 0.0231
2 0.7572 0.7790 0.0463 0.0231
2 0.8036 0.7784 0.0474 0.0237
2 0.8389 0.8723 0.0228 0.0251
2 0.8655 0.8709 0.0317 0.0244
2 0.9042 0.8699 0.0474 0.0249
2 0.9052 0.8459 0.0467 0.0246
2 0.9049 0.7991 0.0461 0.0256
2 0.9051 0.7758 0.0465 0.0234
2 0.8390 0.8483 0.0226 0.0244
2 0.8393 0.8246 0.0230 0.0239
2 0.8654 0.8241 0.0315 0.0244
2 0.8388 0.8010 0.0235 0.0234
2 0.8387 0.7788 0.0237 0.0219
2 0.8656 0.7776 0.0315 0.0239
2 0.9389 0.8689 0.0224 0.0234
2 0.9616 0.8685 0.0230 0.0236
2 0.9390 0.8458 0.0212 0.0234
2 0.9617 0.8449 0.0232 0.0252
2 0.9389 0.8221 0.0224 0.0249
2 0.9393 0.7981 0.0228 0.0247
2 0.9616 0.7979 0.0235 0.0241
2 0.9389 0.7752 0.0224 0.0216
2 0.8741 0.7577 0.0311 0.0159
2 0.8740 0.7415 0.0304 0.0184
2 0.8744 0.7233 0.0311 0.0189
2 0.8743 0.6875 0.0304 0.0179
2 0.8400 0.7592 0.0376 0.0159
2 0.8080 0.7589 0.0279 0.0154
2 0.7768 0.7590 0.0344 0.0142
2 0.7502 0.7594 0.0197 0.0154
2 0.7220 0.7604 0.0367 0.0159
2 0.7227 0.7437 0.0376 0.0189
2 0.7222 0.7088 0.0371 0.0187
2 0.7224 0.6897 0.0376 0.0189
2 0.7501 0.6900 0.0195 0.0189
2 0.7499 0.7258 0.0192 0.0179
2 0.7503 0.7439 0.0195 0.0182
2 0.7771 0.7432 0.0347 0.0189
2 0.7768 0.7072 0.0344 0.0184
2 0.7768 0.6891 0.0353 0.0187
2 0.8085 0.7426 0.0286 0.0177
2 0.8407 0.7422 0.0376 0.0184
2 0.8075 0.7251 0.0279 0.0194
2 0.8404 0.7246 0.0373 0.0184
2 0.8404 0.7065 0.0373 0.0182
2 0.8075 0.6887 0.0275 0.0184
2 0.8403 0.6885 0.0385 0.0179
3 0.9608 0.9148 0.0241 0.0230
3 0.9044 0.9162 0.0440 0.0230
3 0.8658 0.9183 0.0322 0.0230
3 0.8382 0.9195 0.0225 0.0230
2 0.9376 0.9581 0.0221 0.0132
2 0.9593 0.9568 0.0217 0.0139
2 0.8655 0.9686 0.0322 0.0281
2 0.6422 0.9732 0.0232 0.0249
2 0.6061 0.9743 0.0476 0.0261
2 0.4954 0.9741 0.0494 0.0224
2 0.3865 0.9697 0.0260 0.0146
2 0.4090 0.9678 0.0174 0.0131
2 0.3591 0.9694 0.0260 0.0170
2 0.2871 0.9686 0.0252 0.0182
2 0.2596 0.9683 0.0287 0.0194
2 0.2311 0.9639 0.0266 0.0113
2 0.1415 0.9665 0.0282 0.0218
2 0.1163 0.9635 0.0217 0.0176
2 0.0930 0.9602 0.0239 0.0146
3 0.0909 0.8968 0.0252 0.0224
3 0.1139 0.8976 0.0216 0.0222
3 0.1395 0.8983 0.0307 0.0245
3 0.1396 0.9217 0.0309 0.0239
3 0.1150 0.9426 0.0212 0.0234
3 0.1142 0.9201 0.0212 0.0232
3 0.0915 0.9201 0.0253 0.0232
3 0.1954 0.8999 0.0404 0.0226
3 0.1961 0.9230 0.0419 0.0236
3 0.1965 0.9459 0.0412 0.0234
3 0.2303 0.9231 0.0287 0.0239
3 0.2299 0.9001 0.0289 0.0234
3 0.2585 0.9009 0.0292 0.0251
3 0.2588 0.9237 0.0287 0.0243
3 0.2591 0.9473 0.0289 0.0236
3 0.2967 0.9482 0.0471 0.0234
3 0.3325 0.9491 0.0252 0.0249
3 0.3325 0.9013 0.0248 0.0234
3 0.3580 0.9008 0.0274 0.0241
3 0.6962 0.9238 0.0244 0.0259
3 0.9807 0.7510 0.0265 0.0164
3 0.4111 0.9494 0.0224 0.0253
3 0.3858 0.9489 0.0276 0.0256
3 0.4952 0.9021 0.0518 0.0239
3 0.6055 0.9249 0.0497 0.0253
3 0.5660 0.9489 0.0305 0.0242
3 0.6949 0.9755 0.0260 0.0351
3 0.6431 0.9010 0.0280 0.0242
3 0.7562 0.9717 0.0466 0.0302
3 0.8389 0.8956 0.0229 0.0224
3 0.9376 0.9389 0.0219 0.0246
3 0.9384 0.8923 0.0229 0.0246
3 0.9842 0.7808 0.0196 0.0154
3 0.9829 0.7931 0.0196 0.0154
1 0.9832 0.8060 0.0194 0.0135
1 0.9831 0.8196 0.0190 0.0135
1 0.9834 0.8332 0.0198 0.0135
1 0.9836 0.8468 0.0190 0.0135
1 0.9833 0.8599 0.0185 0.0135
1 0.9833 0.8743 0.0190 0.0135
1 0.9836 0.8876 0.0190 0.0135
1 0.9833 0.9005 0.0190 0.0135
1 0.9820 0.9272 0.0190 0.0135
1 0.9818 0.9406 0.0190 0.0135
1 0.9804 0.9544 0.0205 0.0135
1 0.9954 0.9537 0.0092 0.0135
1 0.9956 0.9408 0.0088 0.0135
1 0.9955 0.9277 0.0090 0.0135
1 0.9963 0.9136 0.0075 0.0135
1 0.9963 0.9010 0.0075 0.0135
1 0.9966 0.8876 0.0068 0.0135
1 0.9965 0.8738 0.0071 0.0135
1 0.9964 0.8599 0.0073 0.0135
1 0.9965 0.8463 0.0071 0.0135
1 0.9967 0.8330 0.0066 0.0135
1 0.9964 0.8060 0.0073 0.0135
3 0.9963 0.7934 0.0075 0.0154
3 0.9963 0.7803 0.0075 0.0154
2 0.3430 0.7825 0.0356 0.0156
2 0.2817 0.7837 0.0331 0.0175
2 0.2560 0.7828 0.0172 0.0159
2 0.3119 0.7833 0.0273 0.0149
2 0.2293 0.7831 0.0357 0.0166
3 0.6999 0.7532 0.0079 0.0205
3 0.6168 0.7709 0.0216 0.0137
3 0.6632 0.7555 0.0283 0.0164
3 0.6170 0.7563 0.0221 0.0161
3 0.6383 0.7555 0.0221 0.0158
3 0.6866 0.7552 0.0187 0.0163
3 0.7002 0.7615 0.0079 0.0136
3 0.6865 0.7664 0.0190 0.0071
3 0.6623 0.7673 0.0282 0.0090
3 0.6382 0.7688 0.0203 0.0107
3 0.9610 0.8918 0.0241 0.0246
3 0.9045 0.8934 0.0466 0.0237
3 0.8654 0.8949 0.0323 0.0242
3 0.9604 0.9377 0.0232 0.0239
3 0.9038 0.9401 0.0454 0.0246
3 0.8653 0.9422 0.0320 0.0231
3 0.8380 0.9430 0.0225 0.0239
3 0.8034 0.8955 0.0492 0.0229
3 0.8035 0.9199 0.0477 0.0247
3 0.8034 0.9433 0.0481 0.0232
3 0.8031 0.9710 0.0472 0.0322
3 0.7568 0.8976 0.0467 0.0229
3 0.7564 0.9217 0.0471 0.0244
3 0.7564 0.9452 0.0474 0.0229
3 0.7210 0.8984 0.0259 0.0236
3 0.6965 0.8993 0.0238 0.0242
3 0.7212 0.9237 0.0247 0.0263
3 0.7211 0.9459 0.0258 0.0239
3 0.6959 0.9473 0.0250 0.0234
3 0.7210 0.9737 0.0254 0.0303
3 0.6706 0.8998 0.0291 0.0239
3 0.6704 0.9238 0.0300 0.0251
3 0.6696 0.9480 0.0294 0.0254
3 0.6432 0.9241 0.0262 0.0254
3 0.6426 0.9482 0.0259 0.0263
3 0.6051 0.9009 0.0500 0.0247
3 0.6054 0.9488 0.0487 0.0249
3 0.5656 0.9014 0.0306 0.0237
3 0.5661 0.9249 0.0303 0.0256
3 0.5356 0.9012 0.0312 0.0241
3 0.5357 0.9258 0.0299 0.0258
3 0.5360 0.9495 0.0305 0.0244
3 0.4956 0.9260 0.0507 0.0249
3 0.4955 0.9500 0.0506 0.0241
3 0.4455 0.9026 0.0500 0.0237
3 0.4459 0.9261 0.0490 0.0247
3 0.4463 0.9503 0.0487 0.0236
3 0.4105 0.9021 0.0226 0.0231
3 0.4101 0.9259 0.0227 0.0242
3 0.3853 0.9014 0.0282 0.0234
3 0.3852 0.9249 0.0276 0.0232
3 0.3584 0.9245 0.0271 0.0246
3 0.3586 0.9488 0.0277 0.0242
3 0.9360 0.7521 0.0190 0.0183
3 0.9565 0.7519 0.0228 0.0178
3 0.9966 0.7514 0.0068 0.0175
3 0.9840 0.7671 0.0196 0.0154
3 0.9963 0.7663 0.0074 0.0147
3 0.3325 0.9251 0.0266 0.0253
