2 0.9690 0.3175 0.0620 0.0685
3 0.4256 0.5784 0.1148 0.1116
3 0.5338 0.4812 0.0993 0.0893
3 0.1134 0.4717 0.1435 0.0894
2 0.7184 0.3932 0.1150 0.0901
2 0.1525 0.7343 0.2127 0.2117
2 0.6619 0.7585 0.1379 0.2259
3 0.8418 0.4900 0.1244 0.1006
3 0.9634 0.5968 0.0733 0.1100
3 0.9436 0.4883 0.1128 0.1004
3 0.7560 0.5935 0.1298 0.1197
3 0.8720 0.5968 0.1321 0.1100
2 0.6898 0.2529 0.0926 0.0572
2 0.6156 0.3155 0.0886 0.0651
2 0.5294 0.5862 0.1112 0.1205
2 0.8930 0.3165 0.1565 0.0704
2 0.3006 0.2578 0.1140 0.0582
2 0.3622 0.3854 0.1028 0.0773
2 0.5337 0.3926 0.0936 0.0863
3 0.3436 0.4724 0.1160 0.0909
2 0.3729 0.3169 0.0936 0.0597
3 0.3219 0.5773 0.1187 0.1158
3 0.7356 0.4867 0.1177 0.0909
3 0.2032 0.5744 0.1601 0.1165
2 0.7693 0.2524 0.0926 0.0606
2 0.2802 0.3165 0.1221 0.0606
3 0.2341 0.4700 0.1437 0.0893
2 0.8631 0.2499 0.1395 0.0599
2 0.4333 0.4788 0.0993 0.0909
3 0.6468 0.5872 0.1244 0.1100
2 0.7945 0.7766 0.1746 0.2406
2 0.5307 0.7581 0.1247 0.2267
3 0.0775 0.5697 0.1531 0.1037
2 0.4477 0.3898 0.0967 0.0779
2 0.8134 0.3946 0.1157 0.0876
2 0.2859 0.7425 0.1628 0.2111
2 0.9208 0.3949 0.1583 0.0837
2 0.2085 0.2565 0.1048 0.0556
2 0.3866 0.2572 0.0865 0.0543
2 0.4584 0.2558 0.0794 0.0570
2 0.5311 0.2545 0.0763 0.0570
2 0.6100 0.2531 0.0855 0.0570
2 0.8202 0.2531 0.0519 0.0570
2 0.1840 0.3162 0.1110 0.0611
2 0.4528 0.3135 0.0845 0.0665
2 0.5317 0.3162 0.0814 0.0665
2 0.7052 0.3155 0.1008 0.0651
2 0.7902 0.3169 0.1059 0.0651
2 0.1530 0.3848 0.1283 0.0760
2 0.2568 0.3861 0.1364 0.0760
2 0.6253 0.3922 0.0998 0.0801
2 0.0580 0.7307 0.1145 0.2150
2 0.4061 0.7454 0.1453 0.2169
2 0.9182 0.7776 0.1636 0.2463
3 0.6343 0.4852 0.1088 0.0974
2 0.9558 0.2514 0.0885 0.0637
