2 0.7233 0.3362 0.0573 0.1740
2 0.7227 0.4946 0.0569 0.1740
2 0.7243 0.6819 0.0642 0.2258
2 0.7757 0.3444 0.0476 0.1674
2 0.0878 0.3649 0.0130 0.0918
2 0.0858 0.4420 0.0125 0.0951
2 0.0847 0.5289 0.0125 0.0875
2 0.0824 0.6087 0.0136 0.0853
2 0.0303 0.6798 0.0465 0.0372
2 0.0800 0.6754 0.0122 0.0394
2 0.0969 0.6765 0.0227 0.0503
2 0.2682 0.6618 0.0248 0.0291
2 0.3879 0.6672 0.0215 0.0455
2 0.3650 0.6700 0.0257 0.0455
2 0.3304 0.6691 0.0468 0.0510
2 0.4914 0.6753 0.0421 0.0790
2 0.9739 0.6940 0.0146 0.1603
2 0.6226 0.4793 0.0478 0.1028
2 0.6705 0.4775 0.0498 0.1117
2 0.6474 0.6890 0.0916 0.3010
2 0.0088 0.3663 0.0176 0.0800
2 0.0386 0.3660 0.0475 0.0815
2 0.0729 0.3663 0.0244 0.0862
2 0.0066 0.5302 0.0132 0.0847
2 0.0056 0.6156 0.0111 0.0862
2 0.0331 0.4486 0.0399 0.0815
2 0.0316 0.5325 0.0427 0.0800
2 0.0327 0.6156 0.0480 0.0831
2 0.0664 0.4456 0.0328 0.0902
2 0.0654 0.5321 0.0315 0.0849
2 0.0661 0.6118 0.0261 0.0797
2 0.1058 0.3519 0.0276 0.0909
2 0.1307 0.3483 0.0276 0.0878
2 0.1898 0.3491 0.0475 0.0862
2 0.1882 0.4329 0.0484 0.0847
2 0.1540 0.4353 0.0264 0.0831
2 0.1032 0.4392 0.0289 0.0972
2 0.1863 0.5168 0.0479 0.0925
2 0.1522 0.5207 0.0293 0.0878
2 0.1272 0.5223 0.0305 0.0847
2 0.1018 0.5231 0.0276 0.0956
2 0.0994 0.6101 0.0276 0.0909
2 0.1534 0.5932 0.0308 0.0771
2 0.2363 0.3451 0.0491 0.0849
2 0.2350 0.4300 0.0511 0.0902
2 0.2345 0.5149 0.0508 0.0875
2 0.2720 0.3452 0.0254 0.0871
2 0.2709 0.4318 0.0271 0.0860
2 0.2700 0.5157 0.0277 0.0904
2 0.2974 0.3458 0.0277 0.0882
2 0.2966 0.4302 0.0277 0.0871
2 0.2954 0.5173 0.0271 0.0871
2 0.2946 0.6018 0.0282 0.0883
2 0.3339 0.3431 0.0454 0.0871
2 0.3328 0.4308 0.0466 0.0882
2 0.3322 0.5162 0.0460 0.0827
2 0.3677 0.3431 0.0243 0.0827
2 0.3667 0.4297 0.0245 0.0926
2 0.3667 0.5146 0.0245 0.0817
2 0.3900 0.3426 0.0226 0.0838
2 0.3895 0.4286 0.0223 0.0904
2 0.3885 0.5108 0.0220 0.0871
2 0.4136 0.3426 0.0274 0.0860
2 0.4132 0.4297 0.0282 0.0860
2 0.4122 0.5113 0.0280 0.0904
2 0.4125 0.5979 0.0285 0.0936
2 0.4379 0.3300 0.0246 0.0915
2 0.4381 0.4161 0.0237 0.0915
2 0.4379 0.5037 0.0229 0.0904
2 0.4609 0.3295 0.0226 0.0838
2 0.4608 0.4144 0.0218 0.0860
2 0.4606 0.5004 0.0226 0.0904
2 0.4948 0.3268 0.0457 0.0871
2 0.4942 0.4117 0.0463 0.0893
2 0.4949 0.5026 0.0460 0.0904
2 0.5413 0.3263 0.0514 0.0772
2 0.5422 0.4101 0.0503 0.0947
2 0.5427 0.4912 0.0497 0.0697
2 0.5810 0.4122 0.0264 0.0909
2 0.5812 0.4844 0.0284 0.0847
2 0.6190 0.3605 0.0439 0.1474
2 0.6680 0.3495 0.0524 0.1662
2 0.8219 0.6900 0.0395 0.2164
2 0.8514 0.6928 0.0264 0.2145
2 0.8711 0.6872 0.0269 0.1994
2 0.9028 0.6872 0.0171 0.1881
2 0.9204 0.6881 0.0308 0.1863
2 0.9394 0.6909 0.0181 0.1769
2 0.8194 0.5047 0.0376 0.1618
2 0.8455 0.5122 0.0274 0.1543
2 0.8655 0.5225 0.0235 0.1486
2 0.8828 0.5291 0.0200 0.1430
2 0.8965 0.5244 0.0181 0.1373
2 0.9172 0.5338 0.0303 0.1261
2 0.9343 0.5413 0.0166 0.1223
2 0.9591 0.5498 0.0147 0.1204
2 0.8165 0.3607 0.0395 0.1674
2 0.8433 0.3748 0.0259 0.1580
2 0.8789 0.3927 0.0191 0.1411
2 0.8940 0.4031 0.0200 0.1392
2 0.9123 0.4106 0.0303 0.1430
2 0.9440 0.4285 0.0176 0.1261
2 0.9560 0.4303 0.0152 0.1261
2 0.9682 0.4350 0.0180 0.1091
2 0.9819 0.5588 0.0138 0.1160
2 0.9928 0.5659 0.0143 0.1176
2 0.9798 0.4482 0.0134 0.1146
2 0.9912 0.4499 0.0176 0.1082
1 0.9687 0.2432 0.0187 0.0380
1 0.9868 0.2400 0.0183 0.0393
1 0.9861 0.1962 0.0183 0.0459
1 0.6730 0.0908 0.0134 0.0408
1 0.6852 0.0893 0.0102 0.0439
1 0.6961 0.0885 0.0126 0.0423
1 0.7199 0.0861 0.0114 0.0439
1 0.7323 0.0885 0.0134 0.0455
1 0.6606 0.1316 0.0114 0.0376
1 0.6732 0.1300 0.0130 0.0376
1 0.7305 0.1332 0.0098 0.0376
1 0.7075 0.1253 0.0134 0.0282
1 0.7841 0.0838 0.0106 0.0423
1 0.5271 0.2253 0.0160 0.0315
1 0.5145 0.2253 0.0088 0.0328
1 0.5026 0.2256 0.0141 0.0309
1 0.5271 0.2552 0.0170 0.0259
1 0.5147 0.2558 0.0085 0.0272
1 0.5034 0.2555 0.0141 0.0302
1 0.4456 0.1030 0.0203 0.0359
1 0.4459 0.1386 0.0204 0.0353
1 0.4454 0.1739 0.0201 0.0328
3 0.4162 0.0671 0.0134 0.0473
3 0.4157 0.1087 0.0139 0.0334
3 0.4159 0.1446 0.0137 0.0372
3 0.4162 0.2230 0.0132 0.0391
3 0.9878 0.2811 0.0183 0.0432
2 0.7771 0.4943 0.0520 0.1712
2 0.9630 0.6867 0.0136 0.1684
2 0.9703 0.5535 0.0165 0.1202
3 0.4158 0.1833 0.0136 0.0391
1 0.6605 0.0924 0.0114 0.0423
1 0.4459 0.0616 0.0204 0.0441
1 0.4454 0.2126 0.0201 0.0422
1 0.5434 0.2555 0.0163 0.0278
1 0.5435 0.2251 0.0162 0.0321
1 0.7087 0.0877 0.0126 0.0408
2 0.9313 0.4228 0.0166 0.1261
1 0.9680 0.1982 0.0187 0.0472
2 0.8614 0.3871 0.0249 0.1486
2 0.9482 0.5442 0.0181 0.1167
2 0.9523 0.6853 0.0186 0.1693
2 0.4378 0.5941 0.0237 0.0882
2 0.8894 0.6900 0.0186 0.1938
2 0.7809 0.6768 0.0551 0.2277
2 0.4924 0.5908 0.0404 0.0882
2 0.4592 0.5919 0.0243 0.0904
2 0.3657 0.5990 0.0260 0.0893
2 0.3880 0.5985 0.0231 0.0883
2 0.3310 0.5984 0.0485 0.0926
2 0.2686 0.6028 0.0282 0.0882
2 0.2324 0.5960 0.0494 0.0849
2 0.1866 0.5979 0.0478 0.0758
2 0.1290 0.4337 0.0284 0.0894
2 0.1552 0.3483 0.0272 0.0847
2 0.0082 0.4447 0.0164 0.0862
1 0.7646 0.0853 0.0234 0.0392
1 0.9967 0.1979 0.0065 0.0459
1 0.9974 0.2425 0.0052 0.0459
1 0.6113 0.2104 0.0103 0.0459
2 0.0647 0.6748 0.0224 0.0361
2 0.2941 0.6672 0.0264 0.0419
2 0.5812 0.3291 0.0275 0.0737
