1 0.2843 0.7347 0.1425 0.1001
2 0.2946 0.1992 0.0670 0.0688
1 0.3066 0.6387 0.1391 0.0866
2 0.9897 0.9244 0.0205 0.0428
1 0.8873 0.6511 0.0901 0.0939
1 0.4423 0.6410 0.1322 0.0911
2 0.8568 0.1861 0.0652 0.0661
2 0.8244 0.5578 0.0684 0.0770
2 0.3791 0.4008 0.1330 0.0719
1 0.8021 0.8430 0.0889 0.1035
2 0.1953 0.3302 0.0811 0.0693
2 0.3103 0.3290 0.0751 0.0718
1 0.2182 0.6379 0.0652 0.0935
2 0.2310 0.4039 0.0701 0.0702
2 0.9135 0.3182 0.0721 0.0716
1 0.1908 0.7292 0.0515 0.0979
2 0.6182 0.3954 0.1202 0.0726
2 0.2157 0.2648 0.0704 0.0609
2 0.4144 0.2615 0.1294 0.0630
2 0.2078 0.4763 0.0622 0.0749
2 0.9887 0.7456 0.0225 0.0378
2 0.8440 0.3224 0.0669 0.0761
2 0.6062 0.4769 0.1167 0.0892
2 0.2746 0.2651 0.0693 0.0649
2 0.7710 0.1256 0.1167 0.0566
2 0.7581 0.2561 0.1219 0.0653
1 0.8846 0.7462 0.0990 0.0883
2 0.6421 0.2572 0.1095 0.0631
2 0.3942 0.9435 0.1322 0.1131
2 0.9109 0.4008 0.0704 0.0848
2 0.3465 0.1996 0.0643 0.0617
2 0.0483 0.9783 0.0618 0.0435
2 0.1238 0.5574 0.0893 0.0805
2 0.1489 0.4776 0.0837 0.0774
2 0.3293 0.2645 0.0663 0.0604
2 0.1513 0.9195 0.0584 0.1044
1 0.6929 0.8391 0.1425 0.1131
2 0.8517 0.2528 0.0687 0.0631
2 0.2984 0.4017 0.0673 0.0711
1 0.7135 0.6465 0.1459 0.0761
2 0.1526 0.6392 0.0626 0.0831
2 0.9869 0.8778 0.0248 0.0453
2 0.9864 0.7866 0.0238 0.0415
2 0.9075 0.4780 0.0772 0.0740
2 0.4351 0.1985 0.1156 0.0631
2 0.1745 0.4029 0.0807 0.0718
1 0.1728 0.8227 0.0601 0.1022
1 0.6999 0.7363 0.1525 0.0963
2 0.6749 0.9489 0.1511 0.1022
1 0.2697 0.8313 0.1270 0.0933
1 0.3994 0.8358 0.1356 0.0996
2 0.0749 0.7179 0.0772 0.0900
2 0.3989 0.3306 0.1297 0.0706
2 0.4579 0.0775 0.1182 0.0561
2 0.9869 0.5826 0.0261 0.0340
2 0.1102 0.8158 0.0615 0.0944
2 0.6294 0.3246 0.1081 0.0674
2 0.8411 0.3988 0.0680 0.0766
2 0.8354 0.4777 0.0635 0.0822
1 0.5833 0.5602 0.1385 0.0774
2 0.3280 0.0825 0.0619 0.0618
2 0.5281 0.2622 0.1169 0.0601
2 0.7346 0.4769 0.1381 0.0848
2 0.7422 0.3964 0.1313 0.0761
1 0.7179 0.5650 0.1371 0.0827
2 0.9186 0.2496 0.0652 0.0653
2 0.5410 0.1987 0.1133 0.0680
2 0.9882 0.6613 0.0235 0.0353
2 0.4472 0.1365 0.1236 0.0636
2 0.3639 0.1402 0.0693 0.0561
2 0.4998 0.4013 0.1167 0.0729
2 0.7650 0.1876 0.1150 0.0674
2 0.5157 0.3279 0.1244 0.0760
2 0.6452 0.1955 0.1212 0.0703
2 0.1310 0.7259 0.0647 0.0868
2 0.3795 0.0810 0.0619 0.0543
1 0.5521 0.7366 0.1391 0.0961
2 0.7968 0.9484 0.0893 0.1033
1 0.8830 0.8402 0.0987 0.1023
2 0.0586 0.8108 0.0687 0.0914
2 0.5298 0.9446 0.1356 0.1066
2 0.9884 0.6292 0.0219 0.0264
1 0.4199 0.7347 0.1253 0.1001
2 0.0972 0.9815 0.0395 0.0370
2 0.8937 0.1245 0.1253 0.0544
2 0.5573 0.1343 0.0978 0.0522
2 0.9869 0.8331 0.0248 0.0415
1 0.4749 0.5563 0.1184 0.0827
2 0.0954 0.9140 0.0533 0.0977
2 0.2371 0.2028 0.0755 0.0587
1 0.5444 0.8396 0.1511 0.1056
1 0.8105 0.7422 0.0754 0.0934
2 0.8886 0.9478 0.0910 0.1001
2 0.9196 0.1860 0.0633 0.0600
2 0.6561 0.1295 0.1062 0.0601
1 0.5702 0.6426 0.1408 0.0856
2 0.2570 0.1428 0.0763 0.0548
2 0.3127 0.1418 0.0623 0.0580
2 0.4834 0.4760 0.1321 0.0747
1 0.3423 0.5522 0.1444 0.0831
2 0.2696 0.4757 0.0729 0.0725
1 0.2456 0.5519 0.0833 0.0799
2 0.0492 0.9054 0.0601 0.1022
2 0.2552 0.9359 0.1494 0.1153
2 0.1007 0.6357 0.0841 0.0761
2 0.9032 0.5574 0.0858 0.0848
2 0.3643 0.4745 0.1416 0.0725
2 0.9879 0.7060 0.0209 0.0441
2 0.1770 0.5567 0.0585 0.0835
2 0.7487 0.3262 0.1305 0.0707
1 0.8175 0.6465 0.0786 0.0935
2 0.2561 0.3309 0.0651 0.0713
2 0.2729 0.0835 0.0761 0.0595
