1 0.8972 0.4791 0.0572 0.0498
3 0.0390 0.5093 0.0521 0.0526
1 0.7375 0.1570 0.0747 0.0492
1 0.2820 0.6635 0.0566 0.0508
1 0.8929 0.2606 0.0586 0.0535
1 0.1003 0.4531 0.0622 0.0518
1 0.7404 0.2666 0.0800 0.0493
1 0.7399 0.2116 0.0747 0.0511
1 0.1019 0.5615 0.0696 0.0563
1 0.8960 0.4252 0.0573 0.0483
1 0.8321 0.7568 0.0759 0.0588
1 0.2765 0.3384 0.0566 0.0507
1 0.4042 0.0597 0.1019 0.0611
1 0.9540 0.1526 0.0644 0.0517
1 0.2293 0.2259 0.0329 0.0529
1 0.3392 0.6636 0.0492 0.0520
1 0.0349 0.2714 0.0464 0.0302
1 0.2830 0.7205 0.0587 0.0557
1 0.5164 0.3843 0.1077 0.0508
1 0.5279 0.8680 0.1092 0.0305
1 0.6382 0.4355 0.1266 0.0520
1 0.2793 0.5008 0.0556 0.0531
1 0.6429 0.5411 0.1274 0.0481
1 0.4061 0.1147 0.1022 0.0536
1 0.9019 0.6424 0.0569 0.0490
1 0.9668 0.5900 0.0663 0.0522
1 0.1066 0.8348 0.0694 0.0535
1 0.3277 0.0647 0.0490 0.0539
1 0.7496 0.7056 0.0775 0.0555
1 0.2199 0.6669 0.0624 0.0543
1 0.2757 0.2821 0.0562 0.0535
1 0.2173 0.4510 0.0601 0.0495
1 0.7370 0.1048 0.0763 0.0515
1 0.1656 0.2687 0.0955 0.0321
1 0.0467 0.8336 0.0517 0.0488
1 0.0454 0.6724 0.0493 0.0524
1 0.6344 0.2672 0.1278 0.0602
1 0.2756 0.2285 0.0541 0.0491
1 0.5247 0.7633 0.1095 0.0518
1 0.9681 0.6461 0.0639 0.0507
1 0.1642 0.6648 0.0450 0.0536
1 0.5159 0.3305 0.1053 0.0500
1 0.6318 0.1056 0.1305 0.0588
1 0.7451 0.4828 0.0778 0.0539
1 0.2735 0.0653 0.0548 0.0545
1 0.4094 0.3873 0.1002 0.0500
1 0.4141 0.6057 0.1011 0.0508
1 0.0401 0.3466 0.0479 0.0475
1 0.8286 0.6463 0.0776 0.0494
1 0.8910 0.2068 0.0602 0.0498
1 0.0450 0.8790 0.0517 0.0403
1 0.5259 0.8211 0.1109 0.0557
3 0.4335 0.9189 0.0779 0.0684
1 0.3427 0.8688 0.0433 0.0328
1 0.8879 0.0982 0.0584 0.0528
1 0.4097 0.2788 0.1027 0.0505
1 0.1649 0.2319 0.0930 0.0453
1 0.9705 0.7501 0.0590 0.0502
1 0.1671 0.8296 0.0477 0.0559
1 0.6435 0.6521 0.1334 0.0497
1 0.5215 0.6021 0.1066 0.0497
1 0.0451 0.7808 0.0517 0.0488
1 0.8285 0.5898 0.0760 0.0515
1 0.2307 0.2659 0.0329 0.0302
1 0.4119 0.4962 0.1010 0.0514
1 0.0883 0.2717 0.0580 0.0302
1 0.6292 0.0572 0.1284 0.0618
1 0.2711 0.1239 0.0548 0.0532
1 0.8951 0.3719 0.0588 0.0512
1 0.6458 0.7600 0.1300 0.0502
1 0.2770 0.3911 0.0552 0.0522
3 0.7958 0.9308 0.1579 0.0950
1 0.2186 0.5047 0.0592 0.0532
1 0.6476 0.8147 0.1311 0.0519
2 0.1620 0.5061 0.0472 0.0580
1 0.7509 0.7560 0.0782 0.0531
1 0.9686 0.6968 0.0627 0.0467
1 0.5138 0.2223 0.1068 0.0497
1 0.1642 0.1828 0.0930 0.0574
1 0.2184 0.5601 0.0624 0.0542
1 0.7529 0.8120 0.0772 0.0522
1 0.1626 0.6120 0.0469 0.0475
1 0.6375 0.3797 0.1290 0.0509
1 0.6402 0.4917 0.1287 0.0481
1 0.2858 0.7706 0.0605 0.0556
1 0.8268 0.5352 0.0782 0.0504
1 0.8242 0.3725 0.0767 0.0541
1 0.6426 0.5968 0.1298 0.0605
1 0.8259 0.4248 0.0782 0.0519
1 0.9613 0.4226 0.0617 0.0468
1 0.3326 0.3888 0.0465 0.0522
1 0.9022 0.8039 0.0563 0.0505
1 0.7550 0.8593 0.0772 0.0371
1 0.6343 0.2123 0.1300 0.0571
1 0.8189 0.1558 0.0768 0.0556
3 0.9066 0.9291 0.0611 0.0918
1 0.7432 0.4313 0.0786 0.0527
3 0.3015 0.9227 0.0569 0.0702
1 0.2291 0.1780 0.0329 0.0529
1 0.1643 0.7183 0.0452 0.0553
1 0.5197 0.4960 0.1075 0.0513
1 0.0393 0.4004 0.0509 0.0546
1 0.9652 0.5326 0.0666 0.0537
1 0.9695 0.8532 0.0610 0.0379
1 0.9585 0.3697 0.0634 0.0498
1 0.0476 0.7311 0.0495 0.0555
1 0.4159 0.7134 0.1015 0.0532
1 0.7478 0.5944 0.0798 0.0518
1 0.3281 0.2271 0.0491 0.0509
1 0.9550 0.2064 0.0648 0.0492
1 0.1615 0.5602 0.0464 0.0529
1 0.6478 0.8626 0.1311 0.0420
1 0.2235 0.8289 0.0606 0.0595
1 0.9026 0.6951 0.0547 0.0532
1 0.4091 0.4423 0.1016 0.0503
1 0.1580 0.3417 0.0505 0.0531
1 0.4149 0.6588 0.1032 0.0503
1 0.3313 0.2787 0.0502 0.0524
1 0.0973 0.3995 0.0606 0.0526
1 0.1690 0.8756 0.0495 0.0344
1 0.2150 0.3946 0.0577 0.0523
1 0.8987 0.5359 0.0565 0.0517
1 0.8939 0.3160 0.0569 0.0509
1 0.8275 0.4826 0.0776 0.0526
1 0.0895 0.2334 0.0596 0.0463
3 0.2399 0.9225 0.0569 0.0611
1 0.2866 0.8727 0.0579 0.0321
1 0.0885 0.1848 0.0620 0.0529
1 0.1060 0.7798 0.0685 0.0583
1 0.8185 0.1009 0.0772 0.0511
1 0.5151 0.2778 0.1084 0.0517
1 0.2145 0.3398 0.0610 0.0513
1 0.7358 0.0497 0.0817 0.0502
1 0.5220 0.6576 0.1081 0.0496
1 0.3274 0.1732 0.0462 0.0509
1 0.6449 0.7065 0.1316 0.0535
1 0.8997 0.5900 0.0578 0.0491
1 0.4136 0.5528 0.1002 0.0517
1 0.3411 0.7685 0.0496 0.0511
1 0.7463 0.5379 0.0757 0.0533
1 0.5129 0.1685 0.1052 0.0477
1 0.2726 0.1763 0.0548 0.0532
1 0.0391 0.5596 0.0448 0.0522
1 0.0401 0.4565 0.0496 0.0529
1 0.2853 0.8257 0.0579 0.0569
1 0.5172 0.4387 0.1073 0.0515
1 0.9588 0.3123 0.0628 0.0492
1 0.8891 0.0430 0.0561 0.0558
1 0.8346 0.8580 0.0772 0.0384
3 0.1594 0.4512 0.0511 0.0492
1 0.6325 0.1582 0.1302 0.0615
1 0.4088 0.3345 0.1029 0.0526
3 0.3628 0.9181 0.0635 0.0662
1 0.4174 0.7670 0.1004 0.0521
1 0.8892 0.1528 0.0581 0.0530
1 0.2196 0.6128 0.0624 0.0543
1 0.7434 0.3740 0.0785 0.0527
1 0.2797 0.5543 0.0577 0.0564
1 0.8331 0.8077 0.0757 0.0548
1 0.3363 0.6078 0.0484 0.0497
1 0.6370 0.3233 0.1270 0.0509
3 0.6510 0.9132 0.1311 0.0560
1 0.5244 0.7106 0.1063 0.0503
1 0.1013 0.5090 0.0640 0.0559
1 0.0344 0.2334 0.0463 0.0529
1 0.2204 0.7195 0.0597 0.0493
1 0.2211 0.7736 0.0582 0.0523
1 0.9057 0.8565 0.0605 0.0469
1 0.2807 0.6096 0.0566 0.0508
1 0.8233 0.3191 0.0769 0.0518
1 0.3344 0.4974 0.0462 0.0513
1 0.9587 0.2595 0.0631 0.0511
1 0.4187 0.8230 0.0990 0.0560
1 0.1089 0.8782 0.0694 0.0358
1 0.3365 0.5527 0.0499 0.0561
3 0.1812 0.9244 0.0569 0.0648
1 0.7415 0.3207 0.0770 0.0486
1 0.9033 0.7496 0.0586 0.0533
1 0.3262 0.1191 0.0490 0.0500
1 0.8169 0.0474 0.0761 0.0523
1 0.4193 0.8678 0.1023 0.0328
1 0.4064 0.1715 0.1035 0.0557
1 0.5218 0.5481 0.1086 0.0469
1 0.5123 0.1152 0.1077 0.0496
1 0.2256 0.8756 0.0606 0.0327
1 0.8299 0.7015 0.0795 0.0519
1 0.1654 0.7723 0.0482 0.0523
1 0.4065 0.2235 0.0996 0.0540
1 0.9703 0.8048 0.0593 0.0515
1 0.9642 0.4768 0.0640 0.0479
1 0.3312 0.3340 0.0502 0.0539
1 0.1578 0.3964 0.0502 0.0527
1 0.0973 0.3439 0.0619 0.0525
1 0.7485 0.6486 0.0789 0.0541
3 0.5261 0.9119 0.1154 0.0560
1 0.5103 0.0577 0.1064 0.0577
1 0.0339 0.1851 0.0464 0.0529
1 0.3422 0.8232 0.0477 0.0534
1 0.8190 0.2098 0.0779 0.0500
1 0.8209 0.2634 0.0753 0.0540
1 0.3406 0.7171 0.0466 0.0513
1 0.9533 0.0971 0.0622 0.0509
1 0.2784 0.4457 0.0558 0.0521
1 0.3318 0.4424 0.0505 0.0523
