3 0.8107 0.5686 0.1954 0.1890
3 0.6064 0.5708 0.2198 0.1754
3 0.4132 0.5652 0.2332 0.1777
2 0.5131 0.1490 0.1665 0.1211
2 0.2855 0.2689 0.2043 0.1257
2 0.4820 0.2723 0.1910 0.1279
2 0.8179 0.2790 0.1765 0.1302
2 0.2450 0.4052 0.2232 0.1471
2 0.4548 0.4052 0.1965 0.1449
2 0.8162 0.4165 0.1776 0.1426
2 0.1233 0.7994 0.2467 0.3042
2 0.3644 0.8033 0.2642 0.3009
2 0.8173 0.8067 0.1998 0.2828
2 0.6525 0.1520 0.1565 0.1150
2 0.5820 0.8073 0.2687 0.2997
2 0.6436 0.2734 0.1765 0.1257
2 0.6286 0.4108 0.2021 0.1471
2 0.3255 0.1495 0.2021 0.1155
3 0.1806 0.5618 0.2409 0.1709
2 0.8190 0.1575 0.1765 0.1131
