2 0.4781 0.5311 0.1178 0.0356
3 0.5853 0.6815 0.0713 0.0347
2 0.1527 0.5639 0.1637 0.0376
2 0.8481 0.4303 0.1627 0.0403
3 0.5809 0.6077 0.0732 0.0340
3 0.8549 0.8249 0.1481 0.0316
3 0.6929 0.6813 0.1358 0.0324
3 0.8553 0.7888 0.1522 0.0313
2 0.8479 0.4661 0.1600 0.0372
3 0.1580 0.6382 0.1793 0.0319
3 0.5816 0.7901 0.0657 0.0345
2 0.1491 0.3685 0.1743 0.0409
2 0.8461 0.5749 0.1554 0.0335
3 0.3414 0.9366 0.1661 0.0351
2 0.6938 0.4619 0.1484 0.0388
2 0.5801 0.4596 0.0747 0.0353
2 0.8485 0.3924 0.1497 0.0387
2 0.5897 0.9745 0.0743 0.0446
3 0.3432 0.8264 0.1612 0.0340
3 0.4839 0.7169 0.1135 0.0323
2 0.1530 0.5235 0.1651 0.0361
2 0.1512 0.4845 0.1621 0.0404
3 0.1553 0.6012 0.1726 0.0350
3 0.3389 0.7152 0.1652 0.0328
2 0.6944 0.5729 0.1394 0.0358
3 0.6991 0.9310 0.1470 0.0347
3 0.8538 0.8601 0.1508 0.0321
2 0.4753 0.4543 0.1261 0.0358
3 0.1601 0.6766 0.1781 0.0351
2 0.6945 0.3887 0.1428 0.0439
3 0.4826 0.7532 0.1139 0.0330
1 0.4866 0.8995 0.1194 0.0309
3 0.5834 0.8976 0.0667 0.0328
2 0.6957 0.5365 0.1373 0.0356
3 0.1618 0.7133 0.1761 0.0316
2 0.8483 0.5031 0.1516 0.0341
3 0.5811 0.8625 0.0658 0.0324
3 0.1673 0.7885 0.1755 0.0322
1 0.6983 0.8977 0.1459 0.0333
2 0.4774 0.4924 0.1235 0.0355
3 0.8525 0.7544 0.1552 0.0337
2 0.3285 0.5642 0.1743 0.0367
3 0.6933 0.6105 0.1381 0.0342
1 0.6961 0.8608 0.1531 0.0325
3 0.6934 0.7553 0.1325 0.0347
3 0.1687 0.9387 0.1686 0.0369
2 0.1805 0.9790 0.1369 0.0393
3 0.3332 0.6034 0.1679 0.0339
1 0.1668 0.9015 0.1747 0.0347
3 0.6943 0.7907 0.1382 0.0321
3 0.3394 0.7533 0.1638 0.0327
1 0.8524 0.8953 0.1553 0.0308
3 0.5881 0.9328 0.0710 0.0348
3 0.8529 0.6474 0.1578 0.0328
2 0.8471 0.5382 0.1494 0.0352
2 0.3247 0.3753 0.1765 0.0421
3 0.5835 0.6451 0.0695 0.0337
2 0.4805 0.4163 0.1249 0.0385
3 0.5842 0.7177 0.0774 0.0338
3 0.8548 0.6834 0.1594 0.0322
3 0.8487 0.9278 0.1405 0.0337
3 0.3238 0.4125 0.1795 0.0369
2 0.4840 0.9751 0.1171 0.0446
3 0.8542 0.7191 0.1561 0.0324
2 0.5783 0.3829 0.0755 0.0364
3 0.3361 0.6400 0.1666 0.0316
2 0.3270 0.5284 0.1778 0.0366
2 0.8454 0.9691 0.1434 0.0457
1 0.1654 0.8662 0.1771 0.0395
3 0.1643 0.7522 0.1753 0.0336
3 0.9635 0.9335 0.0635 0.0344
3 0.4774 0.6061 0.1009 0.0349
2 0.3372 0.9770 0.1634 0.0434
3 0.4835 0.6419 0.1114 0.0322
3 0.4852 0.6798 0.1142 0.0334
2 0.5812 0.4966 0.0733 0.0350
2 0.4777 0.5672 0.1218 0.0352
3 0.4856 0.8285 0.1178 0.0341
1 0.4875 0.8641 0.1188 0.0309
2 0.5811 0.5333 0.0741 0.0329
1 0.1664 0.8270 0.1747 0.0329
2 0.5839 0.5698 0.0768 0.0361
1 0.3433 0.8628 0.1659 0.0347
1 0.3413 0.8999 0.1664 0.0348
2 0.6932 0.4997 0.1420 0.0357
2 0.4730 0.3776 0.1233 0.0423
3 0.5861 0.7533 0.0727 0.0342
3 0.3381 0.6785 0.1696 0.0330
2 0.6965 0.4255 0.1468 0.0414
3 0.5827 0.8266 0.0632 0.0350
3 0.6914 0.6464 0.1378 0.0331
2 0.1487 0.4458 0.1643 0.0408
2 0.5809 0.4218 0.0731 0.0364
2 0.3237 0.4516 0.1855 0.0375
2 0.3246 0.4910 0.1745 0.0377
3 0.6952 0.8251 0.1547 0.0320
3 0.1483 0.4070 0.1617 0.0339
3 0.6953 0.7170 0.1354 0.0350
2 0.7008 0.9720 0.1355 0.0451
3 0.4843 0.7892 0.1130 0.0352
3 0.3416 0.7879 0.1643 0.0308
3 0.8504 0.6120 0.1594 0.0349
3 0.4860 0.9334 0.1164 0.0343
