3 0.5784 0.4585 0.0699 0.0730
3 0.1589 0.7358 0.0704 0.0833
3 0.0793 0.8067 0.0305 0.0840
2 0.2700 0.9276 0.0362 0.1313
2 0.0802 0.3475 0.0579 0.0870
3 0.2273 0.7267 0.0722 0.0876
3 0.6510 0.5276 0.0661 0.0823
2 0.6834 0.2294 0.0364 0.0768
2 0.2516 0.3344 0.0648 0.0773
2 0.4371 0.2421 0.0598 0.0660
3 0.7431 0.6922 0.0352 0.1021
2 0.8631 0.2288 0.0442 0.0760
3 0.3785 0.8101 0.0354 0.0910
2 0.7518 0.3684 0.0350 0.0846
2 0.1945 0.2760 0.0599 0.0700
3 0.6923 0.4430 0.0316 0.0828
2 0.0344 0.4270 0.0347 0.0766
2 0.5762 0.3784 0.0702 0.0719
2 0.3798 0.9247 0.0296 0.1259
2 0.7934 0.8973 0.0416 0.1385
3 0.7910 0.4379 0.0322 0.0852
2 0.1071 0.4914 0.0359 0.0879
2 0.8508 0.1006 0.0409 0.0646
3 0.0464 0.8037 0.0436 0.0824
3 0.9398 0.6712 0.0261 0.0890
2 0.7675 0.1650 0.0324 0.0800
2 0.7084 0.1631 0.0321 0.0760
2 0.5027 0.2399 0.0683 0.0687
3 0.6470 0.4452 0.0657 0.0733
2 0.3411 0.9288 0.0309 0.1373
2 0.5032 0.3088 0.0683 0.0730
3 0.5051 0.4610 0.0710 0.0766
3 0.6968 0.5211 0.0309 0.0815
2 0.8141 0.2247 0.0598 0.0912
2 0.1730 0.5668 0.0665 0.0811
3 0.8046 0.5956 0.0322 0.0871
3 0.3464 0.7198 0.0334 0.0853
2 0.1347 0.4873 0.0378 0.0880
2 0.7590 0.9009 0.0409 0.1373
3 0.3801 0.7179 0.0317 0.0824
2 0.7242 0.9030 0.0429 0.1422
3 0.4324 0.8131 0.0688 0.0922
2 0.3892 0.3174 0.0341 0.0778
3 0.8196 0.7736 0.0385 0.1039
2 0.1900 0.3433 0.0627 0.0773
2 0.3545 0.4701 0.0312 0.0822
2 0.5058 0.5462 0.0702 0.0779
3 0.7298 0.5219 0.0311 0.0843
2 0.5908 0.9182 0.0798 0.1216
3 0.9007 0.5965 0.0426 0.0963
2 0.3597 0.2489 0.0316 0.0718
2 0.3060 0.9273 0.0386 0.1295
2 0.8215 0.2937 0.0625 0.0811
3 0.7565 0.4391 0.0332 0.0862
2 0.0880 0.2877 0.0579 0.0699
3 0.9433 0.7467 0.0207 0.0764
2 0.6870 0.2989 0.0373 0.0850
3 0.7678 0.5978 0.0329 0.0900
2 0.1006 0.9154 0.0312 0.1162
2 0.1220 0.6415 0.0354 0.0888
2 0.1477 0.3457 0.0344 0.0826
2 0.0552 0.6469 0.0527 0.0861
3 0.7344 0.5979 0.0327 0.0855
2 0.5040 0.3833 0.0697 0.0688
3 0.5826 0.6234 0.0741 0.0825
3 0.5080 0.8116 0.0798 0.0816
2 0.0756 0.9093 0.0265 0.1176
3 0.2756 0.8110 0.0341 0.0942
3 0.7093 0.6958 0.0356 0.0970
3 0.3126 0.7233 0.0366 0.0856
3 0.2220 0.8192 0.0750 0.0825
2 0.2431 0.4833 0.0665 0.0798
3 0.9136 0.7628 0.0359 0.0839
2 0.2847 0.6341 0.0330 0.0849
3 0.8106 0.6884 0.0360 0.1033
2 0.1277 0.5632 0.0360 0.0910
3 0.9213 0.4383 0.0380 0.0839
3 0.7181 0.7917 0.0414 0.0961
2 0.4356 0.5469 0.0641 0.0808
2 0.8033 0.0987 0.0565 0.0670
2 0.1412 0.4147 0.0350 0.0888
2 0.4354 0.6278 0.0637 0.0757
3 0.5085 0.7184 0.0748 0.0797
2 0.1518 0.2792 0.0343 0.0730
2 0.1252 0.2834 0.0299 0.0657
2 0.3836 0.6299 0.0343 0.0834
2 0.8572 0.1626 0.0441 0.0752
2 0.7471 0.2977 0.0355 0.0828
2 0.0470 0.2943 0.0365 0.0676
3 0.7964 0.5148 0.0329 0.0821
2 0.6336 0.1627 0.0632 0.0642
2 0.3566 0.3922 0.0320 0.0788
2 0.8740 0.8826 0.0582 0.1295
2 0.0265 0.5690 0.0263 0.0738
2 0.5063 0.6301 0.0718 0.0752
3 0.5893 0.8045 0.0759 0.0927
2 0.7132 0.2294 0.0362 0.0799
2 0.3519 0.5482 0.0323 0.0771
2 0.7633 0.1000 0.0310 0.0737
2 0.8704 0.2994 0.0430 0.0840
3 0.9348 0.5881 0.0318 0.0820
2 0.6422 0.3747 0.0632 0.0809
2 0.1676 0.6466 0.0650 0.0875
2 0.2921 0.4751 0.0323 0.0837
3 0.2792 0.7217 0.0321 0.0821
2 0.9016 0.2229 0.0412 0.0882
2 0.2947 0.3990 0.0323 0.0829
2 0.3168 0.6351 0.0341 0.0847
2 0.3846 0.5491 0.0332 0.0806
3 0.0189 0.7949 0.0134 0.0758
2 0.3283 0.3219 0.0344 0.0792
3 0.7244 0.4395 0.0312 0.0802
3 0.6631 0.7975 0.0730 0.0951
2 0.9439 0.8461 0.0174 0.1087
3 0.9147 0.3652 0.0344 0.0786
3 0.5862 0.7147 0.0765 0.0815
2 0.4363 0.3857 0.0615 0.0761
2 0.3232 0.4738 0.0330 0.0859
2 0.0300 0.4974 0.0301 0.0769
2 0.0742 0.4218 0.0572 0.0798
3 0.1525 0.8174 0.0691 0.0851
2 0.0877 0.7268 0.0329 0.0882
3 0.8661 0.7749 0.0610 0.0904
3 0.7621 0.5178 0.0336 0.0844
2 0.3897 0.2466 0.0345 0.0730
2 0.1138 0.4197 0.0343 0.0855
2 0.7735 0.2295 0.0337 0.0833
3 0.8438 0.5180 0.0629 0.0842
2 0.2162 0.9301 0.0764 0.1271
2 0.1197 0.3469 0.0338 0.0838
3 0.7014 0.6042 0.0319 0.0862
3 0.6548 0.6170 0.0683 0.0834
2 0.6396 0.3018 0.0638 0.0750
3 0.8299 0.3641 0.0621 0.0745
2 0.8087 0.1582 0.0607 0.0804
3 0.9280 0.5113 0.0329 0.0787
2 0.2479 0.4069 0.0660 0.0749
2 0.3008 0.2557 0.0306 0.0743
3 0.3428 0.8091 0.0321 0.0946
3 0.6586 0.7053 0.0713 0.0891
2 0.0933 0.6460 0.0333 0.0902
3 0.7775 0.6853 0.0386 0.1020
2 0.7427 0.2279 0.0368 0.0807
3 0.3082 0.8087 0.0364 0.0910
2 0.3299 0.2519 0.0332 0.0710
3 0.4334 0.7225 0.0701 0.0923
2 0.0992 0.5661 0.0356 0.0809
2 0.2886 0.5517 0.0313 0.0834
2 0.7178 0.2979 0.0364 0.0829
2 0.7380 0.1615 0.0349 0.0824
2 0.1470 0.9285 0.0677 0.1199
2 0.5740 0.3089 0.0697 0.0660
2 0.2560 0.2668 0.0627 0.0687
2 0.0441 0.8981 0.0377 0.1106
2 0.3507 0.6338 0.0321 0.0798
2 0.2391 0.5610 0.0694 0.0846
2 0.9068 0.2915 0.0373 0.0799
2 0.3195 0.5507 0.0346 0.0785
2 0.1782 0.4900 0.0662 0.0856
2 0.3588 0.3178 0.0319 0.0795
3 0.7851 0.7787 0.0405 0.1000
2 0.5683 0.1621 0.0684 0.0711
2 0.7208 0.3703 0.0349 0.0894
3 0.8861 0.4383 0.0420 0.0794
2 0.9161 0.8627 0.0304 0.1267
2 0.7788 0.2974 0.0331 0.0825
2 0.4336 0.9273 0.0727 0.1321
3 0.1149 0.7241 0.0332 0.0918
2 0.6903 0.3702 0.0349 0.0887
2 0.3858 0.4677 0.0331 0.0802
2 0.0400 0.3592 0.0365 0.0771
3 0.8523 0.6027 0.0637 0.0847
2 0.0506 0.7260 0.0488 0.0801
2 0.0201 0.7195 0.0160 0.0768
2 0.6787 0.1629 0.0342 0.0738
3 0.8936 0.5149 0.0408 0.0920
2 0.0607 0.5681 0.0541 0.0867
2 0.0227 0.6448 0.0217 0.0778
2 0.6362 0.2296 0.0642 0.0693
2 0.8301 0.8908 0.0378 0.1382
2 0.0668 0.4904 0.0563 0.0823
2 0.2984 0.3262 0.0307 0.0787
2 0.8918 0.1611 0.0365 0.0743
2 0.0183 0.8769 0.0116 0.0979
2 0.5718 0.2353 0.0684 0.0711
2 0.7832 0.3677 0.0336 0.0851
2 0.4365 0.3134 0.0602 0.0693
2 0.7969 0.0335 0.0639 0.0622
2 0.4362 0.4629 0.0637 0.0805
3 0.5800 0.5417 0.0726 0.0708
3 0.8367 0.4372 0.0641 0.0829
3 0.8778 0.3664 0.0438 0.0817
2 0.2339 0.6375 0.0701 0.0822
3 0.9069 0.6738 0.0382 0.0952
2 0.6691 0.9080 0.0726 0.1384
2 0.1853 0.4125 0.0641 0.0741
2 0.3251 0.3941 0.0344 0.0821
2 0.8858 0.0960 0.0365 0.0743
3 0.1087 0.8089 0.0361 0.0905
2 0.3877 0.3891 0.0333 0.0773
3 0.7500 0.7808 0.0398 0.1048
3 0.8595 0.6878 0.0648 0.0902
2 0.5104 0.9305 0.0775 0.1104
