2 0.6542 0.3108 0.0269 0.1580
2 0.6268 0.4962 0.0286 0.1867
2 0.5055 0.5243 0.0655 0.1767
2 0.5048 0.3471 0.0665 0.1781
2 0.7248 0.4765 0.0721 0.2073
2 0.6258 0.3184 0.0299 0.1771
2 0.4148 0.3619 0.1097 0.1978
2 0.6544 0.4838 0.0272 0.1840
2 0.4149 0.5494 0.1100 0.1949
2 0.5758 0.5142 0.0733 0.1982
2 0.2996 0.3774 0.1159 0.2046
2 0.0794 0.5838 0.0800 0.1624
2 0.0796 0.3953 0.0787 0.1885
2 0.5762 0.3346 0.0707 0.1795
2 0.1811 0.3885 0.1205 0.1835
2 0.2990 0.5616 0.1133 0.1885
2 0.1801 0.5719 0.1205 0.1767
