3 0.3878 0.4531 0.0567 0.1469
3 0.4715 0.3474 0.1002 0.1629
3 0.7549 0.7003 0.0703 0.1294
2 0.9370 0.0693 0.0279 0.0723
3 0.1312 0.3881 0.1050 0.1675
3 0.2767 0.1457 0.0539 0.1418
3 0.8608 0.4113 0.0373 0.1254
3 0.9294 0.5557 0.0355 0.1066
3 0.9034 0.1044 0.0354 0.0977
3 0.6215 0.0712 0.0575 0.0797
2 0.8290 0.2707 0.0334 0.1164
3 0.7630 0.4763 0.0765 0.1556
3 0.2653 0.5572 0.0517 0.1323
3 0.8550 0.5099 0.0328 0.0970
3 0.2158 0.2670 0.0577 0.1399
2 0.8484 0.7311 0.0408 0.1174
2 0.9508 0.7651 0.0261 0.1039
3 0.8941 0.5340 0.0355 0.1066
2 0.3323 0.7011 0.0383 0.1159
3 0.3831 0.5878 0.0565 0.1334
3 0.2187 0.1233 0.0593 0.1476
3 0.5599 0.1258 0.0572 0.1438
3 0.7756 0.2473 0.0777 0.1616
3 0.1368 0.1033 0.1038 0.1495
2 0.9601 0.0837 0.0279 0.1041
3 0.5515 0.3749 0.0598 0.1415
3 0.9254 0.6455 0.0340 0.1026
2 0.8680 0.0748 0.0402 0.0818
3 0.6777 0.5586 0.0900 0.1557
3 0.9327 0.2272 0.0291 0.0978
3 0.8193 0.4913 0.0356 0.1081
2 0.5955 0.7954 0.0583 0.1756
3 0.8543 0.6157 0.0394 0.1025
3 0.6912 0.2030 0.0888 0.1666
3 0.0538 0.2211 0.0527 0.1422
3 0.8915 0.6317 0.0332 0.1014
3 0.4759 0.2217 0.1019 0.1666
3 0.4815 0.1023 0.1016 0.1437
3 0.5466 0.4991 0.0614 0.1365
3 0.1252 0.5249 0.1088 0.1546
3 0.7603 0.5860 0.0737 0.1482
3 0.0487 0.5059 0.0441 0.1240
2 0.1224 0.6394 0.1115 0.0963
3 0.6828 0.4371 0.0888 0.1657
3 0.5415 0.6337 0.0620 0.1433
2 0.8326 0.1548 0.0327 0.1360
3 0.6089 0.3970 0.0550 0.1334
3 0.6876 0.3163 0.0901 0.1468
2 0.9014 0.2076 0.0355 0.1041
2 0.4550 0.7570 0.1046 0.1777
3 0.4022 0.0767 0.0571 0.0919
3 0.0605 0.0929 0.0546 0.1235
2 0.3017 0.6982 0.0163 0.1278
3 0.9210 0.7541 0.0241 0.1018
3 0.5558 0.2539 0.0560 0.1450
3 0.3309 0.4394 0.0632 0.1409
2 0.8988 0.3125 0.0390 0.1095
3 0.9317 0.1297 0.0264 0.0992
3 0.9296 0.4433 0.0294 0.0962
3 0.4674 0.4821 0.0999 0.1602
3 0.1340 0.2449 0.1061 0.1663
2 0.7790 0.1237 0.0777 0.1440
3 0.0521 0.3682 0.0494 0.1462
3 0.3352 0.3056 0.0622 0.1466
3 0.9588 0.3611 0.0267 0.0914
3 0.8121 0.7117 0.0399 0.1068
2 0.5358 0.7779 0.0632 0.1649
2 0.6980 0.0903 0.0888 0.1193
3 0.9599 0.4593 0.0255 0.0886
3 0.6198 0.1464 0.0575 0.1445
3 0.3938 0.3183 0.0588 0.1373
3 0.7694 0.3588 0.0766 0.1489
3 0.9567 0.6607 0.0278 0.0970
2 0.6675 0.8155 0.0945 0.1783
3 0.8973 0.4253 0.0377 0.1020
3 0.8887 0.7411 0.0344 0.1011
3 0.6144 0.2731 0.0589 0.1312
3 0.3978 0.1859 0.0549 0.1357
2 0.9613 0.2682 0.0251 0.1060
3 0.6002 0.6534 0.0559 0.1430
3 0.3401 0.1699 0.0620 0.1449
3 0.8144 0.6035 0.0399 0.1114
3 0.6721 0.6910 0.0912 0.1447
3 0.3246 0.5752 0.0628 0.1389
3 0.2112 0.5398 0.0636 0.1330
3 0.2698 0.4230 0.0528 0.1285
3 0.2737 0.2841 0.0559 0.1422
3 0.6045 0.5266 0.0547 0.1331
2 0.2652 0.6893 0.0511 0.1516
3 0.9576 0.5649 0.0279 0.0992
3 0.4611 0.6115 0.1040 0.1562
2 0.0477 0.6394 0.0398 0.1391
3 0.8347 0.0651 0.0258 0.0728
2 0.2073 0.6815 0.0572 0.1391
2 0.3817 0.7242 0.0549 0.1435
2 0.8237 0.3865 0.0325 0.1137
2 0.7455 0.8088 0.0625 0.1381
2 0.8666 0.1760 0.0349 0.1174
3 0.9321 0.3355 0.0297 0.1049
3 0.3438 0.0670 0.0617 0.0675
2 0.8638 0.2887 0.0349 0.1174
2 0.9603 0.1588 0.0279 0.0982
3 0.2139 0.4051 0.0591 0.1436
