2 0.4522 0.7419 0.1009 0.1452
3 0.1147 0.6030 0.0508 0.0606
2 0.5232 0.7049 0.0439 0.0740
2 0.9822 0.5548 0.0357 0.1486
3 0.3083 0.4451 0.0940 0.0833
3 0.2904 0.6161 0.1069 0.0901
2 0.1607 0.3094 0.0575 0.0701
2 0.2017 0.3033 0.0494 0.0757
2 0.1072 0.3828 0.0628 0.0634
2 0.1904 0.3767 0.0489 0.0757
2 0.0931 0.4533 0.0546 0.0779
2 0.1365 0.4539 0.0599 0.0790
2 0.0754 0.5333 0.0614 0.0823
2 0.1226 0.5306 0.0638 0.0835
2 0.1653 0.5283 0.0513 0.0812
2 0.4689 0.2750 0.0777 0.0856
2 0.5662 0.2617 0.0460 0.0833
2 0.4660 0.3495 0.0835 0.0900
2 0.4610 0.5211 0.0887 0.0979
2 0.4569 0.6167 0.0911 0.1001
2 0.5717 0.7472 0.0552 0.1568
2 0.5691 0.5145 0.0480 0.0933
2 0.5669 0.4239 0.0465 0.0922
2 0.5667 0.3367 0.0461 0.0800
2 0.5243 0.3417 0.0408 0.0856
2 0.5245 0.4267 0.0413 0.0911
2 0.5240 0.5184 0.0442 0.0967
2 0.9285 0.0589 0.0897 0.1152
2 0.8360 0.0701 0.1381 0.1184
2 0.7422 0.0788 0.0759 0.1202
2 0.6262 0.1052 0.0815 0.1122
2 0.6327 0.3157 0.0725 0.1296
2 0.6417 0.5621 0.0794 0.1424
2 0.6983 0.3124 0.0752 0.1234
2 0.7056 0.4277 0.0828 0.1298
2 0.7135 0.5637 0.0863 0.1490
2 0.7743 0.4237 0.0890 0.1346
2 0.7618 0.2988 0.0808 0.1218
2 0.7508 0.1836 0.0808 0.1090
2 0.8643 0.2900 0.1601 0.1362
2 0.8819 0.4157 0.1664 0.1442
2 0.9033 0.5597 0.1733 0.1538
2 0.9584 0.2765 0.0832 0.1376
2 0.9701 0.4101 0.0597 0.1392
2 0.6497 0.7421 0.0870 0.2306
2 0.8084 0.7541 0.1105 0.2418
2 0.9177 0.7582 0.1647 0.2560
2 0.1073 0.7354 0.1208 0.1067
2 0.3892 0.4362 0.0723 0.0878
2 0.3733 0.7356 0.0840 0.1467
2 0.3986 0.2817 0.0716 0.0811
2 0.2470 0.2978 0.0709 0.0779
2 0.2294 0.4478 0.0751 0.0801
2 0.3937 0.3589 0.0748 0.0822
2 0.3833 0.5212 0.0801 0.0889
2 0.3779 0.6145 0.0804 0.0956
2 0.7280 0.7549 0.1015 0.2466
3 0.3215 0.2894 0.0916 0.0790
2 0.0661 0.6004 0.0482 0.0519
3 0.2784 0.7339 0.1174 0.1524
2 0.6845 0.0932 0.0766 0.1234
3 0.2992 0.5289 0.1016 0.0846
2 0.9458 0.1668 0.0966 0.1298
2 0.8474 0.1772 0.1512 0.1250
2 0.7884 0.5597 0.0939 0.1442
3 0.3172 0.3662 0.0954 0.0856
2 0.6897 0.1964 0.0690 0.1122
2 0.5243 0.6151 0.0456 0.1033
2 0.6303 0.2093 0.0718 0.1216
2 0.6386 0.4293 0.0719 0.1328
2 0.5701 0.6140 0.0518 0.1033
2 0.5256 0.2632 0.0379 0.0867
2 0.4648 0.4328 0.0887 0.0879
2 0.2189 0.5272 0.0810 0.0879
2 0.1775 0.4500 0.0479 0.0801
2 0.1482 0.3794 0.0585 0.0701
2 0.1181 0.3127 0.0523 0.0767
3 0.1545 0.6103 0.0500 0.0878
3 0.2069 0.6140 0.0768 0.0878
2 0.9855 0.1585 0.0289 0.1121
2 0.9747 0.0523 0.0505 0.0984
2 0.2384 0.3717 0.0750 0.0790
2 0.1900 0.7300 0.0836 0.1423
