1 0.0132 0.4526 0.0232 0.0364
1 0.0739 0.8964 0.0915 0.0346
1 0.9269 0.7038 0.0478 0.0354
1 0.7903 0.8190 0.1090 0.0342
3 0.3143 0.7101 0.0375 0.0382
3 0.7307 0.4653 0.0485 0.0286
3 0.7943 0.7820 0.1102 0.0374
3 0.2639 0.4478 0.0434 0.0361
1 0.1561 0.4490 0.0788 0.0366
2 0.1577 0.5255 0.0756 0.0361
1 0.1562 0.5985 0.0726 0.0336
1 0.3699 0.7083 0.0555 0.0328
1 0.1577 0.8218 0.0753 0.0349
1 0.4539 0.7086 0.1024 0.0362
1 0.1555 0.4868 0.0749 0.0341
1 0.7909 0.8938 0.1138 0.0343
1 0.6953 0.8568 0.0774 0.0363
1 0.6067 0.8583 0.0966 0.0372
1 0.7936 0.5897 0.1071 0.0362
1 0.7930 0.6680 0.1114 0.0397
2 0.6065 0.9341 0.1002 0.0390
1 0.0125 0.5277 0.0232 0.0364
1 0.7929 0.5510 0.1093 0.0371
1 0.0116 0.6018 0.0232 0.0363
3 0.3123 0.7815 0.0464 0.0339
3 0.3722 0.8233 0.0538 0.0321
3 0.6990 0.5536 0.0847 0.0388
1 0.2687 0.7076 0.0449 0.0347
3 0.3718 0.7458 0.0535 0.0366
1 0.0118 0.5644 0.0232 0.0363
3 0.6989 0.5917 0.0861 0.0367
1 0.1582 0.5616 0.0713 0.0340
2 0.6104 0.4364 0.0446 0.0291
3 0.2160 0.5232 0.0508 0.0337
3 0.3131 0.5199 0.0463 0.0340
1 0.5303 0.6690 0.0548 0.0348
2 0.6688 0.4361 0.0750 0.0294
1 0.9268 0.6267 0.0497 0.0360
1 0.2173 0.7833 0.0503 0.0353
1 0.4512 0.6326 0.0952 0.0348
3 0.3129 0.5949 0.0458 0.0333
1 0.1578 0.8593 0.0728 0.0335
1 0.8749 0.6294 0.0501 0.0371
2 0.8669 0.4630 0.0492 0.0299
3 0.3123 0.6694 0.0466 0.0330
3 0.2689 0.8591 0.0459 0.0372
3 0.7918 0.7441 0.1134 0.0343
1 0.6980 0.6311 0.0810 0.0382
1 0.1582 0.7845 0.0741 0.0352
1 0.2166 0.7084 0.0480 0.0347
1 0.6984 0.7823 0.0793 0.0398
3 0.3706 0.6349 0.0550 0.0363
1 0.3134 0.7450 0.0454 0.0341
1 0.8763 0.7033 0.0472 0.0361
1 0.3726 0.8590 0.0557 0.0367
2 0.2205 0.9299 0.0523 0.0323
2 0.0138 0.9332 0.0276 0.0390
1 0.5309 0.5553 0.0531 0.0370
1 0.9263 0.5502 0.0506 0.0366
3 0.3719 0.6732 0.0548 0.0344
1 0.2674 0.5581 0.0472 0.0321
2 0.5319 0.7453 0.0527 0.0382
2 0.0731 0.9334 0.0914 0.0390
3 0.7790 0.4327 0.0434 0.0286
3 0.3715 0.7855 0.0557 0.0384
1 0.0702 0.7099 0.0953 0.0358
1 0.0112 0.6744 0.0225 0.0326
3 0.1572 0.8955 0.0740 0.0350
2 0.0705 0.4881 0.0918 0.0380
3 0.3158 0.8591 0.0443 0.0377
1 0.0699 0.6371 0.0931 0.0349
1 0.9275 0.7786 0.0483 0.0373
1 0.0118 0.7104 0.0236 0.0376
2 0.5289 0.6328 0.0618 0.0379
1 0.3702 0.8967 0.0573 0.0380
3 0.3116 0.4460 0.0498 0.0353
1 0.2154 0.5970 0.0472 0.0328
3 0.2676 0.8212 0.0465 0.0327
2 0.2704 0.9294 0.0523 0.0323
1 0.9274 0.6657 0.0492 0.0362
3 0.2155 0.4857 0.0537 0.0358
1 0.8757 0.5896 0.0492 0.0336
3 0.5334 0.8191 0.0505 0.0355
3 0.2679 0.6357 0.0479 0.0341
1 0.6052 0.6312 0.0958 0.0346
3 0.7312 0.4916 0.0485 0.0286
1 0.2192 0.6725 0.0461 0.0334
2 0.7917 0.7054 0.1144 0.0387
1 0.0146 0.8961 0.0293 0.0346
1 0.0735 0.8604 0.0915 0.0345
3 0.2673 0.7456 0.0458 0.0345
1 0.8754 0.8562 0.0471 0.0375
3 0.4518 0.8997 0.0976 0.0427
1 0.8759 0.7796 0.0458 0.0343
2 0.6702 0.4948 0.0771 0.0284
2 0.8237 0.4923 0.0471 0.0291
1 0.6076 0.7443 0.1027 0.0363
2 0.0694 0.5625 0.1012 0.0380
1 0.0119 0.7474 0.0237 0.0374
3 0.2642 0.4847 0.0489 0.0365
2 0.8683 0.4920 0.0464 0.0291
1 0.5318 0.8570 0.0473 0.0343
2 0.8650 0.4328 0.0530 0.0326
1 0.0716 0.7841 0.0958 0.0352
1 0.4524 0.7845 0.1020 0.0344
3 0.3123 0.6331 0.0483 0.0346
3 0.2685 0.5979 0.0475 0.0360
2 0.6127 0.4663 0.0422 0.0311
1 0.7939 0.6281 0.1091 0.0384
1 0.8770 0.6664 0.0492 0.0348
1 0.4514 0.7469 0.1046 0.0371
1 0.9271 0.8171 0.0479 0.0374
1 0.0690 0.5997 0.0935 0.0351
1 0.8750 0.8179 0.0480 0.0347
1 0.6962 0.6685 0.0787 0.0361
3 0.2684 0.6703 0.0457 0.0313
2 0.6956 0.8202 0.0779 0.0388
1 0.2165 0.6351 0.0480 0.0342
2 0.6693 0.4669 0.0746 0.0308
1 0.5304 0.5935 0.0533 0.0372
3 0.3132 0.5573 0.0453 0.0340
3 0.3696 0.5964 0.0529 0.0364
1 0.1570 0.7469 0.0734 0.0343
1 0.2157 0.5594 0.0461 0.0316
2 0.7903 0.9316 0.1142 0.0337
1 0.0722 0.8224 0.0950 0.0363
3 0.5310 0.8956 0.0526 0.0373
1 0.1570 0.7096 0.0745 0.0358
1 0.0708 0.6738 0.0965 0.0331
2 0.0701 0.4488 0.0918 0.0380
1 0.3720 0.5576 0.0551 0.0332
1 0.2186 0.8584 0.0468 0.0359
2 0.6118 0.4953 0.0391 0.0279
1 0.0140 0.8590 0.0280 0.0375
1 0.6983 0.7428 0.0748 0.0376
1 0.3124 0.7814 0.0461 0.0347
1 0.0113 0.6370 0.0227 0.0354
1 0.4525 0.5959 0.0983 0.0331
1 0.0122 0.8218 0.0243 0.0360
3 0.2677 0.5221 0.0514 0.0357
1 0.5325 0.7818 0.0509 0.0351
2 0.1574 0.9334 0.0759 0.0390
1 0.0122 0.7848 0.0243 0.0364
3 0.3152 0.8961 0.0454 0.0335
1 0.2182 0.8213 0.0490 0.0361
3 0.2684 0.7839 0.0466 0.0329
2 0.8174 0.4344 0.0387 0.0333
3 0.7778 0.4916 0.0434 0.0286
1 0.8747 0.5503 0.0527 0.0354
3 0.3127 0.4826 0.0514 0.0348
2 0.6074 0.7821 0.1035 0.0391
1 0.9264 0.7413 0.0463 0.0346
2 0.6054 0.6702 0.0997 0.0385
1 0.4528 0.8584 0.0980 0.0358
1 0.9258 0.8576 0.0483 0.0382
3 0.2180 0.8958 0.0510 0.0346
1 0.6065 0.8184 0.0979 0.0370
1 0.4525 0.5577 0.0997 0.0355
1 0.6061 0.7062 0.1010 0.0353
1 0.6037 0.5547 0.1003 0.0373
2 0.6956 0.9342 0.0760 0.0390
1 0.6061 0.8956 0.0977 0.0370
1 0.6962 0.7060 0.0776 0.0367
1 0.3167 0.8200 0.0469 0.0359
1 0.6051 0.5939 0.0971 0.0362
3 0.7771 0.4624 0.0434 0.0286
3 0.7311 0.4352 0.0485 0.0286
1 0.0700 0.5261 0.0958 0.0361
1 0.2169 0.7459 0.0466 0.0346
3 0.2693 0.8961 0.0465 0.0339
3 0.2171 0.4483 0.0475 0.0340
3 0.0112 0.4898 0.0222 0.0390
1 0.4530 0.8216 0.1000 0.0350
1 0.8760 0.7421 0.0486 0.0346
1 0.6956 0.8950 0.0779 0.0370
2 0.8218 0.4653 0.0419 0.0316
1 0.9267 0.5885 0.0494 0.0349
3 0.7900 0.8564 0.1128 0.0354
1 0.5319 0.7072 0.0494 0.0363
1 0.1564 0.6341 0.0742 0.0390
1 0.0712 0.7468 0.0952 0.0339
3 0.4542 0.6710 0.0977 0.0354
1 0.1567 0.6735 0.0725 0.0330
