1 0.6761 0.3824 0.0241 0.0456
1 0.9198 0.1997 0.0388 0.0417
1 0.9602 0.4613 0.0297 0.0444
1 0.9584 0.3292 0.0309 0.0436
1 0.7162 0.4245 0.0532 0.0442
1 0.8828 0.3329 0.0392 0.0445
1 0.8112 0.2905 0.0338 0.0434
1 0.8843 0.4647 0.0371 0.0440
1 0.9236 0.3317 0.0406 0.0432
1 0.9233 0.4188 0.0428 0.0480
1 0.8446 0.3334 0.0361 0.0414
1 0.7675 0.3818 0.0536 0.0418
1 0.9588 0.4175 0.0301 0.0446
1 0.8108 0.3806 0.0324 0.0451
1 0.7185 0.5131 0.0548 0.0427
1 0.9236 0.4641 0.0414 0.0455
1 0.9588 0.3721 0.0310 0.0449
1 0.7166 0.4693 0.0525 0.0420
1 0.7730 0.6011 0.0571 0.0449
1 0.9843 0.2864 0.0296 0.0449
1 0.8871 0.5529 0.0396 0.0445
1 0.9836 0.2436 0.0287 0.0439
1 0.9611 0.5082 0.0318 0.0466
1 0.8481 0.5091 0.0381 0.0435
1 0.9544 0.2009 0.0302 0.0441
1 0.8495 0.6420 0.0354 0.0406
1 0.8109 0.4661 0.0317 0.0443
1 0.8114 0.4213 0.0312 0.0400
1 0.8448 0.2904 0.0366 0.0431
1 0.7728 0.5564 0.0553 0.0464
1 0.9235 0.5091 0.0410 0.0413
1 0.7664 0.2052 0.0561 0.0444
1 0.8471 0.4657 0.0382 0.0417
1 0.8096 0.2464 0.0327 0.0432
1 0.8486 0.5549 0.0354 0.0440
1 0.8824 0.2895 0.0386 0.0425
1 0.9553 0.1553 0.0330 0.0438
1 0.8494 0.5990 0.0361 0.0426
1 0.8793 0.1583 0.0402 0.0443
1 0.7178 0.5589 0.0538 0.0447
1 0.8457 0.3773 0.0368 0.0433
1 0.8100 0.2022 0.0284 0.0467
1 0.8475 0.4223 0.0384 0.0438
1 0.7736 0.6464 0.0559 0.0468
1 0.8786 0.2034 0.0431 0.0420
1 0.9279 0.6418 0.0390 0.0438
1 0.8803 0.2472 0.0408 0.0430
1 0.7664 0.3373 0.0565 0.0476
1 0.8833 0.3758 0.0383 0.0456
1 0.8116 0.3346 0.0333 0.0425
1 0.7120 0.1636 0.0505 0.0436
1 0.7125 0.2059 0.0509 0.0429
1 0.6768 0.3391 0.0275 0.0411
1 0.8077 0.1589 0.0336 0.0400
1 0.7135 0.2935 0.0520 0.0427
1 0.6484 0.3400 0.0335 0.0438
1 0.4251 0.1297 0.0402 0.0555
1 0.9608 0.5966 0.0321 0.0451
1 0.4260 0.0708 0.0429 0.0590
1 0.3916 0.2399 0.0358 0.0538
1 0.3596 0.3438 0.0285 0.0492
1 0.3912 0.2912 0.0377 0.0495
1 0.3584 0.2395 0.0313 0.0541
1 0.3664 0.7195 0.0293 0.0330
1 0.3583 0.1863 0.0312 0.0504
1 0.4373 0.6658 0.0386 0.0512
1 0.6790 0.6012 0.0290 0.0446
1 0.3313 0.4557 0.0277 0.0542
1 0.9262 0.5530 0.0389 0.0413
1 0.6138 0.4320 0.0380 0.0451
1 0.6165 0.5183 0.0348 0.0418
1 0.6165 0.5611 0.0343 0.0418
1 0.6490 0.5597 0.0304 0.0416
1 0.6179 0.6056 0.0348 0.0452
1 0.5739 0.4465 0.0399 0.0516
1 0.5662 0.1229 0.0424 0.0592
1 0.5695 0.0635 0.0324 0.0549
1 0.4747 0.6659 0.0362 0.0535
1 0.4723 0.6121 0.0332 0.0492
1 0.4703 0.5595 0.0337 0.0517
1 0.4714 0.4521 0.0312 0.0566
1 0.4954 0.1784 0.0262 0.0579
1 0.4652 0.1260 0.0387 0.0546
1 0.4342 0.5646 0.0397 0.0531
1 0.4352 0.5078 0.0400 0.0537
1 0.4318 0.2897 0.0445 0.0530
1 0.4296 0.2348 0.0426 0.0548
1 0.3561 0.0791 0.0292 0.0601
1 0.2659 0.0299 0.0424 0.0530
1 0.3000 0.0807 0.0301 0.0548
1 0.2646 0.1355 0.0399 0.0539
1 0.2663 0.2404 0.0419 0.0547
1 0.2674 0.2971 0.0404 0.0522
1 0.3581 0.2930 0.0300 0.0515
1 0.3282 0.2433 0.0284 0.0550
1 0.3298 0.4003 0.0320 0.0516
1 0.3043 0.4564 0.0281 0.0590
1 0.3615 0.4521 0.0343 0.0530
1 0.3929 0.3426 0.0367 0.0486
1 0.3951 0.3983 0.0378 0.0556
1 0.3954 0.4536 0.0368 0.0530
1 0.3983 0.6182 0.0383 0.0530
1 0.3621 0.5104 0.0338 0.0564
1 0.2723 0.5718 0.0426 0.0569
1 0.3076 0.5679 0.0286 0.0564
1 0.3102 0.6784 0.0297 0.0530
1 0.3322 0.5124 0.0272 0.0552
1 0.3349 0.5675 0.0267 0.0524
1 0.3360 0.6222 0.0282 0.0543
1 0.3372 0.7181 0.0316 0.0384
1 0.6443 0.1647 0.0321 0.0502
1 0.6745 0.2525 0.0284 0.0464
1 0.6761 0.4249 0.0254 0.0435
1 0.6787 0.6457 0.0264 0.0446
1 0.3274 0.0858 0.0271 0.0530
1 0.6768 0.5133 0.0269 0.0434
1 0.3911 0.1865 0.0358 0.0515
1 0.6742 0.2092 0.0274 0.0437
1 0.6481 0.3831 0.0341 0.0451
1 0.6487 0.6484 0.0310 0.0474
1 0.4296 0.1825 0.0399 0.0537
1 0.3885 0.1319 0.0338 0.0522
1 0.6490 0.4267 0.0305 0.0447
1 0.6497 0.4700 0.0316 0.0430
1 0.3273 0.1904 0.0320 0.0537
1 0.6460 0.2532 0.0298 0.0430
1 0.6475 0.2976 0.0330 0.0457
1 0.3285 0.2953 0.0309 0.0533
1 0.3875 0.0780 0.0326 0.0545
1 0.3267 0.1342 0.0311 0.0557
1 0.5036 0.6683 0.0256 0.0535
1 0.5036 0.6116 0.0262 0.0567
1 0.5017 0.4530 0.0268 0.0511
1 0.9209 0.2442 0.0390 0.0427
1 0.9551 0.2867 0.0303 0.0445
1 0.7173 0.6009 0.0515 0.0416
1 0.7654 0.2498 0.0545 0.0431
1 0.7145 0.3818 0.0509 0.0435
1 0.7185 0.6456 0.0519 0.0416
1 0.9884 0.5513 0.0233 0.0450
1 0.9843 0.2001 0.0272 0.0443
1 0.9882 0.5058 0.0221 0.0439
1 0.9857 0.1543 0.0276 0.0455
1 0.9870 0.3291 0.0258 0.0432
1 0.9611 0.5515 0.0292 0.0427
1 0.7708 0.4667 0.0542 0.0436
1 0.8403 0.1587 0.0332 0.0427
1 0.9213 0.2877 0.0360 0.0432
1 0.8136 0.5111 0.0296 0.0426
1 0.9887 0.5966 0.0226 0.0464
1 0.9549 0.2418 0.0296 0.0450
1 0.7188 0.6910 0.0494 0.0462
1 0.7716 0.5116 0.0528 0.0417
1 0.8167 0.7325 0.0295 0.0436
1 0.8168 0.6870 0.0294 0.0416
1 0.8847 0.5086 0.0356 0.0446
1 0.8157 0.5543 0.0296 0.0423
1 0.8158 0.5982 0.0294 0.0430
1 0.8837 0.4214 0.0368 0.0449
1 0.7736 0.6928 0.0545 0.0436
1 0.9230 0.3754 0.0380 0.0410
1 0.7692 0.4225 0.0540 0.0422
1 0.8423 0.2462 0.0327 0.0427
1 0.9202 0.1562 0.0404 0.0428
1 0.8161 0.6428 0.0282 0.0437
1 0.9251 0.5957 0.0368 0.0439
1 0.7120 0.2501 0.0498 0.0437
1 0.7137 0.3387 0.0494 0.0439
1 0.9628 0.6845 0.0300 0.0473
1 0.8499 0.6874 0.0348 0.0450
3 0.7729 0.7497 0.0549 0.0750
1 0.8866 0.6436 0.0398 0.0452
1 0.8873 0.6878 0.0386 0.0455
1 0.9616 0.6415 0.0288 0.0440
2 0.9266 0.8203 0.0315 0.0605
3 0.9660 0.8216 0.0451 0.0587
1 0.7672 0.2922 0.0529 0.0437
1 0.9272 0.6864 0.0374 0.0463
1 0.8937 0.7321 0.0279 0.0450
1 0.4387 0.7214 0.0355 0.0536
1 0.6493 0.5151 0.0300 0.0463
1 0.6809 0.6908 0.0241 0.0446
1 0.6765 0.4699 0.0244 0.0440
1 0.7318 0.7337 0.0246 0.0399
3 0.0137 0.2735 0.0274 0.0444
3 0.0127 0.2267 0.0254 0.0444
3 0.0125 0.1823 0.0250 0.0444
1 0.8403 0.2036 0.0332 0.0427
1 0.8861 0.5979 0.0380 0.0413
1 0.7644 0.1620 0.0541 0.0409
1 0.6126 0.3867 0.0346 0.0451
1 0.6155 0.4753 0.0346 0.0451
1 0.6178 0.6506 0.0328 0.0425
1 0.6181 0.6964 0.0328 0.0425
1 0.6514 0.6934 0.0328 0.0425
1 0.5744 0.4993 0.0395 0.0462
1 0.5712 0.3909 0.0404 0.0521
1 0.5700 0.3365 0.0400 0.0513
1 0.5693 0.2835 0.0379 0.0513
1 0.5685 0.2299 0.0379 0.0513
1 0.5668 0.1791 0.0379 0.0513
2 0.8797 0.8215 0.0610 0.0641
2 0.8039 0.8247 0.0843 0.0692
2 0.8044 0.8983 0.0843 0.0692
2 0.4578 0.8389 0.0843 0.0692
2 0.4589 0.9145 0.0843 0.0692
2 0.5930 0.8317 0.0419 0.0692
2 0.5934 0.9018 0.0419 0.0692
2 0.6413 0.9030 0.0468 0.0692
2 0.6386 0.8286 0.0468 0.0692
2 0.6912 0.8268 0.0512 0.0692
2 0.6917 0.8987 0.0512 0.0692
2 0.7388 0.8256 0.0416 0.0692
2 0.7397 0.8993 0.0416 0.0692
2 0.8789 0.8798 0.0610 0.0337
1 0.6509 0.7377 0.0328 0.0425
2 0.2051 0.8453 0.0394 0.0692
2 0.2058 0.9071 0.0394 0.0517
1 0.5031 0.7214 0.0238 0.0491
1 0.4736 0.7214 0.0312 0.0492
1 0.5014 0.5577 0.0260 0.0492
1 0.5005 0.5053 0.0261 0.0492
1 0.5745 0.5520 0.0396 0.0548
1 0.5755 0.6086 0.0396 0.0548
1 0.5770 0.6635 0.0396 0.0548
1 0.5776 0.7194 0.0396 0.0548
1 0.4707 0.5070 0.0313 0.0492
1 0.4707 0.3964 0.0313 0.0527
1 0.4689 0.3420 0.0312 0.0527
1 0.4689 0.2882 0.0312 0.0527
1 0.4981 0.3408 0.0242 0.0527
1 0.4995 0.3964 0.0242 0.0527
1 0.4974 0.2870 0.0242 0.0527
1 0.4964 0.2350 0.0242 0.0527
1 0.4939 0.0707 0.0242 0.0527
1 0.4642 0.0713 0.0337 0.0527
1 0.4655 0.1812 0.0337 0.0527
1 0.4672 0.2338 0.0337 0.0527
1 0.4943 0.1214 0.0253 0.0527
1 0.4369 0.6153 0.0376 0.0486
1 0.4342 0.4521 0.0405 0.0529
1 0.4336 0.3956 0.0405 0.0530
1 0.4315 0.3412 0.0405 0.0530
1 0.3560 0.1316 0.0292 0.0504
1 0.2647 0.0823 0.0384 0.0504
1 0.3008 0.0275 0.0308 0.0509
1 0.2655 0.1889 0.0384 0.0504
1 0.2672 0.3484 0.0384 0.0504
1 0.2684 0.4046 0.0391 0.0569
1 0.2985 0.1352 0.0271 0.0530
1 0.2993 0.1881 0.0271 0.0530
1 0.3018 0.2418 0.0271 0.0530
1 0.3006 0.2969 0.0271 0.0530
1 0.3020 0.3470 0.0308 0.0530
1 0.3306 0.3466 0.0285 0.0509
1 0.3010 0.4021 0.0308 0.0530
1 0.3598 0.3963 0.0308 0.0530
1 0.3965 0.5101 0.0347 0.0529
1 0.3969 0.5652 0.0347 0.0530
1 0.3994 0.6711 0.0347 0.0529
1 0.3635 0.5660 0.0308 0.0530
1 0.3640 0.6204 0.0308 0.0530
1 0.3656 0.6748 0.0308 0.0530
1 0.2710 0.4594 0.0392 0.0569
1 0.2710 0.5138 0.0392 0.0569
1 0.2722 0.6225 0.0391 0.0569
1 0.2735 0.6762 0.0391 0.0569
1 0.3056 0.5131 0.0261 0.0530
1 0.3081 0.6240 0.0261 0.0530
1 0.3364 0.6740 0.0257 0.0507
1 0.3993 0.7186 0.0368 0.0381
1 0.5360 0.7199 0.0396 0.0548
1 0.5355 0.6634 0.0396 0.0548
1 0.5355 0.6085 0.0396 0.0548
1 0.5350 0.5024 0.0396 0.0548
1 0.5337 0.4449 0.0396 0.0548
1 0.5308 0.3934 0.0396 0.0548
2 0.1600 0.8450 0.0479 0.0692
1 0.3946 0.8373 0.0405 0.0642
2 0.2391 0.8444 0.0254 0.0692
2 0.2686 0.8427 0.0334 0.0692
3 0.3440 0.8391 0.0589 0.0692
1 0.3992 0.7659 0.0368 0.0609
2 0.5360 0.8342 0.0726 0.0626
2 0.5360 0.9048 0.0726 0.0683
1 0.9621 0.7326 0.0300 0.0473
1 0.9868 0.4160 0.0249 0.0434
1 0.6772 0.5569 0.0254 0.0440
1 0.9869 0.3723 0.0255 0.0450
1 0.6498 0.6025 0.0289 0.0462
1 0.6727 0.1645 0.0245 0.0456
1 0.6744 0.2958 0.0247 0.0451
1 0.9875 0.4603 0.0242 0.0429
1 0.6444 0.2117 0.0296 0.0466
1 0.9887 0.6374 0.0223 0.0447
3 0.9904 0.6842 0.0192 0.0521
