1 0.6377 0.6872 0.1815 0.0325
1 0.1911 0.6868 0.0907 0.0332
1 0.6299 0.5179 0.1814 0.0331
1 0.0830 0.8242 0.1222 0.0320
1 0.9133 0.4869 0.0932 0.0331
1 0.9168 0.7554 0.0943 0.0306
1 0.9129 0.5222 0.0884 0.0338
1 0.1835 0.5153 0.0867 0.0330
1 0.7988 0.6558 0.1353 0.0316
1 0.1851 0.4808 0.0938 0.0323
1 0.0724 0.4829 0.1196 0.0329
1 0.1903 0.6527 0.0851 0.0325
1 0.3306 0.7875 0.1682 0.0329
1 0.4816 0.8570 0.1147 0.0333
1 0.6376 0.8573 0.1796 0.0298
1 0.3250 0.5494 0.1783 0.0335
1 0.3308 0.8219 0.1709 0.0321
1 0.6366 0.7565 0.1768 0.0312
1 0.0839 0.7909 0.1209 0.0318
1 0.7972 0.8242 0.1360 0.0325
1 0.0818 0.8585 0.1216 0.0314
1 0.3236 0.4484 0.1736 0.0321
1 0.1881 0.5492 0.0934 0.0321
1 0.7927 0.5205 0.1376 0.0326
1 0.7974 0.6893 0.1356 0.0313
1 0.1907 0.6175 0.0923 0.0317
1 0.7939 0.4867 0.1344 0.0319
1 0.3350 0.8905 0.1736 0.0315
1 0.4826 0.7198 0.1133 0.0329
2 0.9208 0.9587 0.0915 0.0324
1 0.6355 0.7228 0.1770 0.0300
1 0.4830 0.7538 0.1165 0.0318
1 0.0794 0.7210 0.1215 0.0323
1 0.6328 0.4848 0.1837 0.0298
1 0.1955 0.7551 0.0940 0.0307
2 0.7986 0.9590 0.1270 0.0330
1 0.0721 0.5516 0.1208 0.0324
2 0.3326 0.9592 0.1645 0.0320
2 0.6388 0.9250 0.1750 0.0318
1 0.7977 0.7902 0.1382 0.0328
1 0.7925 0.4524 0.1340 0.0315
1 0.9194 0.8552 0.0972 0.0305
1 0.1953 0.8223 0.0936 0.0316
1 0.3307 0.7201 0.1715 0.0319
1 0.9213 0.8900 0.0959 0.0325
1 0.0713 0.4468 0.1215 0.0329
1 0.1884 0.5835 0.0904 0.0324
1 0.8009 0.8905 0.1330 0.0327
1 0.7978 0.5868 0.1348 0.0326
1 0.3259 0.6517 0.1716 0.0326
1 0.4806 0.5850 0.1172 0.0350
1 0.0748 0.5173 0.1204 0.0324
1 0.6374 0.7895 0.1800 0.0309
1 0.6396 0.8233 0.1797 0.0317
2 0.1977 0.9253 0.0938 0.0331
1 0.1822 0.4477 0.0893 0.0329
1 0.4815 0.6546 0.1171 0.0334
1 0.9159 0.5881 0.0961 0.0331
1 0.0811 0.7560 0.1241 0.0304
1 0.1958 0.8913 0.0902 0.0314
1 0.1954 0.7891 0.0878 0.0317
1 0.6405 0.8908 0.1790 0.0302
2 0.9185 0.9240 0.0914 0.0322
2 0.0863 0.9255 0.1195 0.0322
1 0.0749 0.5852 0.1199 0.0305
1 0.6326 0.4518 0.1794 0.0316
1 0.9204 0.8232 0.0919 0.0304
1 0.3278 0.6869 0.1713 0.0319
2 0.4853 0.9592 0.1164 0.0333
1 0.3269 0.6178 0.1728 0.0343
1 0.4786 0.6193 0.1184 0.0345
1 0.4783 0.6870 0.1154 0.0314
1 0.9173 0.6560 0.0885 0.0309
2 0.3337 0.9250 0.1708 0.0312
1 0.6355 0.6196 0.1844 0.0333
1 0.4835 0.8894 0.1145 0.0320
1 0.0773 0.6881 0.1238 0.0325
1 0.0783 0.6532 0.1194 0.0319
1 0.3318 0.8560 0.1706 0.0330
1 0.7965 0.5541 0.1382 0.0330
2 0.0839 0.9583 0.1281 0.0300
1 0.9172 0.6896 0.0887 0.0313
1 0.7964 0.7565 0.1359 0.0323
1 0.4752 0.5166 0.1251 0.0329
1 0.9146 0.4538 0.0956 0.0318
1 0.3265 0.4815 0.1753 0.0331
1 0.9161 0.6224 0.0949 0.0318
1 0.4814 0.5512 0.1230 0.0356
1 0.1982 0.8570 0.0935 0.0345
1 0.3215 0.5156 0.1789 0.0329
2 0.6380 0.9592 0.1636 0.0314
1 0.7976 0.7231 0.1367 0.0308
1 0.4751 0.4497 0.1219 0.0323
1 0.3273 0.5834 0.1769 0.0333
1 0.7981 0.6209 0.1355 0.0330
1 0.9184 0.7223 0.0911 0.0316
1 0.9173 0.5548 0.0858 0.0338
1 0.9162 0.7891 0.0922 0.0328
1 0.4825 0.7885 0.1165 0.0342
1 0.4845 0.8233 0.1132 0.0319
2 0.8012 0.9244 0.1336 0.0295
1 0.3322 0.7537 0.1704 0.0331
2 0.1973 0.9596 0.0878 0.0325
1 0.7990 0.8576 0.1332 0.0328
1 0.6372 0.6533 0.1821 0.0326
2 0.4858 0.9253 0.1168 0.0318
1 0.0739 0.6178 0.1204 0.0311
1 0.6352 0.5861 0.1797 0.0308
1 0.0842 0.8923 0.1214 0.0310
1 0.6349 0.5522 0.1740 0.0344
1 0.1935 0.7197 0.0891 0.0333
1 0.4770 0.4836 0.1215 0.0324
