2 0.7768 0.8183 0.1399 0.1254
2 0.8595 0.7019 0.1033 0.1173
2 0.4917 0.6767 0.1643 0.1417
2 0.1888 0.6555 0.1865 0.1515
2 0.9394 0.7060 0.1011 0.1123
2 0.6359 0.6846 0.1510 0.1315
2 0.6492 0.8168 0.1599 0.1353
2 0.9504 0.8148 0.0896 0.1065
2 0.3608 0.9454 0.1620 0.1059
2 0.0484 0.6490 0.0967 0.1417
2 0.3463 0.6653 0.1466 0.1450
2 0.5017 0.8118 0.1688 0.1417
2 0.5150 0.9405 0.1731 0.1156
2 0.8773 0.8167 0.1011 0.1124
2 0.0495 0.8043 0.0989 0.1658
2 0.6326 0.9429 0.0888 0.1140
2 0.7980 0.9392 0.1376 0.1214
2 0.9622 0.9316 0.0755 0.1367
2 0.1955 0.9421 0.1953 0.1091
2 0.1910 0.8085 0.1887 0.1647
2 0.3535 0.8135 0.1521 0.1580
2 0.7591 0.6923 0.1355 0.1241
2 0.0506 0.9420 0.1012 0.1159
2 0.9918 0.8110 0.0164 0.0986
2 0.9874 0.7110 0.0253 0.0986
2 0.8940 0.9373 0.0943 0.1255
2 0.7014 0.9405 0.0821 0.1188
