3 0.0916 0.3841 0.0414 0.0631
3 0.9157 0.2183 0.0473 0.0652
1 0.5172 0.6637 0.0667 0.0621
1 0.0372 0.5701 0.0499 0.0571
1 0.7304 0.6126 0.0480 0.0614
3 0.0228 0.8381 0.0376 0.0688
1 0.2733 0.5205 0.0493 0.0545
3 0.3210 0.6546 0.0433 0.0617
3 0.2285 0.4568 0.0413 0.0635
3 0.5367 0.1453 0.0653 0.0611
3 0.2455 0.0765 0.0408 0.0624
3 0.8586 0.0860 0.0638 0.0673
1 0.9522 0.7598 0.0424 0.0558
1 0.5213 0.5348 0.0656 0.0616
3 0.8449 0.6173 0.0637 0.0630
3 0.5887 0.4019 0.0522 0.0654
3 0.7864 0.5457 0.0458 0.0633
3 0.2704 0.5857 0.0484 0.0601
1 0.0390 0.5067 0.0469 0.0633
1 0.5806 0.6031 0.0496 0.0630
3 0.6440 0.2785 0.0432 0.0597
3 0.5268 0.4010 0.0662 0.0611
3 0.7824 0.8921 0.0275 0.0444
3 0.4445 0.5985 0.0717 0.0671
3 0.1011 0.1956 0.0399 0.0566
3 0.2302 0.3929 0.0434 0.0609
3 0.3156 0.7179 0.0425 0.0593
3 0.4411 0.6639 0.0654 0.0621
3 0.4019 0.0793 0.0562 0.0597
3 0.7389 0.3457 0.0455 0.0577
3 0.6306 0.6752 0.0409 0.0617
3 0.6406 0.4105 0.0415 0.0587
3 0.2424 0.1407 0.0404 0.0590
3 0.7348 0.4110 0.0444 0.0563
3 0.2845 0.3302 0.0477 0.0580
3 0.2141 0.7163 0.0416 0.0626
3 0.8417 0.7565 0.0667 0.0672
3 0.3366 0.2669 0.0456 0.0608
1 0.9550 0.6247 0.0450 0.0612
3 0.4547 0.3373 0.0625 0.0592
3 0.0564 0.1319 0.0501 0.0566
3 0.3087 0.8638 0.0397 0.0750
1 0.1633 0.3876 0.0888 0.0596
3 0.3759 0.5923 0.0587 0.0582
3 0.4383 0.8008 0.0707 0.0710
3 0.6758 0.8147 0.0386 0.0588
1 0.9056 0.6190 0.0484 0.0618
3 0.3902 0.3356 0.0584 0.0620
1 0.2676 0.6504 0.0431 0.0563
3 0.2950 0.0763 0.0463 0.0626
3 0.2172 0.6523 0.0401 0.0622
1 0.6346 0.5397 0.0394 0.0580
3 0.5963 0.2756 0.0531 0.0583
3 0.6962 0.1522 0.0394 0.0609
3 0.3837 0.4641 0.0575 0.0655
3 0.5341 0.2130 0.0658 0.0643
3 0.9673 0.1529 0.0464 0.0609
3 0.0448 0.4463 0.0494 0.0566
3 0.5301 0.2737 0.0642 0.0603
3 0.8438 0.6854 0.0643 0.0647
3 0.7415 0.2796 0.0452 0.0576
3 0.3927 0.1449 0.0511 0.0661
1 0.5241 0.4667 0.0645 0.0601
3 0.8365 0.8978 0.0576 0.0609
2 0.9509 0.9150 0.0397 0.0702
3 0.7996 0.0826 0.0439 0.0602
3 0.3984 0.2080 0.0551 0.0623
3 0.6873 0.4130 0.0390 0.0603
3 0.2868 0.2030 0.0457 0.0592
3 0.6375 0.4759 0.0414 0.0579
3 0.1373 0.8503 0.0865 0.0742
3 0.2398 0.2041 0.0402 0.0594
3 0.7459 0.1503 0.0466 0.0586
3 0.8546 0.2182 0.0634 0.0682
3 0.6801 0.6823 0.0419 0.0649
1 0.0230 0.7679 0.0355 0.0628
3 0.5386 0.0823 0.0640 0.0621
3 0.9034 0.8206 0.0424 0.0496
3 0.3292 0.3965 0.0459 0.0630
1 0.9555 0.5538 0.0395 0.0566
3 0.5746 0.8756 0.0435 0.0599
1 0.1654 0.3245 0.0902 0.0622
3 0.0556 0.1999 0.0515 0.0565
3 0.1727 0.2022 0.0872 0.0584
3 0.8492 0.3510 0.0668 0.0662
3 0.4648 0.0802 0.0685 0.0579
3 0.3397 0.2044 0.0442 0.0621
3 0.3732 0.3324 0.0295 0.0626
3 0.7431 0.2152 0.0465 0.0598
3 0.6337 0.6088 0.0401 0.0662
3 0.7839 0.6162 0.0462 0.0616
3 0.7974 0.1503 0.0471 0.0608
3 0.8471 0.5516 0.0642 0.0696
3 0.8390 0.8246 0.0650 0.0660
3 0.6851 0.5469 0.0404 0.0631
3 0.5126 0.8016 0.0646 0.0607
3 0.5972 0.2123 0.0520 0.0602
3 0.2853 0.2655 0.0466 0.0582
3 0.1764 0.0742 0.0881 0.0602
3 0.6452 0.2144 0.0413 0.0604
3 0.7822 0.6819 0.0465 0.0625
3 0.3247 0.5231 0.0424 0.0591
3 0.9199 0.0860 0.0484 0.0642
3 0.8483 0.4853 0.0654 0.0693
1 0.5790 0.6715 0.0468 0.0645
3 0.1060 0.0700 0.0415 0.0611
3 0.3900 0.2706 0.0568 0.0646
3 0.6019 0.0825 0.0506 0.0613
3 0.4517 0.4038 0.0671 0.0576
1 0.2771 0.4569 0.0468 0.0570
3 0.0980 0.2579 0.0389 0.0575
1 0.9086 0.5541 0.0451 0.0620
3 0.7966 0.2173 0.0438 0.0624
3 0.7901 0.3483 0.0444 0.0611
3 0.3416 0.1391 0.0445 0.0602
3 0.8613 0.1530 0.0587 0.0669
3 0.2353 0.3283 0.0466 0.0621
3 0.4584 0.2717 0.0606 0.0529
3 0.7915 0.4143 0.0467 0.0627
1 0.0896 0.4483 0.0400 0.0605
1 0.9106 0.4849 0.0444 0.0624
1 0.1507 0.5789 0.0886 0.0584
3 0.0532 0.2561 0.0481 0.0566
3 0.7885 0.4800 0.0451 0.0624
3 0.0673 0.8444 0.0418 0.0774
3 0.4630 0.2130 0.0682 0.0583
1 0.5834 0.5365 0.0484 0.0592
1 0.2109 0.7837 0.0335 0.0677
3 0.3264 0.4589 0.0417 0.0610
3 0.9629 0.2866 0.0432 0.0590
3 0.4636 0.1468 0.0615 0.0582
3 0.9527 0.8347 0.0428 0.0664
1 0.1494 0.6419 0.0850 0.0562
3 0.7803 0.7514 0.0485 0.0659
3 0.7310 0.8255 0.0541 0.0685
1 0.0773 0.6372 0.0398 0.0579
3 0.7939 0.2832 0.0461 0.0605
1 0.9038 0.7564 0.0480 0.0618
1 0.9051 0.6903 0.0453 0.0653
3 0.3773 0.6590 0.0570 0.0624
3 0.4476 0.4689 0.0709 0.0609
1 0.0812 0.5737 0.0364 0.0539
3 0.2386 0.2649 0.0436 0.0577
1 0.2250 0.5188 0.0391 0.0571
3 0.7800 0.8231 0.0476 0.0688
3 0.6915 0.2828 0.0389 0.0598
1 0.5761 0.7346 0.0408 0.0592
3 0.2375 0.8671 0.0910 0.0776
3 0.5904 0.3384 0.0509 0.0616
3 0.0955 0.3193 0.0441 0.0572
3 0.2914 0.1409 0.0487 0.0578
1 0.7303 0.5411 0.0395 0.0559
3 0.8533 0.2843 0.0645 0.0675
3 0.6983 0.0874 0.0374 0.0618
3 0.0450 0.3805 0.0482 0.0611
1 0.0272 0.6975 0.0437 0.0611
3 0.5294 0.3364 0.0654 0.0626
3 0.6291 0.7449 0.0406 0.0652
1 0.0696 0.7708 0.0349 0.0604
1 0.2595 0.7835 0.0442 0.0653
3 0.9679 0.0853 0.0447 0.0647
1 0.1396 0.7771 0.0884 0.0639
1 0.5176 0.7323 0.0604 0.0610
1 0.1727 0.1369 0.0923 0.0551
3 0.3436 0.0753 0.0428 0.0580
3 0.6898 0.3485 0.0386 0.0617
3 0.4342 0.8652 0.0663 0.0555
3 0.0689 0.7704 0.0383 0.0646
3 0.6775 0.7486 0.0395 0.0656
3 0.3698 0.7941 0.0625 0.0680
3 0.2670 0.6503 0.0505 0.0573
3 0.8685 0.3491 0.0293 0.0656
3 0.3336 0.3330 0.0446 0.0597
1 0.1592 0.4509 0.0855 0.0559
3 0.8502 0.4191 0.0662 0.0702
3 0.3738 0.7227 0.0566 0.0575
1 0.1563 0.5145 0.0878 0.0580
3 0.6260 0.8866 0.0511 0.0731
1 0.0855 0.5107 0.0396 0.0569
3 0.6485 0.1511 0.0434 0.0582
3 0.4086 0.1442 0.0376 0.0638
3 0.3876 0.3965 0.0586 0.0640
1 0.0737 0.7000 0.0404 0.0590
3 0.9606 0.3529 0.0447 0.0564
1 0.0323 0.6352 0.0472 0.0647
3 0.0488 0.3169 0.0463 0.0620
1 0.5188 0.5968 0.0677 0.0651
3 0.9097 0.4171 0.0519 0.0634
1 0.1688 0.2631 0.0903 0.0593
3 0.6434 0.3453 0.0430 0.0624
3 0.2794 0.3918 0.0494 0.0597
1 0.2702 0.5836 0.0414 0.0542
3 0.9153 0.2873 0.0454 0.0633
3 0.6813 0.6114 0.0402 0.0632
3 0.9122 0.3527 0.0463 0.0591
3 0.5967 0.1474 0.0504 0.0572
1 0.2662 0.7162 0.0484 0.0628
3 0.6851 0.4792 0.0404 0.0615
3 0.9642 0.2202 0.0457 0.0662
1 0.7253 0.7450 0.0470 0.0637
3 0.6257 0.8129 0.0414 0.0639
3 0.7478 0.0861 0.0476 0.0632
3 0.4387 0.7305 0.0675 0.0660
3 0.3243 0.5896 0.0427 0.0634
1 0.1468 0.7067 0.0863 0.0606
3 0.2233 0.5854 0.0421 0.0654
1 0.5864 0.4714 0.0506 0.0606
1 0.9578 0.4883 0.0431 0.0566
3 0.3121 0.7855 0.0404 0.0645
2 0.9601 0.4240 0.0448 0.0673
3 0.6504 0.0825 0.0432 0.0598
3 0.5734 0.8064 0.0450 0.0677
3 0.1035 0.1345 0.0423 0.0596
1 0.7335 0.4768 0.0412 0.0573
3 0.0602 0.0670 0.0502 0.0605
3 0.3672 0.8648 0.0498 0.0725
3 0.9172 0.1511 0.0492 0.0601
3 0.3777 0.2067 0.0262 0.0605
3 0.3814 0.5303 0.0579 0.0645
3 0.6934 0.2190 0.0386 0.0612
1 0.9542 0.6932 0.0445 0.0600
3 0.5102 0.8665 0.0685 0.0547
1 0.7275 0.6768 0.0443 0.0599
1 0.4472 0.5303 0.0661 0.0567
