2 0.6532 0.4260 0.1312 0.0286
2 0.7755 0.3674 0.1411 0.0347
3 0.5125 0.5625 0.0944 0.0268
3 0.6254 0.6588 0.0682 0.0270
1 0.2773 0.6411 0.1418 0.0264
2 0.6416 0.4013 0.1236 0.0261
3 0.8886 0.7271 0.1422 0.0245
3 0.5585 0.4542 0.0760 0.0295
3 0.3835 0.5403 0.1398 0.0299
3 0.7370 0.7310 0.1177 0.0235
3 0.7317 0.6826 0.1378 0.0274
3 0.2907 0.6665 0.1431 0.0248
3 0.6091 0.6090 0.0646 0.0260
3 0.3585 0.4896 0.1444 0.0344
3 0.8168 0.5005 0.1447 0.0264
3 0.5508 0.6847 0.0964 0.0270
3 0.8396 0.5786 0.1418 0.0274
3 0.5197 0.5869 0.0961 0.0266
3 0.8643 0.6528 0.1397 0.0259
2 0.4644 0.4316 0.1058 0.0303
3 0.2452 0.5443 0.1486 0.0260
3 0.2998 0.6890 0.1511 0.0270
3 0.5056 0.5343 0.0918 0.0296
3 0.3936 0.5643 0.1361 0.0264
3 0.4671 0.4565 0.1124 0.0297
3 0.4021 0.5899 0.1365 0.0286
3 0.3772 0.5132 0.1456 0.0282
3 0.5647 0.4817 0.0846 0.0296
3 0.6822 0.5317 0.1398 0.0270
3 0.5876 0.5601 0.0689 0.0272
3 0.4938 0.5104 0.0879 0.0277
2 0.1885 0.4146 0.1496 0.0311
3 0.6397 0.7071 0.0664 0.0221
3 0.6667 0.4783 0.1413 0.0281
3 0.3389 0.4601 0.1348 0.0354
3 0.5391 0.6362 0.0968 0.0256
3 0.2528 0.5694 0.1520 0.0282
2 0.4583 0.4064 0.1061 0.0274
3 0.5823 0.5345 0.0687 0.0289
2 0.1956 0.4402 0.1496 0.0311
2 0.7800 0.3960 0.1442 0.0344
3 0.3070 0.7140 0.1430 0.0252
3 0.4242 0.7373 0.0617 0.0269
3 0.5973 0.5838 0.0739 0.0289
3 0.8702 0.6789 0.1434 0.0285
2 0.6378 0.3734 0.1308 0.0324
3 0.2172 0.4913 0.1470 0.0300
3 0.6616 0.4534 0.1330 0.0269
1 0.8802 0.7032 0.1394 0.0249
1 0.3267 0.7605 0.1358 0.0241
3 0.4127 0.6147 0.1381 0.0281
3 0.5734 0.5081 0.0731 0.0290
3 0.5472 0.6591 0.0942 0.0253
2 0.1799 0.3887 0.1496 0.0344
3 0.8110 0.4758 0.1454 0.0281
3 0.2324 0.5198 0.1524 0.0299
3 0.2721 0.6185 0.1540 0.0267
3 0.6756 0.5054 0.1446 0.0286
3 0.2136 0.4630 0.1496 0.0311
3 0.6989 0.5813 0.1396 0.0268
2 0.5518 0.4278 0.0787 0.0302
2 0.3204 0.3826 0.1504 0.0322
3 0.8557 0.6289 0.1435 0.0274
3 0.4788 0.4837 0.1026 0.0320
2 0.3379 0.4375 0.1446 0.0283
3 0.7071 0.6076 0.1373 0.0269
3 0.5335 0.6117 0.0984 0.0261
3 0.6900 0.5564 0.1394 0.0259
2 0.4427 0.3787 0.1061 0.0322
3 0.6330 0.6830 0.0732 0.0274
3 0.5650 0.7086 0.0993 0.0276
3 0.4402 0.6881 0.1260 0.0284
2 0.3322 0.4138 0.1516 0.0312
3 0.4323 0.6635 0.1366 0.0268
3 0.7140 0.6330 0.1336 0.0269
2 0.5438 0.4036 0.0776 0.0256
1 0.5581 0.7339 0.0550 0.0236
1 0.3176 0.7368 0.1445 0.0230
3 0.7365 0.7071 0.1366 0.0250
1 0.2657 0.5918 0.1524 0.0265
3 0.7239 0.6560 0.1375 0.0264
3 0.4481 0.7131 0.1293 0.0262
3 0.6185 0.6343 0.0698 0.0262
3 0.4198 0.6385 0.1368 0.0284
3 0.8260 0.5264 0.1422 0.0266
2 0.5307 0.3756 0.0864 0.0326
3 0.8296 0.5520 0.1485 0.0263
3 0.9154 0.7520 0.0940 0.0245
3 0.8485 0.6049 0.1477 0.0279
