1 0.3049 0.8028 0.0656 0.0369
3 0.3607 0.9782 0.0282 0.0436
1 0.3753 0.6912 0.0283 0.0443
3 0.1534 0.9820 0.0559 0.0359
1 0.2270 0.6782 0.0306 0.0401
1 0.8066 0.4491 0.0558 0.0484
1 0.0391 0.7379 0.0197 0.0321
1 0.2388 0.9116 0.0318 0.0359
1 0.8667 0.7850 0.0421 0.0491
1 0.6818 0.3083 0.0458 0.0436
3 0.0236 0.7976 0.0161 0.0313
1 0.2225 0.6113 0.0257 0.0394
2 0.9566 0.9586 0.0454 0.0567
3 0.6682 0.9733 0.0407 0.0535
1 0.1074 0.8218 0.0269 0.0334
3 0.4878 0.9778 0.0376 0.0443
1 0.9575 0.9064 0.0508 0.0471
1 0.2469 0.5695 0.0273 0.0413
1 0.4431 0.8278 0.0321 0.0345
1 0.0485 0.9494 0.0215 0.0310
1 0.7752 0.7126 0.0254 0.0491
1 0.5703 0.8113 0.0661 0.0385
3 0.0301 0.9478 0.0157 0.0320
1 0.0599 0.7661 0.0231 0.0323
1 0.5667 0.7366 0.0662 0.0438
1 0.4092 0.7571 0.0324 0.0351
1 0.0626 0.8271 0.0257 0.0327
1 0.3435 0.6588 0.0297 0.0351
1 0.6227 0.8111 0.0371 0.0442
1 0.0426 0.8278 0.0212 0.0313
3 0.1522 0.9470 0.0561 0.0340
1 0.0528 0.6113 0.0199 0.0338
1 0.9065 0.6961 0.0391 0.0496
1 0.1826 0.7824 0.0304 0.0355
1 0.2135 0.9120 0.0269 0.0366
1 0.6163 0.6920 0.0382 0.0438
1 0.6261 0.8882 0.0411 0.0420
3 0.5263 0.9759 0.0430 0.0471
1 0.3088 0.8726 0.0688 0.0344
1 0.0644 0.8561 0.0240 0.0302
1 0.2599 0.8420 0.0254 0.0373
3 0.4701 0.6694 0.0397 0.0365
1 0.6409 0.3165 0.0403 0.0423
1 0.1338 0.6261 0.0555 0.0412
1 0.3718 0.6180 0.0308 0.0344
1 0.0586 0.7364 0.0252 0.0341
1 0.9036 0.6093 0.0391 0.0501
1 0.8214 0.8735 0.0554 0.0461
1 0.7820 0.8778 0.0217 0.0435
1 0.8105 0.5354 0.0545 0.0480
1 0.5587 0.5768 0.0676 0.0422
3 0.1460 0.8491 0.0534 0.0335
1 0.4135 0.8306 0.0318 0.0358
1 0.0778 0.7014 0.0266 0.0323
1 0.2591 0.8104 0.0254 0.0380
1 0.1856 0.8478 0.0289 0.0348
1 0.4496 0.9374 0.0341 0.0380
1 0.9404 0.3776 0.0454 0.0459
2 0.0495 0.9821 0.0209 0.0357
1 0.3818 0.7986 0.0298 0.0412
3 0.5121 0.7028 0.0403 0.0379
1 0.8245 0.9153 0.0541 0.0486
1 0.0456 0.8880 0.0212 0.0317
1 0.8189 0.8318 0.0570 0.0466
1 0.8047 0.3184 0.0579 0.0453
1 0.8984 0.4337 0.0437 0.0471
1 0.7235 0.9237 0.0752 0.0469
3 0.4719 0.7064 0.0391 0.0375
1 0.1997 0.6487 0.0248 0.0319
3 0.3894 0.9778 0.0288 0.0444
1 0.6552 0.6461 0.0382 0.0394
1 0.9069 0.7407 0.0391 0.0506
1 0.2296 0.7427 0.0277 0.0370
1 0.3392 0.5495 0.0315 0.0403
1 0.9109 0.8267 0.0387 0.0496
1 0.4385 0.7190 0.0321 0.0362
3 0.5088 0.6260 0.0379 0.0390
1 0.8620 0.6581 0.0416 0.0454
1 0.4369 0.6816 0.0324 0.0401
3 0.3143 0.9795 0.0654 0.0410
1 0.3529 0.7993 0.0298 0.0405
1 0.4343 0.6440 0.0324 0.0359
3 0.4807 0.8579 0.0403 0.0365
1 0.4144 0.8663 0.0335 0.0341
1 0.1960 0.5829 0.0236 0.0394
1 0.6154 0.6527 0.0378 0.0438
1 0.3588 0.9390 0.0324 0.0373
1 0.1813 0.7487 0.0266 0.0376
3 0.4760 0.7821 0.0406 0.0372
1 0.6840 0.3487 0.0465 0.0395
1 0.5645 0.6982 0.0655 0.0446
1 0.8532 0.3531 0.0416 0.0468
1 0.0311 0.6152 0.0227 0.0349
1 0.6565 0.6883 0.0378 0.0478
3 0.7658 0.3745 0.0254 0.0504
3 0.2438 0.9797 0.0282 0.0407
2 0.5784 0.9760 0.0666 0.0480
1 0.0732 0.6071 0.0209 0.0346
3 0.7672 0.4616 0.0225 0.0477
1 0.6529 0.6082 0.0403 0.0478
3 0.1507 0.9135 0.0549 0.0320
1 0.8951 0.2489 0.0426 0.0469
1 0.0856 0.8547 0.0254 0.0309
1 0.6496 0.5260 0.0396 0.0468
3 0.8764 0.9667 0.0432 0.0610
3 0.0217 0.7714 0.0151 0.0313
1 0.5689 0.7755 0.0669 0.0447
3 0.7641 0.3304 0.0244 0.0504
1 0.3767 0.7271 0.0301 0.0394
3 0.0251 0.8596 0.0173 0.0309
1 0.1980 0.6150 0.0227 0.0394
3 0.0137 0.6208 0.0162 0.0323
1 0.0576 0.7051 0.0226 0.0334
1 0.4194 0.9383 0.0344 0.0397
1 0.6208 0.7718 0.0392 0.0451
1 0.0882 0.9146 0.0243 0.0334
1 0.8514 0.2621 0.0462 0.0486
1 0.0655 0.8863 0.0217 0.0316
1 0.9416 0.4683 0.0461 0.0442
1 0.6585 0.7249 0.0382 0.0406
1 0.1787 0.7163 0.0284 0.0369
1 0.2165 0.9448 0.0252 0.0298
1 0.2573 0.7743 0.0249 0.0391
1 0.7764 0.7559 0.0246 0.0455
1 0.8640 0.6994 0.0416 0.0511
1 0.8603 0.5709 0.0441 0.0441
1 0.9406 0.3331 0.0457 0.0489
1 0.7168 0.7170 0.0749 0.0442
1 0.0533 0.6430 0.0209 0.0320
1 0.2500 0.6402 0.0280 0.0341
1 0.6136 0.6113 0.0363 0.0423
1 0.1745 0.6527 0.0260 0.0376
3 0.5101 0.6656 0.0418 0.0379
1 0.9121 0.9110 0.0387 0.0491
1 0.4479 0.8995 0.0312 0.0380
1 0.9007 0.5216 0.0400 0.0467
1 0.4649 0.5948 0.0397 0.0390
3 0.0253 0.8283 0.0157 0.0309
1 0.1891 0.9121 0.0272 0.0341
1 0.3415 0.6229 0.0306 0.0427
3 0.0167 0.6796 0.0167 0.0324
3 0.1353 0.6579 0.0534 0.0404
1 0.8045 0.3620 0.0541 0.0475
1 0.8553 0.3965 0.0408 0.0432
1 0.2918 0.5540 0.0657 0.0397
1 0.9019 0.5640 0.0400 0.0464
1 0.6672 0.9262 0.0396 0.0411
1 0.3581 0.9051 0.0338 0.0383
1 0.2041 0.7473 0.0243 0.0383
1 0.7095 0.5937 0.0727 0.0432
3 0.6308 0.9738 0.0406 0.0524
1 0.3487 0.7300 0.0312 0.0419
1 0.4035 0.6466 0.0332 0.0348
1 0.3562 0.8694 0.0318 0.0380
1 0.1081 0.8524 0.0278 0.0334
1 0.2967 0.6607 0.0658 0.0347
2 0.0300 0.9762 0.0147 0.0245
1 0.8158 0.7508 0.0566 0.0486
1 0.3535 0.8353 0.0315 0.0408
1 0.7184 0.8024 0.0723 0.0465
1 0.4113 0.7935 0.0344 0.0369
3 0.5201 0.8547 0.0400 0.0398
1 0.2634 0.8761 0.0312 0.0359
1 0.0620 0.7956 0.0257 0.0337
1 0.0664 0.9162 0.0217 0.0302
1 0.8986 0.4786 0.0425 0.0468
1 0.1128 0.9143 0.0266 0.0334
3 0.0186 0.7096 0.0164 0.0365
1 0.9510 0.7343 0.0461 0.0503
2 0.4530 0.9786 0.0341 0.0428
1 0.9423 0.4232 0.0447 0.0505
1 0.2073 0.7795 0.0260 0.0365
1 0.2369 0.8770 0.0298 0.0390
1 0.8143 0.6645 0.0554 0.0501
1 0.6196 0.7313 0.0374 0.0456
1 0.9526 0.7769 0.0471 0.0490
1 0.2033 0.7132 0.0254 0.0369
3 0.2280 0.7096 0.0275 0.0380
1 0.2093 0.8130 0.0260 0.0334
1 0.6623 0.8073 0.0385 0.0482
3 0.0206 0.7407 0.0173 0.0339
1 0.0413 0.7974 0.0218 0.0317
1 0.0403 0.7683 0.0203 0.0310
1 0.2130 0.8795 0.0252 0.0300
1 0.6597 0.7660 0.0378 0.0469
1 0.7843 0.9183 0.0246 0.0435
3 0.8014 0.2736 0.0545 0.0472
1 0.9380 0.2445 0.0463 0.0452
1 0.3504 0.7652 0.0283 0.0391
1 0.8653 0.7422 0.0408 0.0486
1 0.6637 0.8478 0.0392 0.0433
3 0.0279 0.9169 0.0179 0.0306
1 0.7727 0.6286 0.0287 0.0471
3 0.1396 0.7221 0.0532 0.0425
1 0.8526 0.3091 0.0462 0.0478
1 0.8183 0.7905 0.0558 0.0481
1 0.9554 0.8644 0.0476 0.0483
3 0.7861 0.9685 0.0275 0.0594
3 0.1428 0.7858 0.0536 0.0374
1 0.6279 0.9288 0.0389 0.0429
3 0.0276 0.8880 0.0191 0.0302
1 0.4421 0.7919 0.0318 0.0380
3 0.5216 0.8918 0.0400 0.0398
1 0.1040 0.7602 0.0263 0.0329
1 0.1119 0.9468 0.0254 0.0366
1 0.2949 0.6254 0.0651 0.0349
1 0.3691 0.5811 0.0282 0.0416
1 0.2101 0.8466 0.0275 0.0359
3 0.0920 0.9814 0.0239 0.0373
1 0.3001 0.7328 0.0659 0.0341
3 0.2177 0.9806 0.0248 0.0389
1 0.7070 0.5120 0.0767 0.0445
1 0.9419 0.5564 0.0429 0.0436
1 0.1019 0.7283 0.0231 0.0341
1 0.3798 0.7626 0.0286 0.0401
1 0.1872 0.8802 0.0298 0.0341
1 0.3118 0.9411 0.0674 0.0359
1 0.2977 0.6957 0.0703 0.0407
1 0.6655 0.8864 0.0385 0.0385
1 0.0883 0.9462 0.0252 0.0369
1 0.9533 0.8199 0.0455 0.0458
1 0.6478 0.4867 0.0382 0.0478
3 0.1446 0.8172 0.0536 0.0373
3 0.1375 0.6904 0.0515 0.0394
1 0.8561 0.4381 0.0416 0.0497
2 0.4207 0.9792 0.0341 0.0416
3 0.7732 0.5857 0.0280 0.0477
1 0.7073 0.5540 0.0749 0.0417
1 0.3682 0.5434 0.0276 0.0385
1 0.2238 0.6443 0.0270 0.0344
1 0.8056 0.4055 0.0554 0.0484
1 0.2659 0.9104 0.0300 0.0307
1 0.8091 0.4911 0.0566 0.0475
1 0.0931 0.6038 0.0232 0.0390
3 0.5233 0.9323 0.0391 0.0420
1 0.7018 0.3876 0.0770 0.0378
1 0.5751 0.9308 0.0669 0.0442
1 0.0838 0.7946 0.0232 0.0337
1 0.0350 0.6774 0.0200 0.0332
1 0.0998 0.6657 0.0243 0.0348
1 0.9431 0.5123 0.0450 0.0491
3 0.4778 0.8202 0.0400 0.0390
1 0.0798 0.7322 0.0272 0.0334
2 0.1147 0.9817 0.0248 0.0365
1 0.2343 0.8443 0.0263 0.0341
1 0.7039 0.4257 0.0777 0.0443
1 0.9388 0.2862 0.0458 0.0544
3 0.8288 0.9667 0.0563 0.0557
1 0.7804 0.8371 0.0208 0.0451
1 0.7128 0.6349 0.0741 0.0443
1 0.1054 0.7896 0.0235 0.0359
1 0.2559 0.7395 0.0249 0.0377
1 0.8593 0.5277 0.0429 0.0479
1 0.9484 0.6911 0.0471 0.0528
1 0.9046 0.6529 0.0395 0.0481
1 0.4402 0.7549 0.0327 0.0369
1 0.7787 0.7956 0.0225 0.0481
1 0.2521 0.6710 0.0260 0.0356
1 0.3884 0.9389 0.0309 0.0369
1 0.0336 0.6479 0.0215 0.0339
3 0.9152 0.9640 0.0388 0.0599
1 0.0748 0.6383 0.0225 0.0331
1 0.4051 0.6835 0.0335 0.0383
1 0.4454 0.8638 0.0315 0.0355
3 0.4843 0.9352 0.0397 0.0409
1 0.3828 0.8341 0.0289 0.0405
1 0.8124 0.6233 0.0541 0.0526
1 0.9117 0.8662 0.0404 0.0445
3 0.2694 0.9800 0.0254 0.0399
1 0.0769 0.6717 0.0260 0.0327
1 0.1843 0.8157 0.0304 0.0345
1 0.8965 0.3423 0.0450 0.0475
1 0.7193 0.8403 0.0749 0.0453
1 0.2417 0.9439 0.0265 0.0294
3 0.7627 0.2893 0.0243 0.0415
1 0.3110 0.9072 0.0697 0.0376
1 0.2310 0.7768 0.0277 0.0362
1 0.6112 0.5713 0.0360 0.0418
3 0.1938 0.9808 0.0257 0.0384
1 0.1762 0.6842 0.0327 0.0387
1 0.0466 0.9187 0.0215 0.0313
1 0.0968 0.6351 0.0207 0.0371
1 0.0811 0.7622 0.0280 0.0323
1 0.6456 0.4420 0.0396 0.0450
3 0.5171 0.8164 0.0382 0.0383
1 0.8695 0.8272 0.0433 0.0496
1 0.7230 0.8812 0.0763 0.0431
1 0.7063 0.4701 0.0767 0.0420
1 0.2675 0.9433 0.0263 0.0320
1 0.3401 0.5856 0.0303 0.0382
1 0.7743 0.6716 0.0279 0.0481
1 0.0442 0.8583 0.0221 0.0321
1 0.2534 0.7056 0.0252 0.0415
1 0.8120 0.5771 0.0541 0.0464
1 0.3467 0.6931 0.0324 0.0419
1 0.1319 0.5941 0.0568 0.0428
3 0.5054 0.5874 0.0379 0.0398
1 0.1005 0.6972 0.0252 0.0323
1 0.5614 0.6554 0.0687 0.0438
1 0.1731 0.6197 0.0257 0.0358
1 0.7132 0.6768 0.0749 0.0443
1 0.9471 0.6468 0.0466 0.0534
1 0.5594 0.6151 0.0698 0.0403
3 0.1490 0.8808 0.0530 0.0315
1 0.8961 0.2972 0.0441 0.0554
3 0.5148 0.7403 0.0402 0.0387
3 0.0696 0.9822 0.0210 0.0357
1 0.6256 0.8489 0.0378 0.0438
3 0.7256 0.9722 0.0763 0.0557
1 0.1100 0.8840 0.0257 0.0334
1 0.2021 0.6797 0.0249 0.0360
3 0.7656 0.4158 0.0243 0.0464
1 0.9455 0.6007 0.0445 0.0490
3 0.4820 0.8947 0.0400 0.0379
1 0.5742 0.8893 0.0658 0.0380
1 0.3027 0.7666 0.0653 0.0348
1 0.4175 0.9009 0.0318 0.0351
1 0.3881 0.9025 0.0344 0.0387
1 0.6431 0.3587 0.0389 0.0445
1 0.2204 0.5752 0.0263 0.0409
1 0.2484 0.6056 0.0254 0.0413
1 0.0551 0.6742 0.0228 0.0327
1 0.2938 0.5914 0.0672 0.0353
1 0.8615 0.6152 0.0441 0.0486
3 0.5157 0.7796 0.0379 0.0375
1 0.4076 0.7209 0.0332 0.0359
1 0.0366 0.7079 0.0209 0.0339
1 0.5729 0.8513 0.0654 0.0416
3 0.1417 0.7542 0.0549 0.0391
1 0.0872 0.8852 0.0240 0.0295
1 0.8701 0.8708 0.0437 0.0415
1 0.0853 0.8253 0.0254 0.0313
1 0.3050 0.8392 0.0636 0.0408
1 0.1918 0.9454 0.0284 0.0303
3 0.4746 0.7447 0.0409 0.0383
1 0.8153 0.7091 0.0550 0.0521
1 0.8726 0.9156 0.0429 0.0481
1 0.0683 0.9476 0.0231 0.0334
3 0.7712 0.5429 0.0254 0.0459
1 0.9078 0.7835 0.0408 0.0491
1 0.6516 0.5669 0.0407 0.0473
1 0.8976 0.3861 0.0429 0.0450
1 0.4335 0.6062 0.0318 0.0404
1 0.3728 0.6545 0.0297 0.0383
3 0.7698 0.5005 0.0240 0.0460
1 0.2342 0.8102 0.0278 0.0355
1 0.1721 0.5879 0.0254 0.0369
1 0.3850 0.8677 0.0338 0.0380
1 0.7179 0.7589 0.0756 0.0414
1 0.4008 0.6093 0.0353 0.0397
3 0.0144 0.6515 0.0157 0.0323
1 0.8580 0.4826 0.0387 0.0466
3 0.4684 0.6317 0.0388 0.0390
1 0.6447 0.3994 0.0407 0.0419
