1 0.3745 0.7668 0.0657 0.0588
2 0.8050 0.8562 0.0736 0.0542
2 0.1986 0.3717 0.0640 0.0545
2 0.7239 0.3134 0.0618 0.0384
2 0.9563 0.8583 0.0336 0.0554
2 0.5434 0.6097 0.0345 0.0560
3 0.6627 0.3560 0.0573 0.0504
2 0.3005 0.8301 0.0744 0.0588
3 0.2734 0.2804 0.0684 0.0464
2 0.9865 0.8573 0.0270 0.0554
2 0.1519 0.8151 0.0744 0.0588
1 0.9519 0.7371 0.0317 0.0557
3 0.0585 0.5757 0.0396 0.0604
1 0.4988 0.7752 0.0325 0.0550
3 0.3131 0.6493 0.0732 0.0569
3 0.4522 0.6008 0.0695 0.0484
3 0.4000 0.3352 0.0581 0.0480
2 0.7890 0.3187 0.0639 0.0434
1 0.9746 0.5764 0.0372 0.0519
2 0.9151 0.1042 0.0316 0.0438
2 0.8467 0.1873 0.0587 0.0465
1 0.5083 0.4970 0.0296 0.0494
1 0.1167 0.5226 0.0703 0.0611
2 0.3683 0.8808 0.0650 0.0363
3 0.5419 0.6611 0.0331 0.0527
1 0.4567 0.4926 0.0681 0.0517
3 0.5041 0.6048 0.0327 0.0518
1 0.3787 0.7084 0.0653 0.0586
3 0.4650 0.2913 0.0652 0.0437
1 0.5443 0.5514 0.0322 0.0536
3 0.7270 0.4587 0.0664 0.0511
2 0.2242 0.8247 0.0791 0.0589
3 0.6632 0.4051 0.0564 0.0507
1 0.0896 0.7476 0.0729 0.0642
1 0.2510 0.5314 0.0746 0.0533
3 0.5493 0.3459 0.0288 0.0457
3 0.3942 0.4351 0.0596 0.0483
3 0.0810 0.4147 0.0371 0.0572
3 0.2701 0.3277 0.0702 0.0503
2 0.6618 0.8473 0.0614 0.0567
2 0.8568 0.4191 0.0597 0.0490
2 0.9251 0.3287 0.0297 0.0533
2 0.7212 0.1756 0.0627 0.0433
2 0.7228 0.2690 0.0617 0.0445
1 0.3052 0.7654 0.0754 0.0631
1 0.5458 0.4997 0.0294 0.0476
3 0.5031 0.6609 0.0337 0.0545
1 0.1937 0.4229 0.0662 0.0536
3 0.1041 0.6321 0.0708 0.0630
3 0.7911 0.3637 0.0653 0.0452
2 0.9425 0.1089 0.0316 0.0438
2 0.5538 0.1192 0.0316 0.0439
3 0.7249 0.3586 0.0626 0.0451
2 0.6010 0.0764 0.0617 0.0476
2 0.7837 0.1390 0.0622 0.0419
1 0.5468 0.4466 0.0286 0.0472
2 0.7855 0.1807 0.0641 0.0461
1 0.5092 0.4451 0.0291 0.0481
2 0.5992 0.2617 0.0641 0.0447
2 0.1341 0.3713 0.0647 0.0554
1 0.3093 0.7045 0.0727 0.0600
2 0.6642 0.9052 0.0614 0.0473
2 0.2991 0.8902 0.0744 0.0588
1 0.5951 0.7222 0.0681 0.0568
3 0.6630 0.4556 0.0572 0.0507
3 0.6002 0.2086 0.0621 0.0422
3 0.3307 0.4335 0.0666 0.0498
3 0.7951 0.5146 0.0649 0.0498
2 0.6612 0.0791 0.0516 0.0463
1 0.0738 0.4681 0.0368 0.0575
3 0.3338 0.3817 0.0671 0.0497
3 0.7301 0.6748 0.0673 0.0568
2 0.9174 0.1915 0.0295 0.0465
3 0.7301 0.7319 0.0676 0.0578
1 0.6639 0.7863 0.0646 0.0614
2 0.3701 0.8328 0.0650 0.0587
2 0.5527 0.1614 0.0316 0.0439
1 0.7280 0.5656 0.0658 0.0551
3 0.5481 0.3948 0.0293 0.0461
3 0.6634 0.5087 0.0592 0.0550
3 0.7925 0.4130 0.0667 0.0445
1 0.5970 0.5565 0.0658 0.0545
2 0.7318 0.8526 0.0672 0.0525
3 0.0926 0.3186 0.0362 0.0551
3 0.9447 0.6290 0.0338 0.0561
3 0.7269 0.5108 0.0642 0.0519
2 0.4979 0.9042 0.0365 0.0684
3 0.4616 0.3888 0.0682 0.0493
1 0.2363 0.6971 0.0745 0.0634
2 0.5992 0.1653 0.0647 0.0433
3 0.9815 0.6852 0.0355 0.0518
2 0.5988 0.3075 0.0617 0.0431
3 0.5956 0.6672 0.0682 0.0563
3 0.3187 0.5924 0.0686 0.0568
3 0.7879 0.2243 0.0622 0.0434
1 0.0428 0.6852 0.0420 0.0627
2 0.5378 0.8410 0.0373 0.0611
1 0.4552 0.5487 0.0676 0.0521
3 0.5994 0.3514 0.0629 0.0494
3 0.9280 0.3741 0.0291 0.0494
1 0.8629 0.5715 0.0593 0.0497
1 0.5408 0.7190 0.0317 0.0542
3 0.2653 0.3781 0.0721 0.0509
3 0.9493 0.2384 0.0262 0.0428
2 0.7879 0.2744 0.0646 0.0424
3 0.4594 0.4403 0.0657 0.0461
2 0.6616 0.1258 0.0547 0.0410
2 0.9486 0.1980 0.0316 0.0439
3 0.4640 0.3383 0.0672 0.0457
1 0.3910 0.4883 0.0598 0.0489
2 0.0806 0.8114 0.0744 0.0588
2 0.7201 0.0895 0.0583 0.0416
3 0.9666 0.4733 0.0359 0.0500
2 0.6007 0.1239 0.0617 0.0413
1 0.5982 0.4524 0.0646 0.0539
1 0.8746 0.7971 0.0647 0.0540
1 0.6625 0.5633 0.0592 0.0535
2 0.8503 0.2775 0.0566 0.0439
2 0.6620 0.3106 0.0550 0.0426
2 0.5500 0.2992 0.0315 0.0484
3 0.5131 0.3426 0.0294 0.0457
3 0.5154 0.2952 0.0303 0.0429
2 0.5549 0.0723 0.0316 0.0457
3 0.3973 0.3842 0.0604 0.0482
2 0.8431 0.1010 0.0575 0.0386
1 0.5003 0.7165 0.0344 0.0590
1 0.0962 0.6902 0.0720 0.0579
2 0.4419 0.8397 0.0703 0.0569
3 0.9474 0.6843 0.0332 0.0583
3 0.6621 0.2148 0.0556 0.0411
2 0.5923 0.8450 0.0737 0.0564
3 0.6639 0.7279 0.0624 0.0553
2 0.5355 0.9100 0.0364 0.0675
2 0.9519 0.2869 0.0303 0.0525
3 0.5989 0.4011 0.0622 0.0474
1 0.9550 0.7972 0.0313 0.0600
3 0.6631 0.6145 0.0609 0.0528
2 0.9225 0.2832 0.0273 0.0492
1 0.3850 0.5953 0.0639 0.0557
2 0.7304 0.9099 0.0682 0.0517
3 0.1748 0.5817 0.0690 0.0566
1 0.1578 0.7559 0.0723 0.0642
3 0.2071 0.2736 0.0649 0.0487
1 0.0665 0.5203 0.0374 0.0581
3 0.2411 0.6408 0.0750 0.0594
1 0.0511 0.6297 0.0419 0.0630
3 0.2612 0.4289 0.0718 0.0513
1 0.2308 0.7581 0.0778 0.0653
3 0.9376 0.5226 0.0316 0.0536
2 0.5512 0.2551 0.0294 0.0438
1 0.3267 0.4862 0.0669 0.0503
2 0.5928 0.9117 0.0737 0.0639
1 0.2559 0.4793 0.0706 0.0551
3 0.8615 0.5192 0.0615 0.0521
1 0.1806 0.5303 0.0676 0.0545
1 0.7314 0.7900 0.0687 0.0549
1 0.4478 0.7155 0.0699 0.0575
1 0.9837 0.7391 0.0326 0.0533
2 0.2225 0.8836 0.0793 0.0588
2 0.9447 0.1548 0.0316 0.0438
2 0.0729 0.8742 0.0744 0.0588
3 0.1408 0.3196 0.0653 0.0519
2 0.1470 0.8780 0.0744 0.0588
1 0.9860 0.7978 0.0279 0.0563
2 0.7823 0.0968 0.0614 0.0432
3 0.9601 0.3760 0.0337 0.0494
3 0.1693 0.6359 0.0697 0.0601
3 0.0981 0.2700 0.0336 0.0516
3 0.2459 0.5864 0.0723 0.0560
3 0.7262 0.4098 0.0644 0.0497
1 0.8039 0.7915 0.0718 0.0569
1 0.5385 0.7806 0.0328 0.0552
1 0.9412 0.5757 0.0328 0.0539
2 0.9312 0.4256 0.0287 0.0508
3 0.3810 0.6519 0.0648 0.0603
2 0.8452 0.1439 0.0597 0.0437
2 0.9162 0.1464 0.0316 0.0438
1 0.1234 0.4703 0.0703 0.0591
3 0.8728 0.7363 0.0649 0.0566
3 0.9345 0.4720 0.0292 0.0489
2 0.8767 0.8563 0.0643 0.0554
3 0.5118 0.3922 0.0297 0.0483
3 0.5523 0.2070 0.0297 0.0462
2 0.9551 0.3342 0.0304 0.0515
3 0.4512 0.6563 0.0709 0.0533
1 0.3212 0.5395 0.0692 0.0543
2 0.6613 0.2624 0.0548 0.0439
3 0.8591 0.4657 0.0591 0.0500
1 0.3888 0.5406 0.0629 0.0534
1 0.5975 0.5037 0.0663 0.0528
3 0.6631 0.6708 0.0617 0.0551
2 0.7204 0.1336 0.0606 0.0396
3 0.7939 0.4643 0.0662 0.0459
1 0.1633 0.6927 0.0713 0.0621
3 0.3379 0.3341 0.0677 0.0491
1 0.5948 0.7845 0.0709 0.0617
1 0.5063 0.5494 0.0300 0.0503
3 0.2035 0.3226 0.0633 0.0483
1 0.0347 0.7456 0.0454 0.0635
3 0.7222 0.2224 0.0591 0.0417
3 0.7283 0.6178 0.0664 0.0518
3 0.1084 0.5781 0.0701 0.0594
2 0.4980 0.8370 0.0359 0.0561
3 0.5970 0.6105 0.0669 0.0554
3 0.8025 0.7329 0.0701 0.0533
3 0.0868 0.3658 0.0378 0.0573
1 0.1279 0.4203 0.0630 0.0510
3 0.3399 0.2828 0.0640 0.0486
1 0.7975 0.5669 0.0673 0.0497
3 0.9776 0.6282 0.0374 0.0524
2 0.6612 0.1688 0.0583 0.0435
2 0.4402 0.9047 0.0763 0.0533
2 0.0270 0.8076 0.0464 0.0588
1 0.1875 0.4747 0.0664 0.0571
3 0.8707 0.6827 0.0637 0.0572
1 0.4458 0.7718 0.0716 0.0616
3 0.8004 0.6759 0.0690 0.0512
3 0.7991 0.6203 0.0685 0.0475
3 0.9697 0.5238 0.0353 0.0505
3 0.8558 0.3686 0.0577 0.0491
3 0.1470 0.2710 0.0665 0.0500
3 0.4015 0.2856 0.0585 0.0491
3 0.8494 0.2288 0.0564 0.0435
3 0.8689 0.6253 0.0649 0.0544
2 0.8942 0.9145 0.0336 0.0554
3 0.9199 0.2369 0.0277 0.0454
2 0.8520 0.3245 0.0582 0.0483
3 0.9635 0.4255 0.0359 0.0493
