3 0.6000 0.5564 0.0990 0.0291
3 0.6928 0.8410 0.0959 0.0319
3 0.2146 0.7147 0.0957 0.0281
3 0.8027 0.6211 0.0991 0.0291
3 0.9010 0.6835 0.0990 0.0291
2 0.4868 0.5551 0.1139 0.0276
3 0.3860 0.9034 0.0855 0.0319
2 0.4868 0.5879 0.1139 0.0276
3 0.7994 0.9326 0.1205 0.0272
3 0.6898 0.9371 0.0959 0.0319
3 0.4930 0.9358 0.1128 0.0284
3 0.6862 0.8101 0.0930 0.0319
3 0.2062 0.8421 0.0911 0.0291
3 0.9025 0.6526 0.0990 0.0291
3 0.1048 0.7445 0.1184 0.0304
2 0.4887 0.6189 0.1095 0.0287
3 0.3919 0.9349 0.0855 0.0319
3 0.1018 0.5540 0.1199 0.0304
3 0.2049 0.8136 0.0922 0.0264
3 0.0980 0.8704 0.1147 0.0311
2 0.6982 0.6517 0.0990 0.0291
3 0.5969 0.9371 0.0959 0.0319
3 0.8011 0.5908 0.0990 0.0291
2 0.3437 0.5540 0.1581 0.0304
3 0.6913 0.8730 0.0959 0.0319
3 0.0977 0.8412 0.1145 0.0275
3 0.7972 0.6506 0.0990 0.0291
3 0.2975 0.7813 0.0855 0.0384
3 0.7995 0.8414 0.1094 0.0280
3 0.9052 0.8404 0.0959 0.0319
3 0.2149 0.9330 0.1001 0.0335
3 0.7014 0.5567 0.0990 0.0291
3 0.6982 0.6197 0.0990 0.0291
2 0.2110 0.6191 0.1045 0.0298
3 0.0989 0.6501 0.1184 0.0304
2 0.2110 0.5540 0.1045 0.0298
3 0.3093 0.9333 0.0855 0.0319
3 0.7969 0.8104 0.1133 0.0298
2 0.4940 0.9725 0.1239 0.0452
3 0.3845 0.8117 0.0855 0.0319
3 0.4870 0.8123 0.1119 0.0284
2 0.8018 0.9738 0.1352 0.0449
3 0.6842 0.7762 0.0881 0.0289
3 0.2119 0.9018 0.1001 0.0286
3 0.3004 0.8725 0.0855 0.0319
3 0.5947 0.8426 0.0959 0.0319
3 0.5954 0.9056 0.0959 0.0319
3 0.7980 0.6844 0.0990 0.0291
2 0.3437 0.6197 0.1581 0.0304
2 0.5969 0.7463 0.0827 0.0309
2 0.3451 0.6809 0.1484 0.0285
3 0.9096 0.8714 0.0959 0.0319
3 0.0989 0.6821 0.1184 0.0304
3 0.5976 0.6834 0.0990 0.0291
3 0.8946 0.7159 0.0990 0.0291
3 0.6998 0.5882 0.0990 0.0291
2 0.6966 0.6847 0.0990 0.0291
3 0.4895 0.6832 0.1229 0.0299
3 0.4901 0.9032 0.1083 0.0316
3 0.9140 0.9029 0.0959 0.0319
3 0.8047 0.9029 0.1190 0.0279
3 0.3860 0.7792 0.0855 0.0328
3 0.5939 0.8746 0.0959 0.0319
3 0.1018 0.7125 0.1184 0.0304
2 0.3400 0.6494 0.1582 0.0304
3 0.2139 0.6824 0.1045 0.0298
2 0.4892 0.6510 0.1164 0.0283
3 0.1005 0.9017 0.1234 0.0276
2 0.5976 0.6209 0.0990 0.0291
2 0.3270 0.9706 0.1321 0.0430
2 0.2128 0.9723 0.1004 0.0449
2 0.3443 0.7135 0.1546 0.0292
3 0.9001 0.7453 0.1033 0.0308
3 0.9037 0.8084 0.0959 0.0319
3 0.2975 0.8426 0.0855 0.0319
3 0.9088 0.7769 0.0973 0.0308
3 0.0977 0.8140 0.1151 0.0208
3 0.4889 0.8722 0.1114 0.0286
3 0.1003 0.6170 0.1184 0.0304
3 0.2070 0.7809 0.0877 0.0386
3 0.5948 0.7154 0.0990 0.0265
2 0.6900 0.7439 0.0911 0.0276
3 0.2076 0.8728 0.1001 0.0286
3 0.4879 0.7147 0.1168 0.0272
3 0.4876 0.7453 0.1156 0.0294
3 0.3428 0.7454 0.1648 0.0301
3 0.2134 0.7448 0.0908 0.0313
2 0.7909 0.7438 0.0990 0.0265
2 0.6445 0.9765 0.1834 0.0456
3 0.5923 0.7778 0.0808 0.0291
2 0.3452 0.5876 0.1582 0.0304
3 0.4847 0.8414 0.1147 0.0275
3 0.0977 0.7812 0.1144 0.0371
3 0.9066 0.9343 0.0959 0.0319
3 0.5984 0.5891 0.0990 0.0291
3 0.3048 0.9029 0.0855 0.0319
2 0.7910 0.7138 0.0990 0.0265
2 0.1047 0.9725 0.1321 0.0452
2 0.6907 0.7143 0.0990 0.0265
2 0.2110 0.5844 0.1045 0.0298
3 0.3874 0.8730 0.0855 0.0319
2 0.2110 0.6506 0.1045 0.0298
3 0.6000 0.6526 0.0990 0.0291
3 0.0961 0.9337 0.1286 0.0282
3 0.7999 0.8719 0.1166 0.0297
3 0.4892 0.7795 0.1114 0.0350
3 0.3845 0.8442 0.0855 0.0319
3 0.6913 0.9045 0.0959 0.0319
3 0.5925 0.8101 0.0855 0.0319
3 0.1011 0.5855 0.1258 0.0304
3 0.2990 0.8136 0.0884 0.0268
3 0.7936 0.7767 0.1198 0.0293
