3 0.4888 0.6111 0.0283 0.0409
1 0.0405 0.5935 0.0197 0.0452
1 0.7203 0.1577 0.0504 0.0479
1 0.3337 0.6661 0.0270 0.0444
1 0.2035 0.7128 0.0326 0.0447
1 0.9869 0.4739 0.0261 0.0518
2 0.3007 0.3618 0.0336 0.0424
3 0.4403 0.6197 0.0625 0.0419
3 0.8501 0.8755 0.0364 0.0531
1 0.0404 0.4197 0.0183 0.0482
3 0.1037 0.6320 0.0263 0.0418
1 0.8437 0.2612 0.0375 0.0536
1 0.3803 0.7970 0.0582 0.0435
1 0.2360 0.7578 0.0281 0.0413
3 0.5952 0.7724 0.0570 0.0549
1 0.1487 0.6740 0.0572 0.0411
1 0.2345 0.5818 0.0290 0.0417
1 0.2330 0.4505 0.0268 0.0427
1 0.2018 0.6275 0.0355 0.0440
1 0.0081 0.1981 0.0163 0.0486
1 0.0237 0.5000 0.0195 0.0530
1 0.1507 0.7174 0.0549 0.0430
1 0.6644 0.8278 0.0772 0.0535
3 0.5945 0.6634 0.0567 0.0555
3 0.0714 0.4595 0.0324 0.0406
1 0.1507 0.7605 0.0582 0.0412
1 0.0230 0.2552 0.0164 0.0486
1 0.0203 0.9031 0.0407 0.0559
1 0.3030 0.7999 0.0368 0.0444
3 0.1046 0.5865 0.0252 0.0405
1 0.3341 0.7074 0.0263 0.0410
1 0.7922 0.7666 0.0706 0.0522
1 0.5879 0.0151 0.0573 0.0302
3 0.3769 0.4876 0.0586 0.0439
1 0.2326 0.4943 0.0283 0.0431
2 0.7301 0.8710 0.0511 0.0364
3 0.0757 0.8078 0.0324 0.0395
1 0.8478 0.5937 0.0366 0.0547
3 0.4864 0.2123 0.0286 0.0426
1 0.6588 0.4390 0.0741 0.0507
3 0.0240 0.5476 0.0159 0.0502
3 0.7936 0.8675 0.0709 0.0328
1 0.6622 0.6031 0.0751 0.0536
1 0.5884 0.0601 0.0573 0.0537
1 0.2040 0.8031 0.0355 0.0470
1 0.9865 0.5226 0.0252 0.0518
3 0.3741 0.1796 0.0595 0.0438
1 0.9874 0.7708 0.0252 0.0518
3 0.7927 0.8225 0.0709 0.0539
1 0.8919 0.3687 0.0505 0.0556
2 0.2993 0.3179 0.0336 0.0424
3 0.3309 0.3155 0.0258 0.0413
1 0.8417 0.1490 0.0380 0.0535
1 0.1998 0.5400 0.0334 0.0419
3 0.0725 0.6764 0.0310 0.0401
3 0.5964 0.8297 0.0570 0.0549
1 0.2670 0.7121 0.0303 0.0418
1 0.0287 0.8003 0.0182 0.0507
3 0.4920 0.8360 0.0298 0.0403
1 0.8940 0.5945 0.0502 0.0548
3 0.1056 0.7207 0.0257 0.0414
1 0.1525 0.8050 0.0602 0.0414
3 0.1046 0.4985 0.0254 0.0382
3 0.2999 0.4033 0.0329 0.0436
3 0.4375 0.3964 0.0624 0.0415
3 0.0719 0.5466 0.0319 0.0419
1 0.8916 0.4271 0.0494 0.0553
1 0.3780 0.6202 0.0580 0.0429
2 0.2982 0.1833 0.0301 0.0472
3 0.5465 0.8292 0.0394 0.0486
1 0.5941 0.6061 0.0556 0.0507
2 0.2977 0.2278 0.0318 0.0407
3 0.0437 0.8455 0.0200 0.0329
1 0.6605 0.5483 0.0754 0.0508
2 0.3042 0.8381 0.0375 0.0285
1 0.8961 0.7069 0.0508 0.0535
3 0.0726 0.5918 0.0322 0.0435
1 0.3333 0.5766 0.0260 0.0406
1 0.3790 0.6629 0.0575 0.0436
1 0.8871 0.0362 0.0487 0.0539
1 0.2647 0.4507 0.0351 0.0420
1 0.5896 0.2765 0.0551 0.0524
1 0.8894 0.2023 0.0500 0.0562
3 0.3309 0.3573 0.0266 0.0419
2 0.2330 0.5396 0.0307 0.0437
1 0.5451 0.6625 0.0395 0.0517
1 0.2665 0.6680 0.0298 0.0431
3 0.4384 0.4854 0.0625 0.0422
1 0.8900 0.2582 0.0502 0.0558
2 0.2989 0.8983 0.0302 0.0539
1 0.0245 0.5978 0.0168 0.0479
3 0.3316 0.4460 0.0243 0.0389
1 0.8402 0.0406 0.0371 0.0506
3 0.4434 0.8935 0.0298 0.0521
1 0.2022 0.5820 0.0346 0.0440
3 0.3277 0.8975 0.0312 0.0513
3 0.3326 0.4876 0.0259 0.0397
3 0.1023 0.4131 0.0263 0.0403
1 0.8498 0.7632 0.0390 0.0493
1 0.0093 0.5969 0.0185 0.0473
1 0.5421 0.4428 0.0400 0.0528
3 0.1040 0.5420 0.0253 0.0391
1 0.1521 0.8442 0.0602 0.0309
1 0.5377 0.0167 0.0394 0.0333
1 0.5892 0.2232 0.0573 0.0530
1 0.2647 0.4063 0.0351 0.0420
1 0.7249 0.4897 0.0502 0.0561
1 0.9855 0.3225 0.0291 0.0518
1 0.5868 0.1123 0.0554 0.0516
1 0.5955 0.7160 0.0573 0.0519
3 0.4421 0.8351 0.0614 0.0285
3 0.1057 0.7611 0.0264 0.0392
2 0.2067 0.9014 0.0615 0.0539
1 0.0395 0.5475 0.0209 0.0490
2 0.3801 0.8352 0.0604 0.0285
3 0.3748 0.3563 0.0601 0.0459
3 0.4379 0.3072 0.0639 0.0441
1 0.7849 0.2092 0.0715 0.0500
3 0.3301 0.2295 0.0278 0.0396
1 0.8502 0.8188 0.0364 0.0531
3 0.3745 0.2702 0.0581 0.0431
1 0.5882 0.1668 0.0572 0.0496
1 0.2326 0.4067 0.0268 0.0427
1 0.0227 0.4488 0.0173 0.0486
3 0.2603 0.9004 0.0478 0.0539
1 0.0270 0.7493 0.0182 0.0507
1 0.7897 0.5967 0.0717 0.0570
1 0.4911 0.7891 0.0272 0.0412
1 0.8971 0.7604 0.0493 0.0516
1 0.8445 0.3715 0.0365 0.0548
1 0.0405 0.5043 0.0206 0.0482
3 0.3752 0.3152 0.0592 0.0432
1 0.0076 0.2493 0.0151 0.0486
3 0.1083 0.8445 0.0226 0.0328
1 0.7280 0.7693 0.0496 0.0493
3 0.0745 0.7623 0.0304 0.0380
1 0.0108 0.6977 0.0189 0.0499
1 0.8454 0.4277 0.0384 0.0537
1 0.1476 0.4126 0.0580 0.0428
1 0.4423 0.7964 0.0606 0.0434
1 0.9877 0.7198 0.0247 0.0518
1 0.7232 0.3790 0.0483 0.0524
3 0.3010 0.4482 0.0329 0.0435
1 0.8917 0.3147 0.0513 0.0538
1 0.4393 0.5732 0.0620 0.0445
3 0.4863 0.3006 0.0277 0.0404
1 0.7843 0.1525 0.0725 0.0522
1 0.9872 0.5750 0.0252 0.0518
1 0.5456 0.7193 0.0397 0.0495
1 0.6561 0.0523 0.0752 0.0533
3 0.4357 0.1758 0.0608 0.0443
1 0.8431 0.2063 0.0385 0.0501
3 0.8940 0.5386 0.0502 0.0539
1 0.0099 0.4968 0.0163 0.0464
1 0.5387 0.1133 0.0394 0.0622
1 0.0417 0.6783 0.0205 0.0477
3 0.3852 0.8952 0.0842 0.0502
1 0.0074 0.3966 0.0148 0.0464
3 0.4363 0.2221 0.0629 0.0411
1 0.7210 0.2108 0.0480 0.0532
1 0.5400 0.2797 0.0383 0.0536
1 0.3794 0.7079 0.0580 0.0427
3 0.3329 0.5332 0.0276 0.0431
3 0.7196 0.0104 0.0483 0.0207
1 0.0238 0.4012 0.0173 0.0486
3 0.3314 0.4022 0.0254 0.0395
3 0.1054 0.8050 0.0247 0.0390
1 0.5908 0.3870 0.0542 0.0528
3 0.0604 0.9021 0.0436 0.0539
1 0.0100 0.5466 0.0161 0.0475
1 0.2677 0.7550 0.0298 0.0424
3 0.4852 0.1685 0.0300 0.0439
3 0.3752 0.4431 0.0599 0.0470
1 0.7203 0.1038 0.0521 0.0533
1 0.2348 0.7148 0.0264 0.0424
1 0.7830 0.0987 0.0721 0.0528
1 0.7237 0.4332 0.0535 0.0543
1 0.0227 0.3026 0.0164 0.0486
1 0.3019 0.7114 0.0368 0.0444
1 0.0078 0.4474 0.0156 0.0464
2 0.2993 0.2758 0.0330 0.0428
3 0.3297 0.1841 0.0278 0.0442
1 0.0080 0.3471 0.0159 0.0464
3 0.1022 0.4573 0.0249 0.0397
1 0.8417 0.0933 0.0371 0.0548
1 0.7263 0.6576 0.0531 0.0568
1 0.7852 0.3194 0.0722 0.0533
1 0.4406 0.6610 0.0624 0.0426
1 0.0103 0.8001 0.0206 0.0468
1 0.8879 0.0920 0.0501 0.0530
3 0.3024 0.6680 0.0323 0.0424
1 0.8891 0.1469 0.0489 0.0545
1 0.7271 0.7159 0.0504 0.0529
1 0.9878 0.6726 0.0245 0.0518
3 0.5913 0.4427 0.0556 0.0545
3 0.4864 0.3892 0.0291 0.0414
1 0.0412 0.7209 0.0199 0.0452
1 0.1475 0.5882 0.0562 0.0408
3 0.2390 0.8402 0.0292 0.0285
2 0.2689 0.8398 0.0297 0.0285
3 0.0756 0.8472 0.0324 0.0324
1 0.6557 0.1621 0.0751 0.0547
1 0.8958 0.6508 0.0514 0.0541
1 0.0081 0.2975 0.0162 0.0507
1 0.7905 0.6550 0.0719 0.0516
1 0.3338 0.6210 0.0270 0.0438
1 0.0071 0.0974 0.0141 0.0540
1 0.0104 0.6469 0.0190 0.0504
1 0.1463 0.4560 0.0561 0.0403
3 0.4366 0.2674 0.0624 0.0412
3 0.1404 0.9000 0.0660 0.0476
1 0.0407 0.4655 0.0183 0.0482
3 0.4388 0.5271 0.0631 0.0470
1 0.2003 0.4513 0.0336 0.0422
1 0.6622 0.6600 0.0748 0.0520
1 0.6593 0.3831 0.0745 0.0513
1 0.9872 0.6236 0.0252 0.0518
1 0.8486 0.6514 0.0379 0.0533
1 0.7865 0.3768 0.0719 0.0499
1 0.3363 0.7961 0.0261 0.0415
1 0.4430 0.7490 0.0617 0.0432
1 0.6550 0.1091 0.0764 0.0572
1 0.9867 0.4250 0.0261 0.0518
3 0.4904 0.7001 0.0293 0.0415
1 0.1461 0.4992 0.0547 0.0420
1 0.0402 0.6381 0.0209 0.0482
1 0.2026 0.6709 0.0337 0.0419
3 0.4885 0.5658 0.0282 0.0393
3 0.5979 0.8785 0.0570 0.0370
3 0.5933 0.5515 0.0559 0.0586
1 0.0450 0.8104 0.0200 0.0477
3 0.3734 0.2238 0.0594 0.0447
3 0.0706 0.4166 0.0333 0.0402
1 0.7213 0.2713 0.0494 0.0514
1 0.5441 0.5529 0.0383 0.0527
1 0.7195 0.0478 0.0483 0.0573
1 0.2647 0.4941 0.0331 0.0406
1 0.4906 0.7439 0.0273 0.0410
3 0.0714 0.5036 0.0316 0.0409
3 0.7248 0.5995 0.0529 0.0563
3 0.3005 0.4923 0.0329 0.0436
1 0.0076 0.1507 0.0151 0.0486
1 0.0113 0.8497 0.0226 0.0438
3 0.7833 0.0081 0.0721 0.0163
3 0.3752 0.3997 0.0596 0.0444
1 0.7876 0.4880 0.0712 0.0497
1 0.7821 0.0450 0.0721 0.0518
1 0.0221 0.2040 0.0164 0.0486
1 0.2349 0.6712 0.0285 0.0430
1 0.7255 0.5441 0.0502 0.0535
1 0.8429 0.3143 0.0367 0.0519
3 0.4900 0.6568 0.0284 0.0426
1 0.0293 0.8465 0.0182 0.0356
2 0.0946 0.9024 0.0250 0.0539
1 0.0432 0.7657 0.0200 0.0477
1 0.2349 0.6255 0.0270 0.0425
1 0.7229 0.3236 0.0504 0.0518
1 0.6622 0.7162 0.0770 0.0502
1 0.5913 0.3313 0.0558 0.0525
3 0.3772 0.5323 0.0574 0.0462
1 0.6661 0.8792 0.0772 0.0405
3 0.4875 0.5215 0.0291 0.0406
1 0.6581 0.3273 0.0760 0.0495
1 0.6626 0.7703 0.0756 0.0563
1 0.8982 0.8189 0.0514 0.0549
1 0.4410 0.7084 0.0629 0.0417
1 0.5919 0.4969 0.0567 0.0528
3 0.4870 0.3432 0.0287 0.0402
3 0.0101 0.5465 0.0161 0.0474
1 0.0245 0.6469 0.0190 0.0539
3 0.4380 0.4418 0.0635 0.0427
1 0.3026 0.7554 0.0368 0.0444
1 0.2002 0.4085 0.0318 0.0399
1 0.5437 0.6081 0.0394 0.0524
1 0.2664 0.6243 0.0311 0.0423
1 0.5413 0.3884 0.0396 0.0515
1 0.7884 0.5433 0.0706 0.0507
1 0.5411 0.3342 0.0383 0.0526
1 0.7858 0.2646 0.0711 0.0562
1 0.9861 0.3750 0.0278 0.0518
3 0.3012 0.6236 0.0319 0.0446
1 0.8458 0.4846 0.0368 0.0519
1 0.2662 0.5799 0.0307 0.0405
3 0.8982 0.8652 0.0514 0.0353
1 0.7873 0.4302 0.0704 0.0519
3 0.5459 0.7727 0.0389 0.0538
1 0.2681 0.8023 0.0312 0.0440
1 0.7902 0.7112 0.0723 0.0521
3 0.3351 0.8354 0.0292 0.0285
1 0.2009 0.4974 0.0344 0.0430
1 0.6574 0.2745 0.0741 0.0483
3 0.2044 0.8381 0.0375 0.0285
3 0.1051 0.6772 0.0250 0.0419
3 0.4873 0.4331 0.0287 0.0405
1 0.8933 0.4810 0.0491 0.0530
1 0.6559 0.0129 0.0752 0.0258
3 0.4836 0.8908 0.0446 0.0487
1 0.2370 0.8021 0.0261 0.0404
1 0.6563 0.2190 0.0744 0.0524
1 0.3016 0.5813 0.0319 0.0446
1 0.1471 0.6305 0.0556 0.0431
1 0.6603 0.4932 0.0745 0.0488
3 0.3012 0.5346 0.0329 0.0436
1 0.0218 0.1574 0.0164 0.0486
2 0.1441 0.5444 0.0498 0.0488
1 0.5380 0.0607 0.0394 0.0544
3 0.4873 0.4783 0.0286 0.0412
1 0.3800 0.7533 0.0589 0.0439
3 0.5461 0.8868 0.0402 0.0539
1 0.0101 0.7479 0.0201 0.0472
1 0.8484 0.7067 0.0389 0.0539
1 0.2651 0.5378 0.0317 0.0420
1 0.5387 0.1690 0.0383 0.0526
3 0.0733 0.7202 0.0319 0.0404
3 0.4375 0.3537 0.0625 0.0408
1 0.5390 0.2232 0.0377 0.0540
3 0.0729 0.6354 0.0323 0.0424
1 0.8470 0.5374 0.0371 0.0507
1 0.3779 0.5752 0.0561 0.0471
1 0.0237 0.3521 0.0164 0.0486
3 0.4873 0.4330 0.0281 0.0407
3 0.5424 0.4991 0.0385 0.0541
3 0.4851 0.2574 0.0288 0.0434
1 0.3363 0.7516 0.0262 0.0425
3 0.3314 0.2728 0.0258 0.0413
1 0.2039 0.7597 0.0343 0.0435
1 0.7283 0.8233 0.0516 0.0518
