1 0.8643 0.5882 0.0362 0.0446
1 0.5203 0.3566 0.0399 0.0465
1 0.3547 0.4240 0.0407 0.0500
1 0.4015 0.3620 0.0348 0.0529
1 0.7145 0.3503 0.0308 0.0466
1 0.2701 0.6060 0.0328 0.0486
1 0.7114 0.1104 0.0303 0.0468
1 0.2668 0.1946 0.0379 0.0545
1 0.8193 0.3469 0.0298 0.0456
1 0.9483 0.1031 0.0387 0.0404
1 0.2683 0.6656 0.0343 0.0552
1 0.7458 0.1563 0.0308 0.0461
1 0.3995 0.1281 0.0349 0.0491
1 0.4048 0.6005 0.0324 0.0464
1 0.1920 0.2557 0.0305 0.0550
1 0.6512 0.3958 0.0283 0.0509
1 0.9034 0.1543 0.0403 0.0466
1 0.3993 0.1872 0.0333 0.0627
1 0.5246 0.4725 0.0410 0.0492
1 0.9046 0.2501 0.0388 0.0472
1 0.4397 0.4831 0.0287 0.0428
1 0.6168 0.3524 0.0357 0.0474
1 0.7831 0.3487 0.0323 0.0452
1 0.2271 0.1971 0.0295 0.0526
1 0.2686 0.4871 0.0309 0.0471
1 0.1619 0.4341 0.0339 0.0551
2 0.6738 0.9213 0.0640 0.0673
1 0.9568 0.4919 0.0369 0.0461
1 0.9915 0.5900 0.0108 0.0453
1 0.9500 0.1519 0.0401 0.0461
1 0.2971 0.0263 0.0358 0.0433
2 0.3967 0.7775 0.1179 0.0697
1 0.9564 0.3914 0.0405 0.0456
2 0.5639 0.9183 0.1438 0.0624
1 0.6587 0.6894 0.0287 0.0487
1 0.3970 0.0220 0.0359 0.0406
1 0.2003 0.4918 0.0278 0.0517
1 0.3034 0.3114 0.0395 0.0523
1 0.9058 0.2979 0.0385 0.0479
1 0.5809 0.5008 0.0381 0.0508
1 0.4785 0.3695 0.0368 0.0555
1 0.7835 0.2994 0.0290 0.0475
1 0.7539 0.5407 0.0285 0.0448
1 0.2617 0.1363 0.0314 0.0558
1 0.7161 0.5909 0.0282 0.0453
1 0.4052 0.6671 0.0390 0.0661
1 0.2359 0.6086 0.0343 0.0527
1 0.9543 0.3442 0.0393 0.0456
1 0.6867 0.5454 0.0275 0.0463
1 0.4347 0.0747 0.0326 0.0602
1 0.8637 0.6836 0.0363 0.0490
1 0.6496 0.2561 0.0309 0.0474
1 0.6134 0.1150 0.0339 0.0463
1 0.4331 0.1360 0.0271 0.0489
1 0.6871 0.4949 0.0287 0.0464
1 0.9013 0.1063 0.0388 0.0445
1 0.9908 0.3458 0.0184 0.0420
1 0.7532 0.4935 0.0285 0.0463
1 0.6209 0.6432 0.0345 0.0476
1 0.5801 0.5966 0.0373 0.0476
1 0.6474 0.2085 0.0293 0.0475
1 0.3498 0.1333 0.0444 0.0585
1 0.6596 0.7529 0.0274 0.0707
1 0.9066 0.3470 0.0380 0.0477
1 0.4005 0.5443 0.0282 0.0590
1 0.7791 0.2050 0.0309 0.0451
1 0.2993 0.0766 0.0383 0.0521
1 0.4361 0.4295 0.0287 0.0691
1 0.9091 0.4906 0.0381 0.0486
1 0.3056 0.2518 0.0403 0.0530
1 0.9139 0.7449 0.0400 0.0751
1 0.3521 0.2498 0.0421 0.0540
1 0.6799 0.2067 0.0278 0.0458
1 0.7177 0.5420 0.0305 0.0467
1 0.3584 0.6650 0.0419 0.0534
1 0.8221 0.5384 0.0290 0.0453
1 0.7863 0.6380 0.0321 0.0474
1 0.3445 0.0743 0.0405 0.0568
1 0.9042 0.2005 0.0406 0.0509
3 0.2490 0.7718 0.0727 0.0685
1 0.6530 0.5925 0.0292 0.0471
1 0.3593 0.5433 0.0382 0.0544
1 0.9580 0.6328 0.0369 0.0467
1 0.8558 0.2003 0.0394 0.0432
1 0.2009 0.6706 0.0336 0.0540
1 0.9600 0.6841 0.0362 0.0515
1 0.7186 0.6389 0.0312 0.0476
1 0.7156 0.3016 0.0277 0.0473
1 0.8658 0.7457 0.0374 0.0745
1 0.4801 0.5983 0.0396 0.0505
1 0.6835 0.3014 0.0278 0.0458
1 0.6853 0.4476 0.0293 0.0466
1 0.8258 0.7496 0.0295 0.0722
1 0.5147 0.0666 0.0416 0.0520
1 0.2238 0.0790 0.0285 0.0506
1 0.4823 0.4754 0.0367 0.0507
1 0.3562 0.4878 0.0430 0.0549
1 0.7559 0.6889 0.0320 0.0476
1 0.4796 0.4228 0.0402 0.0352
1 0.8641 0.6358 0.0351 0.0428
1 0.7867 0.4933 0.0314 0.0451
1 0.4417 0.5455 0.0291 0.0472
1 0.8600 0.3944 0.0363 0.0452
1 0.4045 0.4858 0.0352 0.0516
1 0.7502 0.2991 0.0293 0.0497
1 0.3527 0.3687 0.0436 0.0506
1 0.6148 0.2094 0.0342 0.0496
1 0.9879 0.2554 0.0225 0.0430
1 0.1951 0.3142 0.0332 0.0509
1 0.9098 0.5377 0.0366 0.0492
2 0.4000 0.8553 0.1169 0.0771
1 0.9113 0.6345 0.0386 0.0511
1 0.2615 0.0735 0.0269 0.0601
1 0.1945 0.1409 0.0243 0.0485
1 0.4359 0.3603 0.0262 0.0558
1 0.8152 0.1555 0.0285 0.0447
1 0.2250 0.0267 0.0349 0.0426
3 0.3108 0.7705 0.0496 0.0613
2 0.8108 0.9248 0.1048 0.0837
1 0.4374 0.3030 0.0270 0.0559
1 0.5826 0.6997 0.0384 0.0492
1 0.8637 0.5388 0.0365 0.0461
1 0.3070 0.3695 0.0422 0.0501
1 0.6554 0.6411 0.0309 0.0475
1 0.2296 0.4291 0.0298 0.0524
1 0.7452 0.2039 0.0295 0.0477
1 0.2627 0.3108 0.0292 0.0548
1 0.2660 0.4292 0.0289 0.0501
1 0.6188 0.4500 0.0356 0.0473
1 0.9569 0.7466 0.0362 0.0729
1 0.8251 0.6828 0.0294 0.0479
1 0.8571 0.2499 0.0373 0.0495
1 0.9083 0.4422 0.0393 0.0478
1 0.7476 0.2531 0.0303 0.0472
1 0.8241 0.6345 0.0301 0.0462
1 0.7163 0.4476 0.0312 0.0464
2 0.1056 0.7751 0.2064 0.0719
1 0.4404 0.5973 0.0276 0.0508
1 0.5184 0.3006 0.0326 0.0462
1 0.7188 0.4945 0.0292 0.0451
1 0.2280 0.3106 0.0299 0.0542
1 0.1609 0.6107 0.0352 0.0541
2 0.9228 0.9325 0.1012 0.0851
1 0.9557 0.4404 0.0388 0.0476
1 0.1926 0.0286 0.0265 0.0464
1 0.9528 0.2504 0.0386 0.0484
1 0.7498 0.3487 0.0305 0.0457
1 0.6166 0.2575 0.0347 0.0499
1 0.7217 0.7433 0.0324 0.0536
1 0.1928 0.1960 0.0314 0.0514
1 0.6473 0.1608 0.0300 0.0463
1 0.3006 0.1332 0.0346 0.0602
1 0.3991 0.3049 0.0342 0.0601
1 0.5167 0.1223 0.0403 0.0559
1 0.6863 0.5919 0.0276 0.0437
1 0.7520 0.5893 0.0293 0.0478
1 0.4035 0.4202 0.0340 0.0538
1 0.8169 0.2504 0.0302 0.0475
1 0.1595 0.3766 0.0376 0.0540
1 0.6906 0.7555 0.0244 0.0708
1 0.8151 0.1076 0.0280 0.0431
1 0.2703 0.5460 0.0312 0.0533
1 0.7588 0.7397 0.0316 0.0501
1 0.7811 0.1067 0.0291 0.0480
2 0.5657 0.7611 0.1515 0.0730
2 0.7330 0.8423 0.0450 0.0811
1 0.3420 0.0216 0.0415 0.0414
1 0.4326 0.0211 0.0314 0.0410
1 0.4327 0.1895 0.0287 0.0520
1 0.7911 0.7544 0.0312 0.0779
1 0.6834 0.3977 0.0282 0.0478
1 0.9900 0.5398 0.0108 0.0411
1 0.7463 0.1080 0.0298 0.0471
1 0.2298 0.4890 0.0340 0.0559
1 0.7130 0.3980 0.0297 0.0476
1 0.4389 0.6582 0.0266 0.0678
1 0.1514 0.0278 0.0434 0.0404
1 0.7894 0.6863 0.0303 0.0492
1 0.6219 0.6958 0.0366 0.0533
1 0.9583 0.5852 0.0371 0.0482
1 0.1987 0.6099 0.0279 0.0553
1 0.5282 0.5373 0.0432 0.0497
1 0.1548 0.3183 0.0344 0.0546
1 0.1540 0.2587 0.0414 0.0502
1 0.5277 0.7061 0.0457 0.0336
1 0.7116 0.2538 0.0309 0.0465
1 0.6900 0.6916 0.0275 0.0508
1 0.5186 0.2422 0.0448 0.0569
1 0.9077 0.3930 0.0390 0.0468
1 0.3088 0.6697 0.0399 0.0561
1 0.1585 0.5520 0.0306 0.0520
1 0.4357 0.2433 0.0306 0.0471
1 0.1605 0.6729 0.0404 0.0612
1 0.6200 0.5470 0.0338 0.0452
2 0.9237 0.8383 0.1137 0.0697
1 0.6864 0.5454 0.0277 0.0455
1 0.7831 0.3969 0.0319 0.0471
1 0.3083 0.4860 0.0394 0.0545
1 0.6533 0.4467 0.0305 0.0463
1 0.6560 0.4959 0.0284 0.0476
1 0.3513 0.3104 0.0445 0.0570
3 0.2462 0.8526 0.0667 0.0671
1 0.9529 0.2965 0.0397 0.0475
1 0.6164 0.3060 0.0344 0.0485
1 0.9502 0.1982 0.0413 0.0449
1 0.5774 0.4043 0.0355 0.0479
1 0.7486 0.3970 0.0300 0.0477
1 0.6140 0.1632 0.0347 0.0452
2 0.1050 0.8637 0.2070 0.0814
1 0.7221 0.6875 0.0290 0.0501
1 0.5821 0.6454 0.0353 0.0498
1 0.9885 0.2984 0.0169 0.0431
1 0.6802 0.1582 0.0299 0.0463
1 0.9877 0.1056 0.0186 0.0480
1 0.7812 0.2519 0.0308 0.0461
1 0.3056 0.1915 0.0357 0.0566
1 0.8208 0.4427 0.0290 0.0437
1 0.9109 0.6859 0.0406 0.0501
1 0.8554 0.1549 0.0367 0.0454
1 0.7099 0.2058 0.0293 0.0475
1 0.5310 0.6565 0.0450 0.0483
1 0.1532 0.2030 0.0449 0.0588
1 0.6519 0.3504 0.0290 0.0444
1 0.9912 0.4426 0.0150 0.0468
1 0.3087 0.6066 0.0434 0.0557
1 0.7531 0.6406 0.0310 0.0481
1 0.2638 0.2517 0.0304 0.0492
1 0.5219 0.4166 0.0395 0.0464
1 0.7507 0.4450 0.0298 0.0467
1 0.3933 0.0746 0.0416 0.0571
1 0.9914 0.4882 0.0114 0.0541
1 0.5147 0.0206 0.0368 0.0370
1 0.1511 0.0874 0.0358 0.0608
1 0.9857 0.1984 0.0199 0.0506
1 0.8589 0.3450 0.0346 0.0446
1 0.8627 0.4900 0.0350 0.0472
1 0.3090 0.5505 0.0418 0.0549
1 0.7799 0.1562 0.0320 0.0462
1 0.2233 0.1369 0.0335 0.0488
1 0.4796 0.3039 0.0390 0.0423
1 0.7859 0.5401 0.0307 0.0472
1 0.3085 0.4295 0.0361 0.0539
1 0.9899 0.6360 0.0087 0.0429
1 0.8222 0.4916 0.0281 0.0456
1 0.5165 0.1800 0.0460 0.0491
1 0.8223 0.5889 0.0293 0.0464
1 0.6877 0.6395 0.0288 0.0470
1 0.1986 0.5516 0.0259 0.0575
1 0.5771 0.3563 0.0354 0.0483
1 0.7109 0.1576 0.0311 0.0475
1 0.5802 0.5497 0.0427 0.0473
1 0.9113 0.5885 0.0360 0.0461
1 0.7451 0.2041 0.0292 0.0472
1 0.3585 0.6074 0.0394 0.0548
1 0.8606 0.4400 0.0371 0.0413
1 0.1618 0.4935 0.0367 0.0540
1 0.3522 0.1914 0.0438 0.0551
1 0.6486 0.1130 0.0284 0.0476
1 0.1972 0.3753 0.0246 0.0584
1 0.6204 0.5946 0.0341 0.0466
1 0.8552 0.1071 0.0354 0.0416
1 0.2670 0.3692 0.0320 0.0516
1 0.3997 0.2468 0.0328 0.0503
1 0.6559 0.5452 0.0293 0.0474
1 0.2261 0.2527 0.0325 0.0495
1 0.9578 0.5353 0.0376 0.0500
1 0.1552 0.1449 0.0434 0.0455
1 0.2005 0.4352 0.0262 0.0526
1 0.2341 0.6649 0.0294 0.0512
3 0.3122 0.8469 0.0485 0.0639
1 0.8190 0.2999 0.0288 0.0472
1 0.9901 0.3974 0.0192 0.0452
2 0.6734 0.8436 0.0719 0.0869
1 0.1901 0.0846 0.0376 0.0578
1 0.8190 0.3951 0.0301 0.0464
2 0.5664 0.8494 0.1395 0.0741
1 0.6836 0.3505 0.0301 0.0472
1 0.9854 0.1533 0.0203 0.0517
1 0.6198 0.4997 0.0345 0.0478
1 0.7845 0.5894 0.0287 0.0458
1 0.2600 0.0198 0.0278 0.0356
1 0.4766 0.5458 0.0380 0.0484
2 0.7301 0.9169 0.0465 0.0744
1 0.2279 0.3707 0.0332 0.0522
2 0.7822 0.8429 0.0498 0.0740
1 0.6808 0.1111 0.0297 0.0460
1 0.6184 0.4017 0.0364 0.0474
1 0.8152 0.2015 0.0292 0.0459
1 0.6518 0.3043 0.0278 0.0464
1 0.4833 0.6564 0.0314 0.0569
1 0.5786 0.4528 0.0340 0.0466
2 0.8377 0.8411 0.0475 0.0865
1 0.5303 0.5968 0.0435 0.0490
1 0.8583 0.2984 0.0358 0.0443
1 0.2326 0.5513 0.0346 0.0548
