3 0.8629 0.3894 0.0838 0.0516
3 0.0158 0.7348 0.0299 0.0483
1 0.1972 0.7763 0.0535 0.0511
2 0.4225 0.9345 0.1268 0.0596
3 0.9408 0.4304 0.0545 0.0476
3 0.8755 0.5927 0.0793 0.0536
2 0.2415 0.5263 0.0543 0.0525
3 0.4921 0.2111 0.1096 0.0530
2 0.1013 0.8773 0.1092 0.0322
2 0.1960 0.8713 0.0617 0.0375
3 0.9880 0.2024 0.0239 0.0617
3 0.9218 0.1825 0.0594 0.0539
3 0.9269 0.2837 0.0558 0.0548
3 0.8676 0.4916 0.0817 0.0528
3 0.5164 0.6104 0.1091 0.0524
3 0.4217 0.4133 0.0487 0.0483
3 0.7194 0.5474 0.0528 0.0492
3 0.4334 0.6135 0.0522 0.0498
3 0.4141 0.3134 0.0504 0.0561
3 0.0121 0.5861 0.0238 0.0484
3 0.0826 0.4875 0.1193 0.0503
3 0.4344 0.6654 0.0509 0.0511
3 0.3001 0.5222 0.0615 0.0493
3 0.1763 0.4306 0.0618 0.0499
3 0.4226 0.3629 0.0422 0.0505
1 0.4430 0.8150 0.0501 0.0482
1 0.0967 0.7837 0.1108 0.0474
3 0.8469 0.1346 0.0873 0.0530
3 0.7060 0.3434 0.0533 0.0486
3 0.3645 0.4689 0.0603 0.0536
3 0.9824 0.0220 0.0351 0.0440
3 0.3042 0.6225 0.0617 0.0502
3 0.7214 0.5962 0.0494 0.0461
1 0.4445 0.8636 0.0497 0.0423
3 0.6963 0.9229 0.1517 0.0659
3 0.7604 0.1390 0.0606 0.0502
3 0.7088 0.3946 0.0495 0.0500
3 0.8732 0.5396 0.0814 0.0498
1 0.0856 0.5837 0.1108 0.0466
3 0.7825 0.4421 0.0725 0.0503
3 0.6024 0.1513 0.1128 0.0544
2 0.2561 0.8697 0.0539 0.0369
3 0.7907 0.6503 0.0633 0.0502
3 0.6430 0.8545 0.1148 0.0313
3 0.9900 0.2683 0.0200 0.0617
3 0.5007 0.3584 0.1101 0.0567
2 0.3451 0.1154 0.0542 0.0532
3 0.2327 0.3752 0.0544 0.0477
3 0.0197 0.8836 0.0395 0.0422
1 0.3092 0.6705 0.0637 0.0527
3 0.9152 0.0739 0.0598 0.0564
3 0.0770 0.3840 0.1159 0.0544
2 0.3199 0.8665 0.0582 0.0384
3 0.6032 0.0970 0.1156 0.0606
1 0.2569 0.8248 0.0519 0.0508
3 0.6101 0.2564 0.1189 0.0536
3 0.2399 0.4744 0.0511 0.0489
2 0.3553 0.3214 0.0589 0.0555
3 0.0114 0.5371 0.0213 0.0543
3 0.2951 0.4226 0.0608 0.0496
3 0.7601 0.0870 0.0680 0.0490
1 0.3015 0.5708 0.0596 0.0479
3 0.1742 0.3780 0.0568 0.0495
3 0.6227 0.4530 0.1147 0.0552
3 0.4241 0.4626 0.0488 0.0466
1 0.6421 0.8111 0.1154 0.0511
1 0.2562 0.7730 0.0520 0.0485
3 0.9373 0.9117 0.0766 0.0708
2 0.5260 0.8559 0.1139 0.0370
3 0.7354 0.8480 0.0513 0.0382
3 0.0463 0.9475 0.0926 0.0622
3 0.7644 0.1899 0.0660 0.0505
3 0.0103 0.3877 0.0206 0.0543
3 0.6170 0.3530 0.1123 0.0477
3 0.0153 0.6850 0.0305 0.0545
1 0.3816 0.7702 0.0659 0.0512
3 0.2930 0.3711 0.0603 0.0461
3 0.8528 0.2384 0.0847 0.0588
3 0.9837 0.0761 0.0323 0.0652
3 0.7117 0.4453 0.0503 0.0482
3 0.7032 0.2923 0.0488 0.0480
3 0.7735 0.3428 0.0645 0.0524
3 0.6963 0.1911 0.0498 0.0469
3 0.6361 0.7050 0.1148 0.0538
3 0.8841 0.7442 0.0799 0.0509
1 0.2441 0.6235 0.0470 0.0474
3 0.3634 0.4201 0.0588 0.0504
3 0.2371 0.4247 0.0545 0.0518
3 0.5193 0.6612 0.1094 0.0513
3 0.7885 0.5456 0.0723 0.0494
3 0.6937 0.1419 0.0542 0.0528
1 0.1980 0.8246 0.0542 0.0495
2 0.4035 0.1112 0.0596 0.0527
3 0.7825 0.4949 0.0822 0.0494
3 0.6203 0.4003 0.1173 0.0511
3 0.1787 0.4788 0.0621 0.0483
3 0.3760 0.6693 0.0587 0.0485
3 0.6134 0.3065 0.1106 0.0452
2 0.9179 0.8398 0.1440 0.0400
1 0.2571 0.7223 0.0477 0.0471
3 0.8604 0.3391 0.0841 0.0524
3 0.9244 0.2339 0.0575 0.0550
1 0.5225 0.7627 0.1146 0.0527
3 0.8001 0.8018 0.0652 0.0496
3 0.3202 0.9374 0.0671 0.0621
1 0.1971 0.7252 0.0516 0.0514
3 0.8512 0.1838 0.0847 0.0563
3 0.9457 0.5319 0.0518 0.0496
1 0.0919 0.6841 0.1157 0.0482
3 0.4280 0.5135 0.0494 0.0531
3 0.7237 0.6486 0.0502 0.0489
3 0.3708 0.5696 0.0581 0.0529
3 0.5070 0.4587 0.1092 0.0527
3 0.4300 0.5653 0.0522 0.0498
3 0.8338 0.9173 0.1238 0.0680
3 0.9421 0.4853 0.0571 0.0498
3 0.5047 0.4087 0.1109 0.0519
1 0.7279 0.7489 0.0487 0.0423
1 0.0949 0.7318 0.1059 0.0471
3 0.4102 0.2633 0.0512 0.0507
3 0.1295 0.9449 0.0671 0.0621
1 0.3789 0.7183 0.0602 0.0534
1 0.4374 0.7140 0.0503 0.0502
3 0.0121 0.6370 0.0241 0.0495
3 0.6264 0.5018 0.1176 0.0605
2 0.3531 0.2707 0.0571 0.0551
1 0.1903 0.6262 0.0536 0.0500
1 0.9588 0.7936 0.0527 0.0462
3 0.3733 0.6192 0.0586 0.0513
1 0.8890 0.7970 0.0835 0.0487
3 0.4949 0.2602 0.1096 0.0588
3 0.8837 0.6957 0.0816 0.0540
3 0.6906 0.0904 0.0510 0.0463
3 0.8766 0.6429 0.0793 0.0536
3 0.3744 0.6692 0.0627 0.0510
3 0.5107 0.5097 0.1116 0.0517
3 0.7785 0.3931 0.0710 0.0554
3 0.0187 0.7857 0.0329 0.0403
3 0.7318 0.8009 0.0518 0.0488
1 0.0872 0.6342 0.1137 0.0498
3 0.6296 0.5535 0.1174 0.0608
1 0.3131 0.7714 0.0571 0.0511
3 0.9315 0.3297 0.0534 0.0504
3 0.5222 0.7104 0.1111 0.0565
2 0.0831 0.5362 0.1117 0.0518
3 0.5113 0.5622 0.1103 0.0552
3 0.9555 0.6936 0.0563 0.0537
1 0.2503 0.6734 0.0525 0.0474
3 0.9550 0.7444 0.0589 0.0509
3 0.2246 0.9426 0.1185 0.0668
2 0.3840 0.8643 0.0639 0.0335
3 0.4033 0.1619 0.0559 0.0513
3 0.6321 0.6044 0.1149 0.0546
2 0.3510 0.2189 0.0581 0.0505
1 0.4392 0.7630 0.0503 0.0498
3 0.6069 0.2045 0.1196 0.0501
2 0.3488 0.1675 0.0567 0.0512
3 0.8424 0.0787 0.0858 0.0566
3 0.8015 0.8459 0.0665 0.0365
1 0.2449 0.5729 0.0529 0.0480
3 0.8548 0.2927 0.0843 0.0530
3 0.0780 0.4358 0.1167 0.0498
3 0.1814 0.5293 0.0567 0.0503
2 0.5559 0.9285 0.1268 0.0596
3 0.6344 0.6583 0.1147 0.0535
3 0.7156 0.4944 0.0505 0.0476
3 0.4883 0.1608 0.1107 0.0531
3 0.7265 0.7003 0.0514 0.0477
3 0.8683 0.4378 0.0820 0.0520
3 0.9377 0.3805 0.0523 0.0512
3 0.9506 0.5856 0.0555 0.0528
3 0.7943 0.6993 0.0643 0.0497
3 0.7213 0.5974 0.0499 0.0460
1 0.0976 0.8362 0.1091 0.0497
3 0.9542 0.6375 0.0576 0.0445
1 0.7963 0.7491 0.0619 0.0456
3 0.4983 0.3113 0.1146 0.0608
3 0.3624 0.3647 0.0588 0.0482
3 0.9860 0.1387 0.0281 0.0617
3 0.0181 0.8328 0.0322 0.0448
1 0.3141 0.7203 0.0558 0.0462
1 0.3166 0.8237 0.0586 0.0504
3 0.0105 0.4373 0.0210 0.0543
3 0.7897 0.5958 0.0650 0.0536
3 0.3697 0.5188 0.0581 0.0530
1 0.1904 0.6800 0.0581 0.0498
3 0.0107 0.4894 0.0213 0.0543
3 0.7714 0.2909 0.0634 0.0539
3 0.9185 0.1314 0.0559 0.0533
3 0.7011 0.2414 0.0493 0.0484
3 0.2978 0.4715 0.0562 0.0478
1 0.5262 0.8162 0.1101 0.0527
1 0.1859 0.5756 0.0566 0.0485
1 0.6393 0.7560 0.1137 0.0473
1 0.3808 0.8199 0.0614 0.0491
3 0.4871 0.1052 0.1083 0.0564
3 0.4061 0.2134 0.0528 0.0528
3 0.7667 0.2406 0.0620 0.0524
