2 0.0484 0.7345 0.0224 0.0685
1 0.5838 0.4816 0.0282 0.0436
1 0.7444 0.2498 0.0486 0.0537
1 0.2660 0.5024 0.0197 0.0460
2 0.7716 0.7862 0.0428 0.0988
1 0.4238 0.4902 0.0182 0.0424
1 0.6117 0.5703 0.0191 0.0486
1 0.1511 0.2850 0.0193 0.0471
1 0.6984 0.4193 0.0385 0.0527
2 0.0892 0.8026 0.0349 0.0669
1 0.0713 0.5681 0.0190 0.0538
1 0.0256 0.4669 0.0128 0.0560
1 0.4499 0.4446 0.0212 0.0445
1 0.3146 0.4523 0.0177 0.0392
1 0.5483 0.2166 0.0294 0.0502
1 0.6069 0.1228 0.0163 0.0412
1 0.4706 0.4885 0.0188 0.0402
1 0.2866 0.1437 0.0197 0.0370
1 0.1320 0.5624 0.0201 0.0497
1 0.0249 0.1890 0.0110 0.0435
1 0.4504 0.6611 0.0212 0.0295
1 0.6624 0.1446 0.0259 0.0498
1 0.7878 0.0856 0.0314 0.0501
1 0.0264 0.5131 0.0139 0.0424
1 0.4923 0.3052 0.0188 0.0428
1 0.4472 0.3551 0.0202 0.0429
1 0.0249 0.1342 0.0118 0.0389
1 0.2648 0.3678 0.0219 0.0502
1 0.6628 0.1994 0.0288 0.0521
1 0.8690 0.0817 0.0251 0.0544
1 0.4055 0.4452 0.0178 0.0457
1 0.0463 0.5132 0.0240 0.0446
1 0.5175 0.0472 0.0293 0.0317
1 0.4474 0.2220 0.0206 0.0462
1 0.0655 0.2433 0.0188 0.0507
1 0.2098 0.5563 0.0259 0.0495
1 0.3172 0.6769 0.0195 0.0417
1 0.3859 0.5845 0.0199 0.0429
1 0.5843 0.5268 0.0282 0.0426
2 0.5745 0.7854 0.0678 0.0851
1 0.2075 0.4426 0.0239 0.0484
1 0.3829 0.3117 0.0189 0.0428
1 0.4688 0.1754 0.0186 0.0359
1 0.0669 0.4056 0.0213 0.0519
1 0.8676 0.0446 0.0264 0.0198
1 0.1300 0.6126 0.0250 0.0435
1 0.8689 0.1362 0.0255 0.0561
1 0.3611 0.3138 0.0222 0.0436
1 0.7886 0.2495 0.0322 0.0533
1 0.4945 0.4850 0.0197 0.0406
1 0.5837 0.4396 0.0287 0.0484
1 0.6961 0.1429 0.0374 0.0483
1 0.5831 0.3935 0.0298 0.0451
1 0.4468 0.3120 0.0202 0.0476
1 0.4254 0.4437 0.0197 0.0432
1 0.4716 0.3981 0.0193 0.0437
1 0.5811 0.1248 0.0311 0.0402
1 0.3856 0.2233 0.0181 0.0464
1 0.0460 0.6216 0.0225 0.0535
1 0.8340 0.5259 0.0487 0.0524
1 0.3172 0.2191 0.0344 0.0350
1 0.4050 0.3573 0.0188 0.0453
2 0.9363 0.7849 0.0145 0.1046
1 0.7499 0.6842 0.0507 0.0396
1 0.0675 0.0767 0.0221 0.0435
1 0.7863 0.0489 0.0340 0.0196
1 0.8991 0.0453 0.0319 0.0167
1 0.9020 0.2435 0.0309 0.0510
1 0.6636 0.0901 0.0246 0.0487
2 0.2127 0.7787 0.0339 0.0312
1 0.1788 0.6135 0.0215 0.0442
1 0.4680 0.1335 0.0212 0.0406
1 0.5197 0.3044 0.0216 0.0419
1 0.5813 0.1669 0.0298 0.0441
1 0.5489 0.2596 0.0322 0.0433
1 0.8302 0.2469 0.0485 0.0533
1 0.0989 0.0754 0.0269 0.0479
1 0.5511 0.4873 0.0293 0.0463
2 0.6241 0.7786 0.0205 0.0775
1 0.0467 0.4577 0.0218 0.0548
1 0.3383 0.5872 0.0232 0.0449
1 0.7459 0.3619 0.0505 0.0513
1 0.5197 0.3941 0.0207 0.0416
1 0.5178 0.1287 0.0242 0.0466
1 0.3360 0.4498 0.0262 0.0407
1 0.2048 0.0699 0.0216 0.0444
1 0.5481 0.0484 0.0297 0.0235
1 0.4917 0.1303 0.0205 0.0385
1 0.5238 0.7032 0.0263 0.0310
1 0.0262 0.6793 0.0128 0.0555
1 0.1770 0.1233 0.0224 0.0480
1 0.8299 0.1367 0.0479 0.0528
1 0.1014 0.6729 0.0353 0.0532
1 0.8332 0.4696 0.0473 0.0537
1 0.4466 0.0495 0.0159 0.0357
1 0.2648 0.2226 0.0184 0.0362
1 0.8697 0.4102 0.0235 0.0541
1 0.0457 0.3522 0.0207 0.0540
1 0.4489 0.5382 0.0183 0.0427
1 0.4492 0.4889 0.0216 0.0421
1 0.4254 0.3573 0.0200 0.0436
1 0.6966 0.0495 0.0371 0.0260
1 0.4072 0.5356 0.0190 0.0452
1 0.0444 0.2972 0.0216 0.0462
1 0.4231 0.0899 0.0205 0.0466
1 0.7866 0.1409 0.0301 0.0483
1 0.6082 0.2588 0.0177 0.0474
1 0.3607 0.0949 0.0231 0.0385
1 0.5806 0.0462 0.0308 0.0229
1 0.4232 0.1448 0.0173 0.0663
1 0.3637 0.5420 0.0230 0.0492
1 0.3858 0.5380 0.0204 0.0475
1 0.3171 0.1818 0.0366 0.0362
1 0.8714 0.2447 0.0246 0.0540
1 0.1264 0.3964 0.0175 0.0440
2 0.0272 0.7387 0.0144 0.0662
1 0.4260 0.3988 0.0198 0.0415
1 0.3627 0.6268 0.0240 0.0325
1 0.7008 0.5281 0.0392 0.0522
1 0.3137 0.2702 0.0197 0.0460
1 0.7446 0.1955 0.0511 0.0504
1 0.5525 0.6637 0.0254 0.0423
1 0.1286 0.5045 0.0192 0.0442
1 0.6616 0.0514 0.0254 0.0299
1 0.8723 0.6300 0.0219 0.0480
1 0.0265 0.6188 0.0138 0.0545
1 0.3833 0.1794 0.0188 0.0385
1 0.5478 0.1688 0.0298 0.0460
2 0.0939 0.7314 0.0297 0.0649
1 0.7826 0.6870 0.0131 0.0418
1 0.6076 0.3014 0.0167 0.0413
1 0.5503 0.4390 0.0290 0.0437
1 0.2647 0.2779 0.0188 0.0426
1 0.4260 0.5819 0.0194 0.0418
1 0.0999 0.6208 0.0291 0.0538
1 0.8734 0.5756 0.0246 0.0514
1 0.3805 0.1346 0.0161 0.0342
1 0.5809 0.0782 0.0314 0.0399
1 0.3161 0.6307 0.0183 0.0391
1 0.2060 0.3360 0.0196 0.0474
1 0.1284 0.2897 0.0205 0.0435
1 0.0680 0.4629 0.0215 0.0568
1 0.4050 0.2658 0.0180 0.0392
1 0.7470 0.6396 0.0472 0.0502
2 0.6603 0.7858 0.0236 0.0828
1 0.4472 0.2649 0.0199 0.0421
1 0.4703 0.2646 0.0199 0.0442
1 0.6984 0.3084 0.0393 0.0531
1 0.8722 0.3562 0.0248 0.0531
1 0.3620 0.2698 0.0225 0.0437
1 0.4054 0.4922 0.0175 0.0431
1 0.3357 0.3604 0.0234 0.0451
1 0.4283 0.6261 0.0218 0.0422
1 0.4258 0.2225 0.0188 0.0449
1 0.3605 0.1367 0.0212 0.0365
1 0.4721 0.6227 0.0209 0.0455
1 0.1498 0.3431 0.0199 0.0464
1 0.2874 0.2203 0.0241 0.0317
1 0.5216 0.5307 0.0230 0.0446
1 0.0460 0.5660 0.0210 0.0553
1 0.0473 0.6736 0.0218 0.0518
1 0.6667 0.6401 0.0273 0.0485
1 0.1275 0.1804 0.0228 0.0444
1 0.5489 0.1245 0.0315 0.0439
1 0.5502 0.3928 0.0276 0.0420
1 0.4052 0.1760 0.0193 0.0369
1 0.6642 0.4744 0.0263 0.0514
1 0.0687 0.2936 0.0245 0.0498
1 0.4701 0.2203 0.0197 0.0461
1 0.3635 0.5856 0.0226 0.0444
1 0.3362 0.3182 0.0239 0.0469
1 0.5181 0.0855 0.0260 0.0416
1 0.7886 0.6361 0.0368 0.0563
1 0.6101 0.4399 0.0197 0.0493
1 0.8959 0.3571 0.0187 0.0485
1 0.2057 0.1180 0.0193 0.0407
1 0.2939 0.7067 0.0290 0.0401
1 0.3833 0.0949 0.0207 0.0428
2 0.1640 0.7282 0.0295 0.0660
1 0.4933 0.2648 0.0205 0.0485
1 0.4675 0.0485 0.0235 0.0290
1 0.7890 0.1967 0.0306 0.0533
1 0.6105 0.4791 0.0193 0.0477
1 0.3638 0.6636 0.0228 0.0224
1 0.2082 0.4967 0.0242 0.0446
1 0.2097 0.6636 0.0249 0.0480
1 0.1275 0.4502 0.0169 0.0444
1 0.1514 0.6146 0.0179 0.0464
1 0.0977 0.1279 0.0286 0.0425
1 0.1758 0.0704 0.0233 0.0435
1 0.0979 0.2913 0.0314 0.0453
1 0.2676 0.5906 0.0193 0.0433
1 0.4068 0.6699 0.0220 0.0374
1 0.4734 0.5759 0.0174 0.0409
1 0.1770 0.2882 0.0223 0.0501
1 0.7475 0.4159 0.0496 0.0533
1 0.4033 0.0910 0.0182 0.0440
1 0.2901 0.4580 0.0251 0.0456
1 0.3847 0.0493 0.0170 0.0331
1 0.1750 0.2307 0.0208 0.0496
1 0.3433 0.2216 0.0138 0.0406
1 0.4246 0.2672 0.0200 0.0462
1 0.5209 0.5750 0.0238 0.0445
1 0.0691 0.5121 0.0235 0.0511
1 0.5515 0.5763 0.0290 0.0454
3 0.3791 0.7131 0.0464 0.0565
1 0.8990 0.1349 0.0324 0.0529
1 0.1513 0.3985 0.0274 0.0478
2 0.1851 0.7798 0.0164 0.0243
1 0.5826 0.6996 0.0271 0.0310
1 0.4923 0.1723 0.0207 0.0380
1 0.5218 0.6673 0.0266 0.0415
1 0.4472 0.1781 0.0200 0.0391
1 0.8287 0.0829 0.0473 0.0513
1 0.3141 0.3177 0.0194 0.0422
1 0.2644 0.3222 0.0206 0.0479
1 0.4504 0.6207 0.0180 0.0364
1 0.5844 0.5744 0.0321 0.0439
1 0.6089 0.3470 0.0184 0.0466
1 0.5521 0.5320 0.0310 0.0449
1 0.4726 0.7037 0.0193 0.0319
1 0.1533 0.6688 0.0196 0.0506
1 0.1275 0.3459 0.0196 0.0523
1 0.7915 0.5275 0.0323 0.0473
1 0.6120 0.7012 0.0184 0.0377
1 0.6084 0.2114 0.0170 0.0469
1 0.6125 0.6132 0.0212 0.0498
1 0.3423 0.1799 0.0152 0.0385
1 0.2048 0.1745 0.0265 0.0398
1 0.6967 0.1974 0.0402 0.0508
3 0.3346 0.7209 0.0337 0.0668
1 0.3838 0.4912 0.0195 0.0449
1 0.4016 0.1316 0.0171 0.0348
1 0.1285 0.1279 0.0200 0.0462
1 0.4940 0.3986 0.0191 0.0470
2 0.3152 0.4097 0.0197 0.0443
1 0.2895 0.4116 0.0256 0.0464
1 0.2929 0.6761 0.0281 0.0391
1 0.4490 0.3991 0.0257 0.0406
1 0.4711 0.5349 0.0213 0.0436
1 0.5210 0.4853 0.0213 0.0390
1 0.4268 0.5368 0.0186 0.0435
1 0.2908 0.5035 0.0272 0.0464
2 0.0289 0.8090 0.0151 0.0616
1 0.3141 0.3611 0.0190 0.0428
1 0.6645 0.5855 0.0270 0.0530
1 0.7461 0.4697 0.0473 0.0526
1 0.2643 0.1430 0.0167 0.0324
1 0.0677 0.1904 0.0249 0.0425
1 0.2093 0.6125 0.0248 0.0502
1 0.3165 0.5890 0.0176 0.0485
1 0.5815 0.2153 0.0298 0.0488
1 0.4940 0.4423 0.0203 0.0457
1 0.4700 0.3546 0.0203 0.0453
1 0.6996 0.4760 0.0375 0.0536
1 0.1499 0.0704 0.0196 0.0416
1 0.4046 0.0511 0.0200 0.0354
1 0.6990 0.3646 0.0421 0.0517
1 0.3376 0.6320 0.0246 0.0396
1 0.8725 0.5219 0.0282 0.0554
1 0.0988 0.3445 0.0262 0.0534
1 0.6077 0.0760 0.0211 0.0367
1 0.6639 0.4213 0.0289 0.0538
1 0.8300 0.1930 0.0488 0.0526
1 0.0991 0.1840 0.0290 0.0498
1 0.0262 0.5667 0.0141 0.0508
1 0.4928 0.2178 0.0198 0.0458
3 0.8218 0.7955 0.0569 0.1171
1 0.0259 0.0813 0.0098 0.0435
1 0.4944 0.5327 0.0188 0.0422
1 0.7001 0.5842 0.0384 0.0516
1 0.2673 0.5471 0.0202 0.0401
1 0.3385 0.6706 0.0216 0.0304
1 0.3368 0.4078 0.0231 0.0433
3 0.3358 0.8008 0.0366 0.0798
1 0.4309 0.7097 0.0190 0.0343
1 0.4067 0.6264 0.0222 0.0418
1 0.3144 0.5417 0.0192 0.0447
1 0.5486 0.3471 0.0289 0.0421
1 0.6112 0.6583 0.0167 0.0383
2 0.5248 0.7938 0.0322 0.0912
1 0.4047 0.2229 0.0194 0.0470
1 0.1521 0.4547 0.0192 0.0586
1 0.4067 0.5823 0.0197 0.0418
1 0.3855 0.6666 0.0166 0.0339
1 0.1491 0.1247 0.0180 0.0391
1 0.0258 0.3543 0.0126 0.0506
1 0.6639 0.2548 0.0273 0.0524
1 0.7884 0.3051 0.0322 0.0556
2 0.1622 0.8007 0.0253 0.0646
1 0.3858 0.6248 0.0196 0.0365
1 0.7460 0.3080 0.0514 0.0464
2 0.1289 0.7301 0.0392 0.0654
2 0.0691 0.7333 0.0186 0.0633
1 0.5821 0.2566 0.0286 0.0429
1 0.1518 0.1799 0.0224 0.0471
1 0.1749 0.2308 0.0203 0.0501
1 0.4958 0.6670 0.0193 0.0424
1 0.2677 0.6798 0.0205 0.0570
1 0.0461 0.2442 0.0184 0.0453
1 0.6657 0.5296 0.0255 0.0517
1 0.2901 0.3653 0.0240 0.0455
1 0.1304 0.6710 0.0239 0.0560
1 0.0444 0.0849 0.0208 0.0471
1 0.0255 0.2420 0.0122 0.0389
1 0.0444 0.1890 0.0200 0.0471
1 0.4975 0.6982 0.0230 0.0283
1 0.5853 0.6217 0.0283 0.0471
1 0.7479 0.5828 0.0507 0.0545
1 0.4920 0.3559 0.0191 0.0457
1 0.4246 0.0506 0.0195 0.0322
1 0.3860 0.4019 0.0201 0.0495
1 0.3618 0.4068 0.0245 0.0412
1 0.8686 0.1902 0.0231 0.0529
1 0.5188 0.2162 0.0230 0.0440
1 0.6125 0.0453 0.0311 0.0184
2 0.4815 0.8004 0.0497 0.0946
1 0.0687 0.3519 0.0186 0.0565
1 0.5858 0.6640 0.0297 0.0468
1 0.3623 0.3611 0.0231 0.0485
2 0.2656 0.4142 0.0219 0.0458
1 0.3373 0.4949 0.0245 0.0480
1 0.2670 0.6331 0.0200 0.0396
1 0.1764 0.5047 0.0195 0.0466
1 0.3354 0.2755 0.0240 0.0445
1 0.8714 0.4676 0.0251 0.0512
1 0.4955 0.5730 0.0182 0.0404
1 0.3838 0.3574 0.0202 0.0438
1 0.1275 0.0736 0.0253 0.0371
1 0.3623 0.4503 0.0240 0.0449
1 0.5826 0.3024 0.0293 0.0419
1 0.5494 0.3047 0.0302 0.0486
3 0.3822 0.7984 0.0472 0.0699
1 0.3616 0.1791 0.0233 0.0422
1 0.1773 0.3406 0.0196 0.0500
1 0.0256 0.4069 0.0119 0.0551
1 0.4230 0.3106 0.0199 0.0439
1 0.6073 0.1669 0.0175 0.0416
1 0.2928 0.6339 0.0297 0.0412
1 0.6655 0.3087 0.0226 0.0497
1 0.3383 0.5405 0.0276 0.0422
1 0.5520 0.6189 0.0295 0.0442
1 0.7423 0.1417 0.0501 0.0540
1 0.4673 0.0869 0.0245 0.0400
1 0.3618 0.2282 0.0217 0.0504
1 0.5829 0.3468 0.0301 0.0463
1 0.7910 0.5802 0.0338 0.0533
1 0.3847 0.2685 0.0187 0.0465
1 0.7430 0.0881 0.0492 0.0514
1 0.9006 0.1894 0.0324 0.0516
2 0.4309 0.7971 0.0468 0.0906
1 0.1512 0.2306 0.0196 0.0501
1 0.8710 0.3013 0.0263 0.0550
1 0.8313 0.3013 0.0472 0.0515
1 0.4923 0.0472 0.0216 0.0285
1 0.6109 0.5290 0.0205 0.0506
1 0.3623 0.0516 0.0234 0.0380
1 0.1520 0.5024 0.0183 0.0454
1 0.5192 0.2609 0.0232 0.0459
1 0.1766 0.1750 0.0249 0.0425
1 0.2047 0.2806 0.0201 0.0467
2 0.9806 0.7865 0.0370 0.1060
1 0.4506 0.5776 0.0256 0.0388
1 0.3630 0.4926 0.0229 0.0459
1 0.4037 0.3122 0.0173 0.0407
1 0.0260 0.3000 0.0126 0.0502
1 0.8288 0.0456 0.0488 0.0227
1 0.2068 0.3892 0.0220 0.0437
1 0.0442 0.1365 0.0237 0.0471
1 0.4715 0.6668 0.0224 0.0373
1 0.0985 0.2420 0.0343 0.0534
1 0.4679 0.3091 0.0209 0.0462
1 0.6979 0.2540 0.0373 0.0523
1 0.4222 0.1328 0.0161 0.0344
1 0.3863 0.4450 0.0182 0.0406
1 0.8997 0.3004 0.0257 0.0542
1 0.7465 0.5270 0.0504 0.0558
1 0.0710 0.6196 0.0264 0.0533
1 0.4952 0.6224 0.0201 0.0461
1 0.2902 0.2758 0.0239 0.0471
1 0.8328 0.4167 0.0502 0.0486
1 0.2896 0.3200 0.0262 0.0447
1 0.6098 0.3899 0.0182 0.0461
1 0.0703 0.6737 0.0225 0.0492
1 0.2668 0.4574 0.0206 0.0451
1 0.5183 0.1716 0.0253 0.0422
1 0.2864 0.1815 0.0241 0.0339
2 0.1904 0.7277 0.0228 0.0681
1 0.5476 0.0823 0.0302 0.0468
1 0.1795 0.3925 0.0240 0.0424
2 0.0546 0.8026 0.0343 0.0562
1 0.8342 0.6335 0.0480 0.0422
1 0.5221 0.6228 0.0253 0.0496
1 0.7024 0.6386 0.0407 0.0475
1 0.6651 0.3644 0.0255 0.0534
1 0.1791 0.6670 0.0236 0.0482
1 0.8323 0.3606 0.0465 0.0537
1 0.7906 0.4723 0.0340 0.0570
2 0.1272 0.8041 0.0418 0.0699
1 0.1009 0.5642 0.0313 0.0511
1 0.4453 0.1339 0.0188 0.0436
1 0.1001 0.5111 0.0251 0.0510
1 0.2650 0.1822 0.0167 0.0340
1 0.4061 0.4020 0.0195 0.0467
1 0.8342 0.5795 0.0489 0.0509
1 0.7896 0.3626 0.0349 0.0529
1 0.2907 0.5485 0.0262 0.0446
1 0.3424 0.1409 0.0131 0.0364
1 0.4280 0.6712 0.0200 0.0383
1 0.5194 0.3510 0.0240 0.0456
1 0.0693 0.1315 0.0192 0.0444
1 0.4250 0.1773 0.0197 0.0385
1 0.3170 0.1424 0.0360 0.0356
1 0.4717 0.4445 0.0184 0.0441
1 0.1752 0.4499 0.0205 0.0536
1 0.7428 0.0483 0.0514 0.0196
1 0.8991 0.0789 0.0301 0.0507
1 0.4459 0.0899 0.0198 0.0463
1 0.4930 0.0856 0.0233 0.0431
1 0.7901 0.4153 0.0332 0.0535
1 0.6966 0.0889 0.0382 0.0478
1 0.2920 0.5908 0.0281 0.0438
1 0.2040 0.2284 0.0241 0.0444
1 0.1801 0.5610 0.0211 0.0552
1 0.5204 0.4403 0.0236 0.0467
1 0.0987 0.4561 0.0328 0.0500
1 0.1268 0.2376 0.0207 0.0521
1 0.3145 0.4979 0.0203 0.0446
1 0.5516 0.7000 0.0284 0.0319
1 0.1510 0.5647 0.0163 0.0561
1 0.0990 0.4060 0.0259 0.0548
