1 0.3424 0.1636 0.0268 0.0451
1 0.3100 0.0730 0.0477 0.0413
1 0.3404 0.2079 0.0282 0.0424
1 0.3445 0.1190 0.0287 0.0418
1 0.3466 0.0736 0.0271 0.0424
1 0.3952 0.2082 0.0298 0.0429
1 0.3969 0.1631 0.0306 0.0407
1 0.3987 0.1209 0.0293 0.0402
1 0.3693 0.1190 0.0247 0.0418
1 0.3998 0.0780 0.0309 0.0446
1 0.3713 0.0755 0.0255 0.0440
1 0.4242 0.2082 0.0260 0.0407
1 0.4269 0.0783 0.0271 0.0407
1 0.4264 0.1201 0.0260 0.0374
1 0.4631 0.2096 0.0502 0.0380
1 0.4639 0.1658 0.0507 0.0407
1 0.4651 0.1229 0.0521 0.0407
1 0.4662 0.0794 0.0499 0.0452
1 0.5062 0.1226 0.0290 0.0402
1 0.5066 0.0810 0.0304 0.0451
1 0.5789 0.1289 0.0507 0.0418
1 0.5371 0.0821 0.0306 0.0451
1 0.5371 0.1262 0.0296 0.0396
1 0.5789 0.0841 0.0507 0.0501
1 0.6288 0.1320 0.0480 0.0402
1 0.6287 0.0885 0.0483 0.0413
1 0.6909 0.1372 0.0274 0.0418
1 0.6898 0.0934 0.0296 0.0446
1 0.6918 0.1804 0.0271 0.0435
1 0.6948 0.2699 0.0282 0.0441
1 0.6300 0.1749 0.0488 0.0424
1 0.5788 0.1730 0.0510 0.0440
1 0.5371 0.1688 0.0301 0.0424
1 0.5051 0.2118 0.0312 0.0457
1 0.5367 0.2134 0.0309 0.0435
1 0.5789 0.2176 0.0529 0.0452
1 0.6306 0.2200 0.0488 0.0446
1 0.6316 0.2644 0.0499 0.0462
1 0.5790 0.2619 0.0532 0.0457
1 0.5363 0.2588 0.0317 0.0429
1 0.5043 0.2572 0.0306 0.0440
1 0.6320 0.3111 0.0491 0.0462
1 0.6333 0.3585 0.0504 0.0440
1 0.5800 0.3084 0.0523 0.0440
1 0.4213 0.3029 0.0263 0.0407
1 0.4207 0.3483 0.0271 0.0457
1 0.3633 0.2988 0.0252 0.0446
1 0.3352 0.3450 0.0282 0.0446
1 0.2986 0.2982 0.0510 0.0468
1 0.3366 0.2990 0.0266 0.0440
1 0.2963 0.3456 0.0518 0.0457
1 0.2451 0.3453 0.0540 0.0451
1 0.2479 0.2968 0.0531 0.0440
1 0.2097 0.2968 0.0260 0.0440
1 0.2066 0.3445 0.0268 0.0468
1 0.1767 0.3445 0.0361 0.0457
1 0.1795 0.2966 0.0366 0.0435
1 0.0620 0.3894 0.0325 0.0495
1 0.0578 0.4373 0.0325 0.0502
1 0.0537 0.4875 0.0309 0.0489
1 0.0485 0.5391 0.0309 0.0489
1 0.0425 0.5926 0.0319 0.0528
1 0.0698 0.5919 0.0312 0.0502
1 0.0747 0.5401 0.0299 0.0482
1 0.0892 0.3901 0.0296 0.0495
1 0.1286 0.3898 0.0563 0.0489
1 0.0794 0.4892 0.0283 0.0482
1 0.0845 0.4403 0.0293 0.0456
1 0.1730 0.3901 0.0384 0.0482
1 0.1242 0.4400 0.0566 0.0462
1 0.1196 0.4895 0.0566 0.0489
1 0.1159 0.5407 0.0582 0.0495
1 0.1577 0.5929 0.0391 0.0495
1 0.1118 0.5936 0.0592 0.0535
1 0.1619 0.5404 0.0384 0.0489
1 0.1653 0.4908 0.0394 0.0476
1 0.1928 0.5411 0.0286 0.0502
1 0.1889 0.5939 0.0286 0.0502
1 0.1967 0.4915 0.0273 0.0462
1 0.1994 0.4403 0.0267 0.0469
1 0.2417 0.3924 0.0547 0.0462
1 0.2031 0.3931 0.0277 0.0449
1 0.2939 0.3934 0.0504 0.0456
1 0.2395 0.4413 0.0550 0.0462
1 0.2364 0.4901 0.0558 0.0463
1 0.2330 0.5426 0.0563 0.0495
1 0.2297 0.5944 0.0551 0.0495
1 0.2837 0.5949 0.0538 0.0486
1 0.2889 0.4924 0.0524 0.0482
1 0.2865 0.5436 0.0533 0.0493
1 0.2908 0.4428 0.0520 0.0482
1 0.3326 0.3944 0.0285 0.0468
1 0.3286 0.4924 0.0292 0.0500
1 0.3306 0.4426 0.0278 0.0468
1 0.3265 0.5447 0.0298 0.0500
1 0.3247 0.5965 0.0303 0.0518
1 0.3512 0.5981 0.0278 0.0523
1 0.3538 0.5458 0.0267 0.0514
1 0.3554 0.4935 0.0262 0.0468
1 0.3595 0.3947 0.0267 0.0473
1 0.4194 0.3965 0.0282 0.0472
1 0.3896 0.3953 0.0310 0.0450
1 0.4597 0.3967 0.0531 0.0468
1 0.5029 0.3990 0.0330 0.0450
1 0.3885 0.4447 0.0310 0.0473
1 0.4180 0.4456 0.0276 0.0473
1 0.4587 0.4467 0.0533 0.0459
1 0.5023 0.4472 0.0321 0.0459
1 0.6986 0.4085 0.0301 0.0466
1 0.4166 0.4961 0.0280 0.0463
1 0.7281 0.4123 0.0299 0.0427
1 0.7553 0.4140 0.0232 0.0427
1 0.7836 0.4158 0.0325 0.0418
1 0.6994 0.4569 0.0314 0.0466
1 0.7310 0.4589 0.0316 0.0462
1 0.7581 0.4595 0.0240 0.0475
1 0.7851 0.4584 0.0312 0.0462
1 0.7012 0.5064 0.0305 0.0506
1 0.7329 0.5086 0.0321 0.0497
1 0.7599 0.5081 0.0236 0.0479
1 0.3868 0.4948 0.0335 0.0489
1 0.7880 0.5059 0.0314 0.0470
1 0.7899 0.5550 0.0316 0.0501
1 0.7615 0.5569 0.0243 0.0497
1 0.7346 0.5589 0.0334 0.0492
1 0.7028 0.5563 0.0312 0.0466
1 0.7041 0.6062 0.0321 0.0514
1 0.7361 0.6071 0.0321 0.0514
1 0.7637 0.6073 0.0243 0.0510
1 0.7921 0.6062 0.0323 0.0532
1 0.7054 0.6576 0.0312 0.0523
1 0.7373 0.6596 0.0331 0.0510
1 0.7656 0.6605 0.0225 0.0545
1 0.7936 0.6594 0.0329 0.0506
1 0.7060 0.7130 0.0325 0.0541
1 0.7386 0.7139 0.0336 0.0541
1 0.7672 0.7113 0.0253 0.0523
1 0.7950 0.7111 0.0292 0.0519
1 0.7076 0.7671 0.0316 0.0532
1 0.7400 0.7669 0.0334 0.0537
1 0.7690 0.7649 0.0253 0.0559
1 0.7985 0.7654 0.0312 0.0550
1 0.7079 0.8217 0.0331 0.0541
1 0.4576 0.4971 0.0560 0.0522
1 0.7415 0.8215 0.0353 0.0537
1 0.7715 0.8215 0.0256 0.0572
1 0.7996 0.8212 0.0321 0.0567
1 0.8104 0.4127 0.0268 0.0428
1 0.8362 0.4128 0.0275 0.0461
1 0.8632 0.4128 0.0311 0.0467
1 0.8924 0.4153 0.0307 0.0473
1 0.9193 0.4188 0.0256 0.0470
1 0.9424 0.4202 0.0250 0.0473
1 0.9650 0.4214 0.0255 0.0473
1 0.8142 0.4565 0.0280 0.0455
1 0.8384 0.4579 0.0247 0.0476
1 0.8154 0.5055 0.0262 0.0513
1 0.8414 0.5044 0.0281 0.0521
1 0.8654 0.4599 0.0314 0.0492
1 0.8954 0.4621 0.0299 0.0507
1 0.9226 0.4652 0.0263 0.0476
1 0.9454 0.4666 0.0239 0.0461
1 0.5020 0.4977 0.0335 0.0496
1 0.9678 0.4687 0.0256 0.0449
1 0.9867 0.4234 0.0247 0.0458
1 0.9885 0.4679 0.0230 0.0476
1 0.8679 0.5075 0.0319 0.0449
1 0.8978 0.5090 0.0314 0.0480
1 0.9262 0.5127 0.0254 0.0467
1 0.9485 0.5139 0.0251 0.0455
1 0.9706 0.5146 0.0235 0.0484
1 0.9901 0.5175 0.0198 0.0469
1 0.8187 0.5564 0.0276 0.0506
1 0.8438 0.5556 0.0258 0.0498
1 0.8717 0.5578 0.0310 0.0542
1 0.9019 0.5578 0.0334 0.0535
1 0.9290 0.5578 0.0262 0.0542
1 0.9514 0.5613 0.0240 0.0531
1 0.9746 0.5620 0.0256 0.0495
1 0.9924 0.5653 0.0151 0.0495
1 0.8209 0.6089 0.0291 0.0539
1 0.8462 0.6078 0.0289 0.0546
1 0.8733 0.6077 0.0314 0.0520
1 0.9039 0.6091 0.0337 0.0528
1 0.9319 0.6089 0.0265 0.0531
1 0.3855 0.5456 0.0348 0.0503
1 0.9559 0.6115 0.0251 0.0524
1 0.9787 0.6113 0.0256 0.0498
1 0.4151 0.5463 0.0303 0.0490
1 0.9933 0.6128 0.0133 0.0469
1 0.8239 0.6612 0.0291 0.0542
1 0.8498 0.6602 0.0262 0.0524
1 0.8771 0.6602 0.0325 0.0517
1 0.9082 0.6584 0.0347 0.0517
1 0.9367 0.6601 0.0267 0.0498
1 0.9594 0.6610 0.0245 0.0495
1 0.9819 0.6615 0.0247 0.0520
1 0.9957 0.6621 0.0086 0.0509
1 0.8255 0.7099 0.0300 0.0477
1 0.8525 0.7117 0.0294 0.0484
1 0.8802 0.7110 0.0321 0.0498
1 0.9114 0.7101 0.0339 0.0517
1 0.9400 0.7105 0.0280 0.0531
1 0.9638 0.7136 0.0282 0.0513
1 0.9868 0.7121 0.0263 0.0506
1 0.8283 0.7640 0.0309 0.0612
1 0.8547 0.7632 0.0296 0.0583
1 0.8832 0.7627 0.0330 0.0542
1 0.9149 0.7632 0.0330 0.0568
1 0.9439 0.7643 0.0274 0.0553
1 0.9685 0.7641 0.0242 0.0535
1 0.4564 0.5487 0.0556 0.0497
1 0.9883 0.7630 0.0234 0.0498
1 0.8304 0.8193 0.0294 0.0531
1 0.8575 0.8184 0.0265 0.0520
1 0.8866 0.8094 0.0334 0.0392
1 0.9167 0.8076 0.0320 0.0377
1 0.9454 0.8180 0.0287 0.0571
1 0.9902 0.8173 0.0196 0.0586
1 0.9688 0.8184 0.0256 0.0572
3 0.0164 0.8805 0.0329 0.0813
3 0.0421 0.8807 0.0362 0.0807
3 0.0848 0.8799 0.0681 0.0823
2 0.1353 0.8807 0.0484 0.0807
2 0.1691 0.8781 0.0369 0.0755
3 0.2120 0.8842 0.0629 0.0823
3 0.2594 0.8849 0.0460 0.0807
3 0.3772 0.8845 0.0289 0.0722
3 0.4058 0.8841 0.0320 0.0751
3 0.4496 0.8863 0.0607 0.0781
1 0.5015 0.5493 0.0338 0.0536
3 0.4965 0.8821 0.0375 0.0689
2 0.5323 0.8847 0.0361 0.0704
3 0.5943 0.8854 0.0345 0.0733
3 0.6390 0.8849 0.0563 0.0693
3 0.6820 0.8784 0.0280 0.0586
3 0.7106 0.8665 0.0310 0.0348
3 0.7425 0.8805 0.0348 0.0612
3 0.7717 0.8791 0.0265 0.0594
3 0.8017 0.8777 0.0363 0.0630
3 0.8332 0.8788 0.0278 0.0660
3 0.8607 0.8773 0.0265 0.0652
2 0.8897 0.8738 0.0310 0.0407
3 0.9199 0.8700 0.0303 0.0447
3 0.9483 0.8685 0.0265 0.0439
1 0.5352 0.4984 0.0342 0.0470
3 0.9746 0.8697 0.0256 0.0462
3 0.9931 0.8696 0.0137 0.0498
2 0.6786 0.8215 0.0288 0.0572
2 0.6776 0.7655 0.0277 0.0545
2 0.6769 0.7110 0.0266 0.0528
2 0.6761 0.6582 0.0269 0.0537
2 0.6748 0.6048 0.0251 0.0533
2 0.6737 0.5531 0.0251 0.0492
2 0.6735 0.5039 0.0238 0.0484
2 0.6723 0.4544 0.0232 0.0497
1 0.5357 0.5499 0.0345 0.0496
2 0.6711 0.4069 0.0230 0.0497
2 0.6700 0.3588 0.0234 0.0466
2 0.6693 0.3132 0.0236 0.0480
2 0.6684 0.2666 0.0227 0.0444
2 0.6669 0.2220 0.0236 0.0423
2 0.6659 0.1776 0.0225 0.0431
2 0.6654 0.1345 0.0219 0.0423
2 0.6641 0.0905 0.0219 0.0404
1 0.5352 0.4489 0.0335 0.0496
1 0.5353 0.3996 0.0338 0.0490
1 0.3832 0.5978 0.0335 0.0503
1 0.4135 0.5988 0.0309 0.0483
1 0.5797 0.4533 0.0556 0.0455
1 0.4559 0.6009 0.0558 0.0514
1 0.4117 0.6522 0.0305 0.0541
1 0.3498 0.6499 0.0298 0.0523
1 0.3807 0.6516 0.0328 0.0528
1 0.5796 0.5019 0.0563 0.0482
1 0.3213 0.6497 0.0314 0.0555
1 0.2801 0.6499 0.0549 0.0541
1 0.4545 0.6520 0.0574 0.0518
1 0.2261 0.6474 0.0581 0.0518
1 0.1856 0.6467 0.0294 0.0532
1 0.1532 0.6467 0.0407 0.0523
1 0.0652 0.6451 0.0305 0.0537
1 0.1066 0.6463 0.0608 0.0532
1 0.0373 0.6440 0.0339 0.0514
1 0.0331 0.7004 0.0323 0.0569
1 0.0604 0.7006 0.0312 0.0555
1 0.1014 0.6997 0.0621 0.0560
1 0.1493 0.6999 0.0414 0.0555
1 0.1817 0.7006 0.0310 0.0550
1 0.2226 0.7024 0.0594 0.0550
1 0.0261 0.7559 0.0353 0.0573
1 0.0542 0.7561 0.0328 0.0606
1 0.0969 0.7561 0.0621 0.0569
1 0.1777 0.7563 0.0316 0.0564
1 0.1447 0.7568 0.0438 0.0564
1 0.0206 0.8114 0.0348 0.0573
1 0.0483 0.8125 0.0341 0.0587
1 0.0911 0.8132 0.0642 0.0573
1 0.1400 0.8125 0.0438 0.0550
1 0.1725 0.8121 0.0325 0.0578
1 0.2163 0.8138 0.0597 0.0574
1 0.2200 0.7565 0.0581 0.0546
1 0.2633 0.8153 0.0420 0.0573
1 0.2743 0.7583 0.0576 0.0556
1 0.2773 0.7033 0.0560 0.0537
1 0.3188 0.7033 0.0314 0.0537
1 0.3476 0.7049 0.0298 0.0560
1 0.3789 0.7060 0.0355 0.0546
1 0.3781 0.7604 0.0334 0.0560
1 0.4067 0.8191 0.0328 0.0569
1 0.3790 0.8180 0.0271 0.0573
1 0.4081 0.7620 0.0312 0.0573
1 0.4102 0.7054 0.0307 0.0550
1 0.4533 0.7063 0.0574 0.0551
1 0.4985 0.7095 0.0362 0.0542
1 0.4998 0.6535 0.0355 0.0533
1 0.5005 0.6001 0.0355 0.0519
1 0.5346 0.6028 0.0346 0.0491
1 0.5344 0.6560 0.0346 0.0510
1 0.5341 0.7104 0.0359 0.0542
1 0.5337 0.7652 0.0364 0.0546
1 0.4975 0.7638 0.0355 0.0528
1 0.4517 0.7625 0.0581 0.0537
1 0.4506 0.8194 0.0592 0.0565
1 0.4971 0.8205 0.0359 0.0578
1 0.6376 0.7664 0.0536 0.0523
1 0.5327 0.8205 0.0371 0.0542
1 0.5803 0.7113 0.0574 0.0533
1 0.6363 0.6579 0.0545 0.0500
1 0.5805 0.6576 0.0581 0.0496
1 0.5806 0.6049 0.0569 0.0523
1 0.6357 0.6053 0.0524 0.0505
1 0.5802 0.5530 0.0576 0.0478
1 0.6350 0.5535 0.0529 0.0468
1 0.6341 0.5039 0.0524 0.0487
1 0.6337 0.4539 0.0515 0.0478
1 0.6329 0.4053 0.0513 0.0459
1 0.6958 0.3143 0.0287 0.0459
1 0.7249 0.3150 0.0303 0.0518
1 0.7507 0.3175 0.0269 0.0486
1 0.7795 0.3217 0.0334 0.0505
1 0.6975 0.3600 0.0307 0.0482
1 0.7269 0.3641 0.0307 0.0500
1 0.7528 0.3652 0.0242 0.0477
1 0.7807 0.3682 0.0334 0.0500
1 0.8093 0.3701 0.0255 0.0453
1 0.8335 0.3695 0.0240 0.0414
1 0.8598 0.3699 0.0298 0.0431
1 0.8907 0.3722 0.0326 0.0411
1 0.9173 0.3755 0.0234 0.0414
1 0.9391 0.3773 0.0217 0.0395
1 0.9607 0.3789 0.0231 0.0398
1 0.9826 0.3809 0.0228 0.0427
1 0.8080 0.3223 0.0261 0.0484
1 0.8325 0.3252 0.0245 0.0465
1 0.8585 0.3239 0.0303 0.0472
1 0.8885 0.3268 0.0309 0.0484
1 0.9146 0.3311 0.0235 0.0481
1 0.9363 0.3330 0.0242 0.0456
1 0.9578 0.3349 0.0226 0.0468
1 0.9802 0.3357 0.0242 0.0459
1 0.3947 0.2532 0.0318 0.0455
1 0.3581 0.4432 0.0280 0.0491
1 0.4226 0.2556 0.0271 0.0488
1 0.5798 0.4052 0.0549 0.0466
1 0.5796 0.3548 0.0537 0.0481
1 0.5363 0.3055 0.0329 0.0471
1 0.0894 0.0648 0.0273 0.0508
1 0.5347 0.3523 0.0328 0.0476
1 0.5034 0.3048 0.0314 0.0457
1 0.0865 0.1140 0.0269 0.0445
1 0.5030 0.3518 0.0311 0.0439
1 0.4612 0.3479 0.0519 0.0443
1 0.4611 0.2998 0.0514 0.0459
1 0.3908 0.3464 0.0299 0.0452
1 0.3924 0.3007 0.0311 0.0451
1 0.3623 0.3463 0.0276 0.0486
1 0.1701 0.4415 0.0377 0.0467
1 0.4628 0.2532 0.0507 0.0443
1 0.0828 0.1564 0.0273 0.0437
1 0.0792 0.2020 0.0297 0.0476
1 0.0718 0.2951 0.0281 0.0484
1 0.0744 0.2484 0.0309 0.0453
1 0.0673 0.3431 0.0301 0.0477
1 0.1136 0.0684 0.0266 0.0484
1 0.1103 0.1132 0.0269 0.0429
1 0.1074 0.1568 0.0258 0.0461
1 0.1037 0.2030 0.0274 0.0457
1 0.5800 0.8211 0.0599 0.0557
1 0.6374 0.8209 0.0540 0.0548
1 0.5801 0.7657 0.0597 0.0546
1 0.6359 0.7119 0.0538 0.0554
1 0.5060 0.1670 0.0307 0.0439
1 0.6936 0.2243 0.0284 0.0454
1 0.4253 0.1631 0.0266 0.0464
1 0.1004 0.2487 0.0287 0.0424
1 0.1363 0.2960 0.0561 0.0457
1 0.0932 0.3409 0.0290 0.0484
1 0.1322 0.3434 0.0561 0.0490
1 0.1395 0.2484 0.0551 0.0430
1 0.1433 0.2035 0.0556 0.0435
1 0.1458 0.1589 0.0540 0.0424
1 0.1482 0.1141 0.0529 0.0418
1 0.1501 0.0703 0.0523 0.0446
1 0.1829 0.2498 0.0366 0.0435
1 0.2121 0.2498 0.0255 0.0435
1 0.2505 0.2514 0.0534 0.0424
1 0.3387 0.2531 0.0277 0.0435
1 0.3014 0.2525 0.0491 0.0412
1 0.3645 0.2539 0.0244 0.0441
1 0.3662 0.2090 0.0258 0.0435
1 0.0974 0.2946 0.0293 0.0484
1 0.1881 0.1587 0.0361 0.0396
1 0.3675 0.1639 0.0260 0.0435
1 0.1852 0.2036 0.0350 0.0457
1 0.1906 0.1149 0.0361 0.0413
1 0.1932 0.0717 0.0353 0.0385
1 0.2144 0.2054 0.0268 0.0429
1 0.2169 0.1589 0.0279 0.0435
1 0.2199 0.1149 0.0279 0.0402
1 0.2532 0.2074 0.0550 0.0435
1 0.2216 0.0708 0.0315 0.0435
1 0.2553 0.1614 0.0531 0.0407
1 0.2578 0.1176 0.0534 0.0435
1 0.2596 0.0711 0.0516 0.0473
1 0.3038 0.2074 0.0483 0.0446
1 0.3050 0.1620 0.0485 0.0407
1 0.3073 0.1171 0.0488 0.0435
