3 0.0120 0.5071 0.0240 0.0394
3 0.0475 0.5068 0.0480 0.0380
3 0.1185 0.5055 0.0965 0.0420
3 0.2179 0.5039 0.1023 0.0402
3 0.2948 0.4986 0.0528 0.0413
3 0.3573 0.4968 0.0700 0.0378
3 0.4281 0.4983 0.0770 0.0400
3 0.5046 0.4979 0.0781 0.0409
3 0.5716 0.4959 0.0582 0.0421
3 0.6244 0.4964 0.0474 0.0421
3 0.6995 0.4957 0.1028 0.0398
3 0.7704 0.4953 0.0388 0.0409
3 0.8396 0.4955 0.0608 0.0404
3 0.8969 0.4947 0.0539 0.0396
3 0.9438 0.4951 0.0453 0.0413
3 0.9449 0.5351 0.0474 0.0404
3 0.9449 0.5740 0.0485 0.0409
3 0.9449 0.6138 0.0528 0.0378
3 0.9446 0.6516 0.0490 0.0378
2 0.9452 0.6882 0.0501 0.0370
3 0.8953 0.5344 0.0528 0.0400
3 0.8935 0.5749 0.0533 0.0391
3 0.8940 0.6118 0.0490 0.0365
3 0.8943 0.6512 0.0517 0.0413
3 0.8921 0.6901 0.0517 0.0391
3 0.7731 0.6903 0.0496 0.0430
3 0.8304 0.6910 0.0630 0.0409
3 0.8296 0.6510 0.0657 0.0383
3 0.7733 0.6484 0.0468 0.0391
3 0.7739 0.6099 0.0469 0.0378
3 0.8420 0.6112 0.0485 0.0404
3 0.8380 0.5736 0.0598 0.0374
3 0.8372 0.5351 0.0592 0.0387
3 0.7663 0.5362 0.0307 0.0417
3 0.7717 0.5731 0.0404 0.0374
3 0.6974 0.5347 0.1029 0.0396
3 0.6977 0.5753 0.0991 0.0391
3 0.6961 0.6138 0.1002 0.0387
3 0.6955 0.6533 0.1040 0.0391
3 0.6955 0.6909 0.1017 0.0413
3 0.6238 0.5346 0.0501 0.0374
3 0.6235 0.5740 0.0506 0.0413
3 0.6232 0.6129 0.0479 0.0400
3 0.6230 0.6520 0.0474 0.0400
3 0.6222 0.6924 0.0501 0.0409
3 0.5707 0.5359 0.0582 0.0400
3 0.5045 0.5363 0.0776 0.0400
3 0.5028 0.5757 0.0765 0.0396
3 0.5705 0.5744 0.0576 0.0396
3 0.5702 0.6135 0.0582 0.0395
3 0.5691 0.6529 0.0593 0.0391
3 0.5683 0.6924 0.0587 0.0374
3 0.5026 0.6924 0.0760 0.0391
3 0.5023 0.6531 0.0776 0.0396
3 0.5037 0.6142 0.0781 0.0383
3 0.4288 0.5380 0.0738 0.0400
3 0.4288 0.5770 0.0770 0.0396
3 0.4261 0.6157 0.0759 0.0387
3 0.4288 0.6535 0.0781 0.0404
3 0.4269 0.6946 0.0743 0.0391
3 0.4266 0.7335 0.0738 0.0387
3 0.5004 0.7322 0.0781 0.0378
3 0.5691 0.7313 0.0603 0.0404
3 0.6208 0.7316 0.0485 0.0383
3 0.6946 0.7305 0.1013 0.0370
3 0.7727 0.7315 0.0539 0.0365
3 0.8322 0.7309 0.0652 0.0378
3 0.2950 0.5372 0.0560 0.0366
3 0.3569 0.5376 0.0711 0.0400
3 0.3566 0.5765 0.0662 0.0413
3 0.2955 0.5765 0.0560 0.0413
3 0.2982 0.6170 0.0582 0.0370
3 0.3572 0.6176 0.0662 0.0383
3 0.3539 0.6550 0.0706 0.0357
3 0.2958 0.6546 0.0512 0.0357
3 0.2971 0.6933 0.0517 0.0400
3 0.3558 0.6937 0.0689 0.0383
3 0.2976 0.7335 0.0560 0.0378
3 0.3558 0.7335 0.0646 0.0404
3 0.2174 0.5408 0.1023 0.0370
3 0.1199 0.5430 0.0948 0.0370
3 0.0488 0.5445 0.0495 0.0391
3 0.0134 0.5462 0.0267 0.0400
3 0.0134 0.5851 0.0267 0.0404
3 0.0139 0.6232 0.0278 0.0374
3 0.0126 0.6619 0.0251 0.0391
3 0.0126 0.6991 0.0251 0.0379
3 0.0142 0.7374 0.0283 0.0370
3 0.0488 0.5853 0.0474 0.0383
3 0.0485 0.6234 0.0468 0.0378
3 0.0480 0.6597 0.0501 0.0374
3 0.0480 0.6997 0.0469 0.0400
3 0.0485 0.7376 0.0436 0.0365
3 0.1191 0.5832 0.0943 0.0400
3 0.2177 0.5798 0.1029 0.0391
3 0.2171 0.6180 0.1061 0.0400
3 0.1177 0.6206 0.0959 0.0383
3 0.1194 0.6595 0.0948 0.0378
3 0.2190 0.6572 0.1034 0.0391
3 0.2193 0.6952 0.1019 0.0396
3 0.1194 0.6969 0.1002 0.0378
3 0.1186 0.7352 0.0942 0.0404
3 0.2193 0.7341 0.1040 0.0383
3 0.0131 0.7754 0.0262 0.0374
3 0.0136 0.8139 0.0273 0.0353
3 0.0139 0.8509 0.0278 0.0378
1 0.0136 0.8879 0.0273 0.0361
3 0.0472 0.7750 0.0474 0.0365
3 0.0485 0.8135 0.0468 0.0370
1 0.0491 0.8513 0.0447 0.0370
1 0.0496 0.8874 0.0458 0.0344
3 0.1182 0.7736 0.0957 0.0373
3 0.2187 0.7714 0.1040 0.0368
3 0.2186 0.8109 0.1051 0.0401
3 0.1180 0.8123 0.0960 0.0373
3 0.1203 0.8505 0.0956 0.0374
3 0.2177 0.8500 0.1019 0.0362
3 0.2186 0.8865 0.1016 0.0374
3 0.1196 0.8876 0.0949 0.0368
1 0.0127 0.9248 0.0254 0.0393
3 0.0493 0.9244 0.0471 0.0390
3 0.1203 0.9255 0.0943 0.0390
3 0.2179 0.9253 0.1009 0.0373
3 0.0137 0.9633 0.0274 0.0371
3 0.0496 0.9643 0.0457 0.0401
3 0.1189 0.9650 0.0936 0.0393
3 0.2161 0.9635 0.0995 0.0396
3 0.4256 0.7713 0.0750 0.0378
3 0.5008 0.7703 0.0754 0.0398
3 0.5012 0.8086 0.0754 0.0408
3 0.4271 0.8076 0.0746 0.0388
3 0.4269 0.8467 0.0741 0.0395
3 0.5016 0.8479 0.0762 0.0378
3 0.5021 0.8867 0.0771 0.0398
3 0.4264 0.8852 0.0766 0.0375
3 0.5687 0.8470 0.0561 0.0388
3 0.3586 0.8091 0.0666 0.0378
3 0.3571 0.8477 0.0654 0.0388
3 0.3554 0.8872 0.0612 0.0361
3 0.4275 0.9243 0.0792 0.0407
3 0.5040 0.9273 0.0744 0.0438
3 0.4256 0.9621 0.0775 0.0343
3 0.4839 0.9619 0.0370 0.0334
1 0.2971 0.7696 0.0557 0.0370
1 0.3572 0.7708 0.0630 0.0381
1 0.2978 0.8086 0.0543 0.0410
1 0.2974 0.8488 0.0550 0.0416
1 0.2967 0.8881 0.0565 0.0381
1 0.3550 0.9265 0.0673 0.0364
1 0.5682 0.7691 0.0550 0.0381
1 0.5682 0.8081 0.0579 0.0399
1 0.5689 0.8872 0.0550 0.0410
1 0.8899 0.8829 0.0557 0.0370
1 0.9392 0.8838 0.0499 0.0387
1 0.8914 0.8462 0.0514 0.0410
1 0.9399 0.8456 0.0485 0.0410
1 0.8887 0.9215 0.0540 0.0408
1 0.9405 0.9224 0.0494 0.0391
1 0.7731 0.9204 0.0599 0.0358
3 0.8934 0.7285 0.0523 0.0344
3 0.6928 0.9205 0.0977 0.0349
3 0.8888 0.9634 0.0533 0.0430
3 0.9408 0.9634 0.0508 0.0405
3 0.8330 0.9219 0.0573 0.0401
3 0.8337 0.9618 0.0588 0.0437
3 0.8302 0.8825 0.0628 0.0369
3 0.8315 0.8460 0.0664 0.0369
3 0.8315 0.8063 0.0654 0.0401
3 0.8900 0.8055 0.0538 0.0385
3 0.9408 0.8055 0.0488 0.0385
3 0.7716 0.8839 0.0583 0.0405
3 0.8331 0.7662 0.0708 0.0393
3 0.6925 0.8849 0.1011 0.0377
3 0.6930 0.8464 0.0981 0.0401
3 0.7712 0.7683 0.0508 0.0397
3 0.7716 0.8452 0.0583 0.0377
3 0.6213 0.8468 0.0473 0.0425
3 0.6213 0.8069 0.0473 0.0389
3 0.6943 0.8065 0.0987 0.0405
3 0.6942 0.7671 0.0996 0.0381
3 0.7729 0.8065 0.0558 0.0405
3 0.6211 0.7695 0.0467 0.0373
3 0.8924 0.7670 0.0533 0.0401
3 0.9425 0.7674 0.0467 0.0385
3 0.9425 0.7289 0.0467 0.0385
