2 0.1906 0.1556 0.1534 0.0950
2 0.3103 0.1569 0.1157 0.0961
2 0.4316 0.1578 0.1422 0.1018
2 0.5625 0.1629 0.1423 0.1007
2 0.6797 0.1652 0.1294 0.0984
2 0.7758 0.1680 0.1221 0.0973
2 0.1456 0.3812 0.1904 0.1346
2 0.1255 0.5333 0.1969 0.1697
2 0.3022 0.2591 0.1293 0.1097
2 0.2785 0.5311 0.1558 0.1629
2 0.4364 0.2625 0.1502 0.1097
2 0.4412 0.3818 0.1647 0.1312
2 0.5798 0.2653 0.1639 0.1108
2 0.5966 0.3852 0.1735 0.1335
2 0.6203 0.5350 0.1952 0.1617
2 0.7031 0.2658 0.1406 0.1165
2 0.7384 0.3874 0.1550 0.1335
2 0.1019 0.7667 0.2038 0.3135
2 0.2574 0.7649 0.1880 0.3122
2 0.6613 0.7683 0.2458 0.3027
2 0.8363 0.7710 0.2294 0.3135
2 0.7717 0.5308 0.1793 0.1642
2 0.8192 0.2659 0.1573 0.1096
2 0.8819 0.1703 0.1351 0.0951
2 0.4430 0.7635 0.1947 0.3094
2 0.8628 0.3889 0.1745 0.1330
2 0.4452 0.5322 0.1807 0.1629
2 0.2906 0.3818 0.1414 0.1357
2 0.1669 0.2574 0.1751 0.1131
2 0.9410 0.1725 0.0753 0.0973
2 0.9168 0.2721 0.1237 0.1152
2 0.8965 0.5344 0.1643 0.1611
2 0.9403 0.3910 0.0767 0.1270
2 0.9205 0.7755 0.1163 0.3131
