2 0.0242 0.6884 0.0134 0.0176
2 0.1954 0.1083 0.0362 0.0916
2 0.0826 0.2020 0.0173 0.0604
3 0.0762 0.3668 0.0193 0.0420
1 0.1478 0.5161 0.0174 0.0548
3 0.1763 0.4521 0.0358 0.0653
1 0.1453 0.5698 0.0167 0.0515
3 0.0961 0.3097 0.0227 0.0628
3 0.0804 0.2426 0.0146 0.0462
2 0.0655 0.1111 0.0222 0.0674
3 0.1173 0.2445 0.0106 0.0427
3 0.1374 0.3698 0.0141 0.0548
3 0.0549 0.3887 0.0185 0.0547
3 0.6493 0.1395 0.1031 0.1600
3 0.2131 0.3185 0.0267 0.0689
3 0.4423 0.2504 0.0637 0.1171
3 0.9228 0.6172 0.1145 0.1520
3 0.0072 0.6566 0.0071 0.0330
3 0.1102 0.3889 0.0115 0.0482
3 0.1818 0.3388 0.0383 0.0773
2 0.0360 0.1288 0.0071 0.0438
3 0.4483 0.1610 0.0605 0.1204
1 0.2675 0.5506 0.0568 0.0678
3 0.1793 0.3966 0.0365 0.0687
3 0.2202 0.6827 0.0276 0.0600
2 0.1267 0.0563 0.0154 0.0496
3 0.2832 0.2719 0.0583 0.1010
2 0.3164 0.7775 0.0622 0.0910
3 0.0286 0.5870 0.0180 0.0381
2 0.1031 0.1741 0.0222 0.0611
2 0.0479 0.1070 0.0147 0.0562
3 0.7570 0.7570 0.2033 0.1441
3 0.1982 0.6178 0.0244 0.0591
2 0.1630 0.1970 0.0168 0.0604
3 0.0567 0.3488 0.0201 0.0547
2 0.1366 0.1320 0.0129 0.0535
3 0.0251 0.4130 0.0071 0.0392
3 0.0468 0.5834 0.0210 0.0467
3 0.4759 0.6159 0.0661 0.0920
3 0.2089 0.3782 0.0261 0.0678
2 0.0711 0.4554 0.0159 0.0440
2 0.4082 0.0535 0.0410 0.0548
3 0.0766 0.3292 0.0153 0.0531
2 0.0673 0.0710 0.0222 0.0674
3 0.0300 0.3075 0.0071 0.0438
3 0.0151 0.4877 0.0071 0.0365
3 0.9325 0.0554 0.0938 0.0557
2 0.3735 0.6170 0.0393 0.0852
2 0.0251 0.2449 0.0071 0.0438
2 0.1927 0.7482 0.0247 0.0813
3 0.0417 0.3271 0.0180 0.0553
2 0.3933 0.2803 0.0445 0.0982
2 0.1622 0.2515 0.0183 0.0618
2 0.0240 0.2831 0.0071 0.0438
3 0.4554 0.0773 0.0614 0.1048
1 0.1307 0.5213 0.0157 0.0540
1 0.1733 0.5079 0.0357 0.0634
3 0.2064 0.4389 0.0251 0.0671
3 0.0238 0.4482 0.0071 0.0365
1 0.2283 0.4904 0.0280 0.0688
2 0.1551 0.0584 0.0187 0.0599
1 0.2018 0.5557 0.0269 0.0605
2 0.0404 0.6919 0.0185 0.0176
3 0.2432 0.2377 0.0303 0.0821
2 0.0448 0.1801 0.0152 0.0496
2 0.3823 0.4494 0.0416 0.0907
3 0.0324 0.5135 0.0180 0.0441
2 0.1084 0.0824 0.0223 0.0661
2 0.3659 0.7865 0.0374 0.0852
3 0.2640 0.6222 0.0570 0.0616
2 0.1976 0.0581 0.0320 0.0600
3 0.0685 0.5370 0.0163 0.0410
3 0.1401 0.3205 0.0174 0.0594
3 0.1837 0.2843 0.0365 0.0779
2 0.0284 0.1750 0.0071 0.0438
3 0.1360 0.4195 0.0176 0.0543
3 0.0151 0.6240 0.0071 0.0330
3 0.6543 0.0688 0.0978 0.0811
3 0.1265 0.2818 0.0138 0.0585
2 0.5987 0.8601 0.1048 0.1544
1 0.1014 0.5756 0.0136 0.0442
2 0.3713 0.7009 0.0374 0.0852
3 0.3395 0.3073 0.0638 0.1042
1 0.9281 0.4544 0.1034 0.1572
2 0.2914 0.1319 0.0609 0.1155
1 0.0896 0.4446 0.0249 0.0521
3 0.0255 0.6608 0.0150 0.0353
1 0.4882 0.4155 0.0651 0.1034
2 0.2226 0.1340 0.0283 0.0787
3 0.0295 0.5501 0.0180 0.0381
3 0.0929 0.3990 0.0281 0.0565
2 0.1079 0.7160 0.0173 0.0439
1 0.2261 0.5546 0.0296 0.0594
3 0.0948 0.3538 0.0228 0.0567
3 0.2611 0.6888 0.0542 0.0719
2 0.0623 0.2264 0.0200 0.0632
3 0.1258 0.6711 0.0171 0.0495
3 0.4974 0.3172 0.0680 0.1164
3 0.4105 0.7072 0.0514 0.0886
3 0.3199 0.6973 0.0647 0.0761
2 0.1384 0.0824 0.0131 0.0534
2 0.3854 0.3618 0.0462 0.0890
1 0.0991 0.6216 0.0120 0.0445
1 0.2028 0.4998 0.0263 0.0604
3 0.1412 0.6729 0.0171 0.0495
2 0.1800 0.0490 0.0333 0.0445
1 0.0859 0.5791 0.0220 0.0414
1 0.4212 0.5264 0.0599 0.0894
3 0.1689 0.6196 0.0350 0.0537
3 0.0254 0.6241 0.0180 0.0381
3 0.1119 0.3422 0.0117 0.0521
3 0.0614 0.2629 0.0185 0.0547
3 0.0737 0.4107 0.0171 0.0417
2 0.0324 0.2366 0.0071 0.0438
3 0.1282 0.6207 0.0174 0.0478
2 0.2254 0.0753 0.0271 0.0831
3 0.0526 0.4638 0.0185 0.0547
1 0.1717 0.5648 0.0372 0.0561
1 0.1073 0.4387 0.0124 0.0462
2 0.0267 0.2103 0.0071 0.0438
1 0.2707 0.4808 0.0573 0.0804
3 0.5300 0.7195 0.0590 0.1015
2 0.0313 0.2711 0.0071 0.0438
2 0.4048 0.1101 0.0410 0.1122
3 0.0670 0.5802 0.0163 0.0388
2 0.2509 0.1064 0.0299 0.0842
3 0.0387 0.3660 0.0180 0.0553
2 0.1063 0.1292 0.0209 0.0647
3 0.1579 0.3064 0.0171 0.0637
2 0.0632 0.6235 0.0160 0.0438
3 0.0219 0.4842 0.0071 0.0365
3 0.0205 0.3481 0.0071 0.0438
2 0.9175 0.9209 0.1316 0.1582
1 0.0820 0.6672 0.0215 0.0439
2 0.0627 0.1909 0.0211 0.0645
3 0.0137 0.6587 0.0071 0.0330
1 0.1112 0.6694 0.0153 0.0453
3 0.1007 0.2204 0.0249 0.0711
2 0.2530 0.0552 0.0273 0.0594
3 0.2758 0.4132 0.0564 0.0825
2 0.1699 0.0882 0.0180 0.0629
2 0.1660 0.1438 0.0190 0.0602
2 0.1914 0.1665 0.0353 0.0850
3 0.2163 0.2566 0.0264 0.0720
3 0.5118 0.1157 0.0690 0.1341
2 0.0300 0.1428 0.0071 0.0438
3 0.4696 0.7147 0.0581 0.0965
2 0.0952 0.7135 0.0173 0.0439
1 0.7715 0.4796 0.2086 0.1439
2 0.2946 0.0729 0.0565 0.0927
3 0.7901 0.0994 0.1827 0.1463
3 0.4373 0.3410 0.0592 0.1068
2 0.1471 0.2150 0.0173 0.0563
2 0.1635 0.7373 0.0336 0.0725
2 0.1393 0.7169 0.0173 0.0439
3 0.0194 0.3827 0.0071 0.0438
3 0.0429 0.6245 0.0210 0.0400
2 0.0465 0.1454 0.0162 0.0535
1 0.6229 0.4955 0.1046 0.1242
3 0.5360 0.6111 0.0579 0.1067
3 0.0478 0.5454 0.0210 0.0467
3 0.3322 0.3878 0.0591 0.0921
2 0.1526 0.1109 0.0185 0.0619
3 0.5585 0.2952 0.0651 0.1260
3 0.1539 0.3606 0.0164 0.0503
3 0.5754 0.0863 0.0639 0.1168
1 0.4859 0.5166 0.0608 0.0976
2 0.1244 0.0996 0.0139 0.0600
2 0.1089 0.0508 0.0223 0.0485
3 0.2871 0.2020 0.0572 0.1100
3 0.0167 0.4517 0.0071 0.0365
1 0.7803 0.3428 0.2032 0.1652
3 0.3446 0.2279 0.0668 0.1159
2 0.0327 0.2023 0.0071 0.0438
1 0.3301 0.4636 0.0627 0.0903
2 0.1463 0.0477 0.0279 0.0416
3 0.2358 0.3651 0.0285 0.0773
1 0.3258 0.5400 0.0632 0.0837
1 0.1157 0.5256 0.0154 0.0495
3 0.1537 0.4098 0.0162 0.0562
3 0.1429 0.6208 0.0147 0.0495
3 0.0197 0.5525 0.0071 0.0341
3 0.0362 0.4404 0.0180 0.0441
3 0.1132 0.2955 0.0120 0.0515
3 0.5051 0.2161 0.0691 0.1213
2 0.0891 0.0473 0.0188 0.0388
2 0.0426 0.2552 0.0152 0.0529
3 0.2387 0.3032 0.0294 0.0734
2 0.0059 0.6849 0.0071 0.0176
1 0.0980 0.6692 0.0134 0.0447
2 0.2187 0.2004 0.0268 0.0833
2 0.3562 0.0819 0.0700 0.1066
2 0.2169 0.7536 0.0259 0.0843
2 0.0793 0.7169 0.0205 0.0566
3 0.4157 0.6174 0.0571 0.0848
3 0.9332 0.1420 0.0924 0.1724
2 0.0441 0.2172 0.0152 0.0445
3 0.0170 0.5877 0.0071 0.0330
3 0.0621 0.6644 0.0215 0.0439
3 0.5183 0.0567 0.0618 0.0565
2 0.4093 0.8031 0.0485 0.1135
3 0.6391 0.2600 0.1066 0.1491
2 0.0592 0.6929 0.0202 0.0176
3 0.1318 0.2284 0.0120 0.0474
3 0.1503 0.4655 0.0150 0.0504
2 0.0638 0.1512 0.0206 0.0636
1 0.0883 0.4888 0.0206 0.0478
3 0.0778 0.2870 0.0161 0.0501
1 0.1201 0.4299 0.0152 0.0495
3 0.0265 0.3796 0.0071 0.0438
3 0.1655 0.6771 0.0347 0.0538
3 0.1237 0.3324 0.0118 0.0515
3 0.1955 0.6789 0.0255 0.0545
3 0.1327 0.1827 0.0131 0.0572
2 0.4651 0.8225 0.0617 0.1272
1 0.0876 0.5337 0.0194 0.0478
3 0.0175 0.4176 0.0071 0.0400
3 0.1191 0.1999 0.0131 0.0520
3 0.0694 0.4955 0.0148 0.0389
1 0.5494 0.4024 0.0633 0.1178
3 0.0118 0.5548 0.0071 0.0330
3 0.2789 0.3422 0.0584 0.0895
2 0.1225 0.1475 0.0153 0.0509
3 0.0341 0.4779 0.0180 0.0441
3 0.1227 0.3795 0.0141 0.0517
1 0.1135 0.5742 0.0140 0.0445
1 0.1049 0.4845 0.0131 0.0434
3 0.2321 0.4306 0.0326 0.0756
2 0.3784 0.5347 0.0416 0.0907
2 0.7477 0.8940 0.2076 0.1996
1 0.1109 0.6221 0.0146 0.0476
3 0.0546 0.4294 0.0185 0.0547
2 0.2578 0.7686 0.0555 0.0883
2 0.0885 0.0718 0.0188 0.0586
2 0.2469 0.1738 0.0303 0.0866
2 0.0135 0.6863 0.0071 0.0176
1 0.5417 0.5091 0.0619 0.1009
1 0.4279 0.4346 0.0555 0.0954
1 0.1173 0.4766 0.0160 0.0469
2 0.0837 0.1607 0.0193 0.0636
3 0.1339 0.4693 0.0163 0.0498
2 0.1488 0.1652 0.0179 0.0580
1 0.1292 0.5707 0.0171 0.0460
3 0.5679 0.1863 0.0637 0.1367
3 0.0605 0.3060 0.0185 0.0547
3 0.0202 0.5198 0.0071 0.0365
3 0.6313 0.3779 0.1041 0.1355
3 0.3212 0.6184 0.0627 0.0750
3 0.0409 0.6627 0.0210 0.0400
3 0.0132 0.5223 0.0071 0.0365
3 0.0086 0.6240 0.0071 0.0330
3 0.0108 0.5891 0.0071 0.0330
2 0.5246 0.8329 0.0559 0.1329
1 0.1027 0.5296 0.0133 0.0459
3 0.3352 0.1565 0.0310 0.0863
2 0.1443 0.2703 0.0188 0.0593
3 0.6146 0.6102 0.0993 0.1147
3 0.0504 0.5045 0.0210 0.0547
2 0.0346 0.1670 0.0071 0.0438
3 0.0425 0.2903 0.0180 0.0553
3 0.7866 0.2062 0.1984 0.1929
3 0.2249 0.6170 0.0282 0.0632
3 0.0384 0.4020 0.0180 0.0553
2 0.1229 0.7194 0.0173 0.0439
3 0.0286 0.3422 0.0071 0.0438
2 0.1885 0.2264 0.0361 0.0883
1 0.0831 0.6228 0.0226 0.0401
3 0.9187 0.7769 0.1255 0.1637
3 0.1005 0.2621 0.0245 0.0688
3 0.6068 0.7337 0.1020 0.1186
1 0.9314 0.3042 0.0971 0.1493
3 0.7629 0.6213 0.2027 0.1250
2 0.4028 0.1878 0.0410 0.1017
3 0.0224 0.3142 0.0071 0.0438
2 0.0852 0.1177 0.0213 0.0597
