2 0.6774 0.7846 0.1502 0.1336
2 0.9790 0.3849 0.0421 0.1801
2 0.5305 0.5849 0.1303 0.2015
2 0.8000 0.5926 0.0878 0.2346
2 0.4014 0.7787 0.1301 0.1572
2 0.2732 0.5669 0.1169 0.1966
3 0.2443 0.0804 0.0155 0.0561
2 0.4003 0.5734 0.1179 0.1869
2 0.8785 0.3957 0.0888 0.1585
2 0.1436 0.7632 0.1308 0.2014
2 0.8725 0.5511 0.0585 0.1328
2 0.5335 0.7820 0.1290 0.1534
2 0.1427 0.5464 0.1287 0.1911
2 0.6767 0.5881 0.1521 0.2129
2 0.9403 0.3852 0.0287 0.1794
2 0.2729 0.7676 0.1198 0.1822
2 0.7996 0.7809 0.0850 0.1424
