3 0.7232 0.8346 0.0442 0.0273
3 0.3907 0.6059 0.0218 0.0276
3 0.3919 0.7952 0.0228 0.0292
3 0.0663 0.7661 0.0243 0.0339
3 0.2415 0.6025 0.0209 0.0277
1 0.0333 0.6682 0.0236 0.0320
3 0.9534 0.8978 0.0198 0.0301
1 0.3594 0.4796 0.0218 0.0270
1 0.0667 0.4407 0.0252 0.0302
3 0.1805 0.8285 0.0226 0.0301
1 0.8246 0.8966 0.0309 0.0307
3 0.2427 0.8301 0.0229 0.0296
3 0.9216 0.7149 0.0256 0.0290
1 0.5091 0.8608 0.0250 0.0319
2 0.6416 0.8040 0.0238 0.0321
3 0.4496 0.8926 0.0223 0.0299
1 0.3292 0.5717 0.0202 0.0266
1 0.0340 0.4407 0.0213 0.0301
3 0.6634 0.8993 0.0209 0.0275
3 0.8928 0.5648 0.0209 0.0277
3 0.8941 0.6231 0.0201 0.0272
3 0.3898 0.5429 0.0224 0.0286
3 0.6605 0.5549 0.0229 0.0309
3 0.4507 0.8310 0.0228 0.0331
3 0.6652 0.9304 0.0209 0.0275
1 0.1003 0.7673 0.0233 0.0269
1 0.0670 0.4703 0.0256 0.0303
3 0.6164 0.7728 0.0244 0.0307
1 0.3019 0.5724 0.0202 0.0266
3 0.8018 0.8332 0.0111 0.0303
3 0.0662 0.7321 0.0251 0.0310
3 0.1315 0.8627 0.0249 0.0321
3 0.7698 0.7728 0.0469 0.0292
1 0.5068 0.5780 0.0253 0.0298
3 0.8692 0.7741 0.0214 0.0271
3 0.9516 0.8372 0.0188 0.0281
3 0.4206 0.5748 0.0230 0.0277
3 0.1576 0.9262 0.0193 0.0315
3 0.0337 0.8622 0.0232 0.0330
3 0.1559 0.6639 0.0191 0.0278
1 0.4214 0.8002 0.0226 0.0345
3 0.7192 0.5250 0.0432 0.0282
3 0.2106 0.7667 0.0229 0.0319
2 0.6410 0.7099 0.0237 0.0340
3 0.8689 0.8042 0.0211 0.0279
3 0.6814 0.4941 0.0222 0.0302
3 0.9528 0.8675 0.0210 0.0286
3 0.4216 0.8293 0.0219 0.0281
3 0.6648 0.7703 0.0229 0.0309
3 0.7685 0.6197 0.0421 0.0269
1 0.1314 0.6640 0.0230 0.0297
1 0.5366 0.6387 0.0252 0.0320
1 0.0668 0.8596 0.0242 0.0288
3 0.8661 0.6523 0.0214 0.0281
1 0.5671 0.7335 0.0242 0.0327
3 0.3024 0.7342 0.0210 0.0329
3 0.3914 0.6999 0.0210 0.0274
3 0.7969 0.4974 0.0111 0.0283
3 0.3034 0.9656 0.0280 0.0372
3 0.5068 0.5780 0.0252 0.0297
3 0.6843 0.7089 0.0222 0.0281
3 0.3622 0.8642 0.0214 0.0315
3 0.1003 0.7346 0.0247 0.0349
3 0.9750 0.6570 0.0221 0.0295
1 0.9492 0.6556 0.0252 0.0272
1 0.2107 0.6352 0.0217 0.0277
3 0.2429 0.9654 0.0280 0.0379
3 0.2723 0.6344 0.0218 0.0282
1 0.8704 0.8646 0.0227 0.0294
3 0.4211 0.7646 0.0227 0.0286
3 0.4783 0.7361 0.0221 0.0328
1 0.5081 0.8312 0.0222 0.0314
3 0.6142 0.6154 0.0235 0.0293
3 0.8204 0.6830 0.0291 0.0272
3 0.9800 0.8965 0.0211 0.0301
3 0.3311 0.6038 0.0219 0.0274
3 0.9251 0.9274 0.0224 0.0312
1 0.1314 0.7984 0.0244 0.0323
3 0.9452 0.5069 0.0217 0.0274
3 0.3913 0.7687 0.0229 0.0319
3 0.4501 0.7035 0.0241 0.0299
3 0.9495 0.7452 0.0256 0.0290
3 0.7200 0.5868 0.0440 0.0290
3 0.8920 0.5035 0.0218 0.0286
3 0.8187 0.5008 0.0292 0.0291
3 0.0657 0.6341 0.0249 0.0301
3 0.2739 0.9247 0.0261 0.0304
3 0.8236 0.7431 0.0318 0.0267
3 0.2103 0.6676 0.0218 0.0274
3 0.8643 0.9638 0.0372 0.0357
3 0.3026 0.8940 0.0227 0.0300
1 0.0334 0.4737 0.0242 0.0311
3 0.3601 0.6368 0.0223 0.0276
3 0.1313 0.7290 0.0237 0.0302
3 0.8925 0.5342 0.0218 0.0293
1 0.2415 0.4751 0.0228 0.0262
3 0.6639 0.8032 0.0202 0.0302
3 0.5668 0.5796 0.0243 0.0321
3 0.1550 0.5367 0.0226 0.0318
3 0.4203 0.5433 0.0241 0.0288
3 0.7964 0.4678 0.0111 0.0283
1 0.0997 0.7995 0.0235 0.0330
3 0.0658 0.5375 0.0261 0.0320
1 0.3299 0.5103 0.0219 0.0289
3 0.4775 0.6401 0.0239 0.0313
3 0.8654 0.5918 0.0211 0.0268
3 0.6613 0.6794 0.0229 0.0309
3 0.7677 0.5281 0.0412 0.0273
3 0.1815 0.9653 0.0299 0.0388
1 0.2724 0.5698 0.0222 0.0279
3 0.8960 0.7459 0.0186 0.0286
3 0.3322 0.7304 0.0217 0.0275
3 0.2105 0.6988 0.0220 0.0280
3 0.9789 0.8078 0.0210 0.0315
3 0.8947 0.6529 0.0198 0.0275
3 0.6602 0.5247 0.0218 0.0312
1 0.5640 0.5177 0.0240 0.0324
3 0.0979 0.5700 0.0257 0.0325
3 0.8712 0.9280 0.0242 0.0293
1 0.2101 0.5381 0.0244 0.0295
1 0.2715 0.5397 0.0215 0.0267
3 0.9798 0.9266 0.0224 0.0312
3 0.9209 0.7452 0.0256 0.0290
3 0.5368 0.7363 0.0250 0.0347
1 0.5661 0.7040 0.0234 0.0310
1 0.1316 0.6319 0.0229 0.0279
1 0.2107 0.6021 0.0230 0.0285
3 0.3926 0.8304 0.0209 0.0313
3 0.3029 0.8302 0.0216 0.0287
1 0.2411 0.5708 0.0217 0.0276
3 0.2112 0.8304 0.0233 0.0328
3 0.9260 0.9632 0.0247 0.0352
3 0.4203 0.6065 0.0229 0.0280
3 0.1571 0.8891 0.0185 0.0316
3 0.7246 0.9287 0.0442 0.0321
3 0.9746 0.6274 0.0229 0.0297
1 0.3031 0.7647 0.0221 0.0276
3 0.8003 0.7416 0.0111 0.0303
1 0.2419 0.5394 0.0221 0.0277
3 0.9786 0.7484 0.0215 0.0284
3 0.9801 0.9620 0.0266 0.0378
1 0.0991 0.5358 0.0252 0.0309
3 0.2735 0.8311 0.0220 0.0331
3 0.2424 0.7648 0.0221 0.0275
3 0.3936 0.9672 0.0279 0.0380
3 0.7697 0.7412 0.0449 0.0273
3 0.3613 0.7350 0.0202 0.0327
1 0.9206 0.6544 0.0252 0.0272
3 0.0665 0.8321 0.0215 0.0304
3 0.8985 0.8378 0.0195 0.0295
3 0.2111 0.7975 0.0238 0.0298
3 0.6197 0.9297 0.0253 0.0355
3 0.3898 0.6370 0.0207 0.0275
3 0.1783 0.5070 0.0236 0.0292
3 0.9461 0.5958 0.0234 0.0286
3 0.1793 0.6339 0.0223 0.0279
3 0.4770 0.6724 0.0259 0.0334
3 0.3015 0.6360 0.0208 0.0272
3 0.3315 0.8934 0.0233 0.0297
3 0.3019 0.6675 0.0208 0.0272
3 0.4777 0.7032 0.0226 0.0304
3 0.1813 0.7645 0.0214 0.0284
3 0.1790 0.5381 0.0222 0.0289
3 0.8667 0.6227 0.0204 0.0277
3 0.2123 0.9659 0.0285 0.0381
3 0.2435 0.9245 0.0257 0.0302
1 0.0670 0.5047 0.0247 0.0303
3 0.1557 0.7268 0.0211 0.0313
3 0.8994 0.9632 0.0258 0.0364
3 0.8651 0.5619 0.0207 0.0272
3 0.6132 0.5537 0.0225 0.0273
3 0.3617 0.7995 0.0224 0.0322
3 0.6890 0.9672 0.0224 0.0362
3 0.3025 0.6997 0.0212 0.0267
3 0.2418 0.6987 0.0222 0.0280
3 0.1324 0.8952 0.0234 0.0339
1 0.1803 0.7991 0.0222 0.0330
1 0.0349 0.7992 0.0226 0.0323
1 0.0353 0.9672 0.0306 0.0411
3 0.6113 0.4593 0.0224 0.0278
3 0.3038 0.7999 0.0238 0.0330
1 0.3594 0.5097 0.0223 0.0285
3 0.8675 0.7133 0.0198 0.0272
1 0.5697 0.8585 0.0225 0.0279
3 0.7982 0.5587 0.0111 0.0283
3 0.4504 0.9252 0.0236 0.0314
1 0.4764 0.4836 0.0257 0.0305
3 0.3604 0.7007 0.0202 0.0280
3 0.0659 0.5699 0.0242 0.0310
3 0.7212 0.7400 0.0442 0.0273
3 0.7244 0.9677 0.0468 0.0386
3 0.9446 0.4750 0.0243 0.0303
3 0.8946 0.6837 0.0208 0.0264
3 0.6847 0.5856 0.0197 0.0289
3 0.9254 0.8350 0.0204 0.0283
3 0.6888 0.9283 0.0209 0.0275
3 0.9522 0.9630 0.0245 0.0358
3 0.3019 0.6041 0.0211 0.0258
3 0.8206 0.6518 0.0278 0.0275
3 0.1317 0.8315 0.0227 0.0330
1 0.1782 0.4433 0.0215 0.0275
1 0.1560 0.7608 0.0202 0.0314
3 0.9766 0.6844 0.0256 0.0290
1 0.3003 0.5092 0.0215 0.0275
3 0.2431 0.8634 0.0220 0.0307
2 0.6384 0.5225 0.0246 0.0314
3 0.7679 0.5580 0.0412 0.0271
3 0.7991 0.6204 0.0111 0.0283
3 0.8202 0.5603 0.0295 0.0291
1 0.2702 0.4769 0.0229 0.0285
1 0.4766 0.5486 0.0261 0.0334
3 0.9714 0.4759 0.0243 0.0303
3 0.1570 0.8558 0.0193 0.0315
2 0.6384 0.6161 0.0212 0.0307
3 0.1328 0.9694 0.0276 0.0426
3 0.8202 0.6207 0.0293 0.0285
3 0.8667 0.6830 0.0204 0.0279
3 0.6160 0.7409 0.0260 0.0305
3 0.7729 0.8980 0.0469 0.0292
3 0.3311 0.6368 0.0206 0.0276
3 0.7199 0.6190 0.0462 0.0298
3 0.3597 0.5400 0.0219 0.0280
1 0.2421 0.4439 0.0223 0.0290
3 0.7664 0.4670 0.0403 0.0275
3 0.9730 0.5672 0.0228 0.0294
3 0.3612 0.7643 0.0221 0.0285
1 0.5665 0.6420 0.0243 0.0317
3 0.7680 0.4970 0.0406 0.0282
3 0.6881 0.8981 0.0209 0.0275
3 0.6132 0.5849 0.0215 0.0263
3 0.7680 0.5897 0.0398 0.0264
3 0.5075 0.7337 0.0238 0.0298
3 0.1299 0.5705 0.0233 0.0296
3 0.7246 0.8968 0.0442 0.0273
1 0.5699 0.9238 0.0241 0.0305
3 0.8213 0.9636 0.0469 0.0326
3 0.1785 0.4750 0.0218 0.0275
3 0.4509 0.8604 0.0217 0.0277
3 0.4505 0.9654 0.0289 0.0412
1 0.5389 0.8631 0.0234 0.0320
3 0.8649 0.5327 0.0220 0.0281
3 0.2722 0.6031 0.0207 0.0277
3 0.8992 0.9276 0.0216 0.0287
1 0.4770 0.5137 0.0259 0.0298
3 0.3906 0.5748 0.0210 0.0281
2 0.6415 0.7397 0.0212 0.0319
3 0.1560 0.5060 0.0200 0.0300
3 0.5077 0.9668 0.0300 0.0372
3 0.9737 0.5979 0.0225 0.0303
3 0.6163 0.6783 0.0260 0.0305
1 0.1798 0.7340 0.0219 0.0319
3 0.4473 0.4829 0.0228 0.0293
3 0.8976 0.8065 0.0208 0.0284
3 0.4486 0.6089 0.0231 0.0301
3 0.3330 0.8615 0.0225 0.0277
3 0.4793 0.7652 0.0215 0.0284
3 0.6826 0.5247 0.0229 0.0311
3 0.3035 0.8639 0.0220 0.0299
3 0.0996 0.8283 0.0254 0.0305
3 0.9460 0.6255 0.0205 0.0269
3 0.1316 0.6974 0.0228 0.0306
3 0.8926 0.4731 0.0227 0.0290
1 0.2709 0.5084 0.0226 0.0284
3 0.4475 0.5778 0.0234 0.0310
3 0.0671 0.9694 0.0343 0.0516
1 0.3006 0.4468 0.0227 0.0290
2 0.3336 0.9659 0.0314 0.0365
3 0.9458 0.5667 0.0211 0.0279
1 0.3297 0.4788 0.0228 0.0279
3 0.5360 0.5472 0.0231 0.0295
3 0.4219 0.8640 0.0219 0.0316
3 0.9187 0.5643 0.0215 0.0268
3 0.7192 0.4960 0.0451 0.0297
3 0.8232 0.8336 0.0308 0.0307
3 0.5072 0.6721 0.0252 0.0312
3 0.7688 0.6493 0.0424 0.0273
1 0.5380 0.7675 0.0249 0.0316
3 0.1002 0.8936 0.0261 0.0318
3 0.5694 0.8309 0.0193 0.0324
3 0.9716 0.5078 0.0222 0.0279
1 0.4490 0.6719 0.0243 0.0301
3 0.2732 0.6992 0.0211 0.0279
3 0.6598 0.4918 0.0210 0.0306
3 0.2419 0.8003 0.0215 0.0339
1 0.0357 0.7647 0.0238 0.0307
3 0.9722 0.5373 0.0237 0.0291
3 0.5385 0.9659 0.0254 0.0439
3 0.7191 0.4634 0.0444 0.0284
3 0.1556 0.4735 0.0195 0.0279
3 0.2425 0.8946 0.0260 0.0316
3 0.6630 0.8358 0.0182 0.0307
3 0.2413 0.7345 0.0212 0.0325
1 0.9200 0.6236 0.0252 0.0272
3 0.6858 0.7729 0.0209 0.0275
3 0.2099 0.8939 0.0261 0.0320
3 0.5388 0.9246 0.0266 0.0329
3 0.2111 0.9272 0.0276 0.0340
3 0.4215 0.8930 0.0236 0.0292
3 0.5363 0.7039 0.0254 0.0321
3 0.6187 0.9674 0.0253 0.0355
3 0.4473 0.5139 0.0236 0.0300
3 0.3616 0.8290 0.0230 0.0299
1 0.1313 0.4744 0.0250 0.0304
3 0.2417 0.6676 0.0213 0.0283
1 0.0664 0.6014 0.0250 0.0301
3 0.8029 0.8967 0.0111 0.0303
1 0.4511 0.7686 0.0314 0.0312
3 0.7708 0.8045 0.0469 0.0292
3 0.4227 0.9260 0.0242 0.0315
3 0.6181 0.8663 0.0225 0.0304
3 0.7686 0.6795 0.0441 0.0278
3 0.1791 0.6669 0.0210 0.0276
3 0.7964 0.5289 0.0111 0.0283
3 0.7995 0.6506 0.0111 0.0303
3 0.3895 0.4491 0.0215 0.0258
1 0.2104 0.4752 0.0229 0.0280
1 0.2401 0.5076 0.0223 0.0268
1 0.0667 0.9268 0.0273 0.0303
3 0.5358 0.5792 0.0237 0.0324
3 0.1311 0.4424 0.0240 0.0291
2 0.6386 0.6787 0.0219 0.0321
3 0.9184 0.4703 0.0210 0.0290
3 0.9776 0.7169 0.0256 0.0290
3 0.3322 0.7976 0.0245 0.0305
1 0.5361 0.6084 0.0250 0.0308
3 0.8221 0.7126 0.0319 0.0272
3 0.6877 0.8670 0.0209 0.0275
3 0.8686 0.7441 0.0207 0.0279
1 0.3008 0.4781 0.0213 0.0272
3 0.4798 0.9248 0.0259 0.0336
3 0.1548 0.6342 0.0217 0.0324
3 0.8027 0.9272 0.0111 0.0303
1 0.1304 0.5997 0.0232 0.0268
1 0.1315 0.6974 0.0228 0.0305
3 0.1791 0.6022 0.0213 0.0275
3 0.6849 0.7403 0.0224 0.0269
3 0.2734 0.8615 0.0233 0.0291
3 0.3604 0.6688 0.0215 0.0274
3 0.6837 0.6185 0.0217 0.0307
3 0.9485 0.6847 0.0256 0.0290
2 0.6420 0.7720 0.0240 0.0332
1 0.0999 0.4710 0.0258 0.0295
3 0.6180 0.8985 0.0253 0.0355
3 0.4758 0.4521 0.0218 0.0265
3 0.3934 0.8614 0.0215 0.0267
3 0.4183 0.4802 0.0222 0.0271
1 0.3293 0.4483 0.0239 0.0288
3 0.6625 0.6485 0.0229 0.0309
3 0.0663 0.6656 0.0245 0.0316
2 0.5716 0.9641 0.0310 0.0417
3 0.3331 0.9259 0.0260 0.0326
3 0.6129 0.5220 0.0224 0.0278
3 0.4764 0.5791 0.0248 0.0317
3 0.0662 0.7986 0.0243 0.0330
3 0.6881 0.8359 0.0209 0.0275
3 0.4200 0.6689 0.0207 0.0262
1 0.3604 0.4480 0.0250 0.0288
3 0.3609 0.9657 0.0248 0.0379
3 0.9216 0.6861 0.0256 0.0290
1 0.1321 0.9269 0.0248 0.0310
3 0.6851 0.5553 0.0197 0.0289
2 0.6399 0.6468 0.0226 0.0320
3 0.3623 0.8938 0.0242 0.0304
3 0.8005 0.7104 0.0111 0.0303
2 0.6428 0.8689 0.0244 0.0338
3 0.6638 0.8678 0.0209 0.0275
3 0.2419 0.6359 0.0212 0.0274
3 0.2733 0.8939 0.0217 0.0297
3 0.1550 0.6011 0.0217 0.0321
3 0.1568 0.7914 0.0185 0.0304
3 0.1548 0.5697 0.0198 0.0314
1 0.5050 0.4844 0.0251 0.0298
3 0.7228 0.8043 0.0442 0.0273
3 0.7202 0.6504 0.0459 0.0307
1 0.1002 0.6946 0.0257 0.0337
3 0.9517 0.8067 0.0213 0.0275
3 0.8639 0.4725 0.0234 0.0294
3 0.8187 0.5885 0.0295 0.0291
3 0.7239 0.8657 0.0442 0.0273
3 0.1558 0.6955 0.0216 0.0312
3 0.9796 0.8689 0.0202 0.0323
1 0.1318 0.5065 0.0233 0.0282
3 0.1811 0.8639 0.0220 0.0317
3 0.3316 0.6999 0.0215 0.0271
1 0.0985 0.6648 0.0259 0.0308
3 0.7221 0.7724 0.0442 0.0273
3 0.8694 0.8341 0.0242 0.0293
3 0.2117 0.8604 0.0214 0.0280
1 0.0979 0.5699 0.0253 0.0327
1 0.0357 0.5037 0.0231 0.0292
2 0.6369 0.5855 0.0223 0.0306
1 0.5066 0.6404 0.0244 0.0293
1 0.0351 0.6004 0.0221 0.0290
3 0.1568 0.8239 0.0182 0.0296
3 0.4795 0.8929 0.0220 0.0298
1 0.0991 0.6322 0.0257 0.0318
3 0.8977 0.7786 0.0214 0.0321
3 0.5358 0.5170 0.0230 0.0307
3 0.4802 0.8632 0.0232 0.0325
3 0.3909 0.6694 0.0220 0.0275
3 0.5383 0.8928 0.0241 0.0304
3 0.9529 0.9285 0.0231 0.0314
1 0.0346 0.5378 0.0223 0.0317
3 0.2727 0.7302 0.0219 0.0275
3 0.2727 0.6674 0.0205 0.0277
1 0.5085 0.7672 0.0236 0.0342
1 0.2089 0.4439 0.0258 0.0295
3 0.8219 0.7739 0.0310 0.0274
3 0.4806 0.9626 0.0290 0.0404
3 0.5391 0.7993 0.0221 0.0331
1 0.3004 0.5399 0.0218 0.0269
3 0.8720 0.8963 0.0242 0.0293
1 0.5665 0.6088 0.0238 0.0302
3 0.8955 0.7137 0.0190 0.0262
1 0.8998 0.8675 0.0196 0.0276
1 0.0999 0.5992 0.0244 0.0280
2 0.6432 0.9322 0.0244 0.0320
1 0.5088 0.7986 0.0228 0.0304
3 0.9520 0.7783 0.0195 0.0295
3 0.9794 0.7759 0.0215 0.0299
3 0.5643 0.4583 0.0216 0.0298
3 0.4201 0.6380 0.0231 0.0277
3 0.0350 0.6339 0.0229 0.0293
3 0.9197 0.5931 0.0212 0.0274
3 0.4794 0.8280 0.0232 0.0305
3 0.5355 0.6716 0.0264 0.0326
3 0.1549 0.4163 0.0212 0.0252
3 0.3922 0.8930 0.0244 0.0298
3 0.8933 0.5935 0.0205 0.0282
3 0.8009 0.8026 0.0111 0.0303
3 0.9794 0.8366 0.0214 0.0293
3 0.1787 0.6985 0.0226 0.0275
3 0.5103 0.9255 0.0270 0.0344
2 0.6363 0.4576 0.0249 0.0325
3 0.6156 0.6463 0.0224 0.0285
3 0.0995 0.9684 0.0262 0.0433
3 0.0354 0.8938 0.0231 0.0292
1 0.0992 0.8639 0.0244 0.0325
3 0.7711 0.8657 0.0469 0.0292
3 0.8005 0.7723 0.0111 0.0303
3 0.7691 0.7107 0.0469 0.0292
3 0.9186 0.5038 0.0197 0.0296
2 0.6425 0.8982 0.0244 0.0320
3 0.0348 0.7350 0.0213 0.0372
3 0.0663 0.6994 0.0258 0.0333
3 0.5063 0.4539 0.0233 0.0288
3 0.4470 0.5471 0.0236 0.0303
3 0.4493 0.6400 0.0237 0.0309
3 0.1815 0.8943 0.0238 0.0295
3 0.6166 0.8044 0.0260 0.0305
3 0.0344 0.8282 0.0226 0.0286
3 0.7976 0.5897 0.0111 0.0283
3 0.4474 0.4496 0.0235 0.0286
1 0.5392 0.8298 0.0218 0.0293
3 0.4772 0.6100 0.0259 0.0336
3 0.1787 0.5692 0.0215 0.0283
3 0.6620 0.7091 0.0229 0.0309
1 0.2095 0.5073 0.0229 0.0288
3 0.6127 0.4907 0.0224 0.0278
3 0.6837 0.6497 0.0216 0.0298
1 0.2103 0.5704 0.0220 0.0279
3 0.2106 0.7310 0.0210 0.0275
1 0.5657 0.4875 0.0232 0.0310
3 0.8191 0.5332 0.0294 0.0300
3 0.9231 0.7757 0.0256 0.0290
1 0.5065 0.5151 0.0257 0.0307
3 0.2731 0.7979 0.0227 0.0313
3 0.3318 0.7669 0.0224 0.0320
3 0.9449 0.5366 0.0221 0.0278
3 0.5069 0.6084 0.0236 0.0280
1 0.0337 0.6988 0.0221 0.0285
1 0.4510 0.7977 0.0238 0.0301
3 0.1560 0.7609 0.0203 0.0315
2 0.6377 0.5534 0.0249 0.0307
3 0.3931 0.9243 0.0247 0.0291
3 0.9186 0.5356 0.0215 0.0291
3 0.7991 0.6809 0.0111 0.0303
1 0.3900 0.5094 0.0230 0.0276
3 0.9478 0.7152 0.0256 0.0290
1 0.8239 0.9272 0.0305 0.0307
1 0.4800 0.7998 0.0226 0.0339
3 0.4203 0.7000 0.0216 0.0295
1 0.5694 0.7978 0.0226 0.0303
3 0.2736 0.7675 0.0233 0.0327
3 0.2742 0.9668 0.0307 0.0413
1 0.0353 0.5700 0.0227 0.0306
3 0.4221 0.7357 0.0213 0.0329
1 0.5672 0.6699 0.0243 0.0311
3 0.3604 0.5742 0.0206 0.0272
1 0.9266 0.8969 0.0210 0.0277
3 0.3316 0.8303 0.0228 0.0310
3 0.7721 0.9260 0.0469 0.0326
3 0.6817 0.4631 0.0206 0.0272
1 0.5081 0.7036 0.0257 0.0310
1 0.0980 0.5049 0.0249 0.0300
3 0.9244 0.8082 0.0195 0.0286
1 0.8234 0.8653 0.0308 0.0307
2 0.6434 0.9651 0.0217 0.0292
3 0.5347 0.4835 0.0235 0.0305
3 0.1548 0.4437 0.0202 0.0269
3 0.3305 0.6676 0.0215 0.0278
3 0.7207 0.5547 0.0426 0.0278
3 0.3037 0.9242 0.0260 0.0309
3 0.7208 0.7093 0.0444 0.0280
3 0.4185 0.4507 0.0211 0.0277
3 0.6635 0.7397 0.0229 0.0309
3 0.5344 0.4537 0.0223 0.0269
3 0.6618 0.6170 0.0229 0.0309
3 0.5067 0.6405 0.0243 0.0296
3 0.6153 0.7111 0.0260 0.0305
1 0.0342 0.9272 0.0273 0.0303
3 0.6838 0.6789 0.0225 0.0278
3 0.6595 0.4605 0.0229 0.0309
3 0.4507 0.7348 0.0244 0.0304
3 0.8183 0.4690 0.0296 0.0276
1 0.0993 0.9283 0.0274 0.0331
3 0.1316 0.5373 0.0244 0.0293
3 0.3907 0.7322 0.0233 0.0301
3 0.1315 0.7666 0.0242 0.0335
3 0.3901 0.4802 0.0208 0.0259
3 0.6664 0.9656 0.0224 0.0362
1 0.1813 0.9247 0.0247 0.0287
3 0.0670 0.8974 0.0251 0.0341
2 0.6426 0.8356 0.0244 0.0338
3 0.8217 0.8034 0.0310 0.0267
1 0.5659 0.5496 0.0250 0.0308
3 0.8029 0.8667 0.0111 0.0303
1 0.4184 0.5109 0.0245 0.0292
1 0.0988 0.4408 0.0240 0.0294
1 0.2725 0.4453 0.0221 0.0270
3 0.4214 0.9649 0.0269 0.0358
3 0.7203 0.6791 0.0451 0.0281
1 0.5670 0.7690 0.0232 0.0338
3 0.8645 0.5032 0.0223 0.0285
3 0.7725 0.9662 0.0469 0.0326
3 0.6167 0.8357 0.0260 0.0305
1 0.5698 0.8915 0.0234 0.0294
3 0.3641 0.9237 0.0256 0.0305
3 0.3305 0.5416 0.0213 0.0287
3 0.7703 0.8354 0.0469 0.0292
3 0.8995 0.8984 0.0190 0.0295
3 0.9254 0.8685 0.0184 0.0289
3 0.6860 0.8039 0.0209 0.0275
3 0.5096 0.8923 0.0236 0.0295
1 0.5061 0.5471 0.0253 0.0306
2 0.6384 0.4913 0.0249 0.0325
3 0.6610 0.5856 0.0229 0.0309
3 0.3605 0.6053 0.0222 0.0278
