1 0.9625 0.6022 0.0227 0.0698
1 0.9544 0.5354 0.0242 0.0652
1 0.9468 0.4674 0.0234 0.0660
1 0.9700 0.6723 0.0227 0.0706
1 0.9770 0.7448 0.0247 0.0774
1 0.9151 0.6848 0.0418 0.0773
1 0.9063 0.6105 0.0448 0.0774
1 0.8940 0.4736 0.0421 0.0675
1 0.8494 0.6192 0.0327 0.0827
1 0.8731 0.6166 0.0302 0.0728
1 0.8886 0.7645 0.0300 0.0834
1 0.9231 0.7577 0.0461 0.0804
3 0.8310 0.8799 0.0467 0.1215
3 0.2141 0.4423 0.0563 0.0772
1 0.9469 0.6776 0.0255 0.0751
1 0.7702 0.7076 0.0517 0.0819
1 0.7285 0.6325 0.0277 0.0789
1 0.1950 0.7733 0.0617 0.0994
1 0.8542 0.6947 0.0300 0.0789
1 0.1216 0.6872 0.0436 0.0910
3 0.4746 0.6645 0.0353 0.0886
3 0.1021 0.9588 0.0478 0.0825
3 0.2867 0.9480 0.0346 0.1039
3 0.4286 0.9420 0.0612 0.1160
1 0.7185 0.4869 0.0273 0.0743
1 0.8827 0.6902 0.0348 0.0774
1 0.7228 0.5578 0.0276 0.0721
1 0.6973 0.5608 0.0333 0.0751
1 0.7580 0.5563 0.0512 0.0736
1 0.8673 0.5434 0.0338 0.0706
1 0.8405 0.5449 0.0338 0.0705
1 0.7531 0.4834 0.0502 0.0736
1 0.8611 0.4747 0.0333 0.0698
1 0.8653 0.7732 0.0342 0.0796
1 0.9321 0.5373 0.0238 0.0660
1 0.8990 0.5396 0.0458 0.0675
1 0.8333 0.4785 0.0298 0.0683
1 0.0575 0.4505 0.0305 0.0759
1 0.0499 0.5298 0.0323 0.0781
1 0.1277 0.6049 0.0422 0.0857
1 0.2004 0.6845 0.0609 0.0918
1 0.1148 0.7778 0.0421 0.0948
1 0.0261 0.7797 0.0315 0.0895
1 0.1070 0.8662 0.0451 0.0986
1 0.1886 0.8616 0.0637 0.0986
1 0.9401 0.6044 0.0239 0.0774
1 0.9566 0.7508 0.0213 0.0774
1 0.6490 0.7247 0.0275 0.0842
1 0.6763 0.7215 0.0348 0.0812
1 0.8184 0.7027 0.0536 0.0781
1 0.8110 0.6242 0.0522 0.0758
1 0.7641 0.6287 0.0520 0.0758
1 0.6406 0.5684 0.0274 0.0797
1 0.8027 0.5506 0.0506 0.0728
1 0.9248 0.4713 0.0222 0.0675
1 0.6917 0.4899 0.0314 0.0743
1 0.7973 0.4827 0.0507 0.0736
1 0.0337 0.6940 0.0320 0.0895
1 0.2044 0.6000 0.0611 0.0895
1 0.0415 0.6098 0.0325 0.0865
3 0.2090 0.5175 0.0581 0.0819
3 0.9625 0.8356 0.0240 0.1000
3 0.9315 0.8472 0.0464 0.1100
3 0.7461 0.8942 0.0311 0.1148
3 0.0651 0.0984 0.0316 0.0660
3 0.0902 0.0981 0.0294 0.0667
3 0.1274 0.0978 0.0554 0.0686
3 0.1683 0.0961 0.0368 0.0693
3 0.2329 0.0941 0.0536 0.0706
3 0.2808 0.0941 0.0504 0.0706
3 0.3167 0.0944 0.0278 0.0673
3 0.3393 0.1617 0.0260 0.0686
3 0.3381 0.2250 0.0267 0.0686
3 0.3359 0.2949 0.0278 0.0752
3 0.3120 0.2270 0.0282 0.0713
3 0.3139 0.1591 0.0294 0.0673
3 0.3340 0.3642 0.0271 0.0766
3 0.3073 0.3665 0.0298 0.0746
3 0.2683 0.3658 0.0547 0.0759
3 0.2721 0.2952 0.0533 0.0733
3 0.2740 0.2260 0.0508 0.0693
3 0.2286 0.1614 0.0536 0.0680
3 0.2248 0.2290 0.0549 0.0673
3 0.2209 0.2976 0.0558 0.0753
3 0.1781 0.3694 0.0289 0.0713
3 0.1829 0.2982 0.0291 0.0713
3 0.1876 0.2290 0.0289 0.0673
3 0.1633 0.1620 0.0391 0.0680
3 0.1587 0.2293 0.0398 0.0719
3 0.1540 0.2979 0.0396 0.0719
3 0.1471 0.3694 0.0416 0.0739
3 0.1036 0.3698 0.0608 0.0812
3 0.1095 0.2976 0.0590 0.0726
3 0.1158 0.2290 0.0572 0.0686
3 0.0837 0.1663 0.0305 0.0686
3 0.0583 0.1663 0.0325 0.0686
3 0.0779 0.2323 0.0319 0.0713
3 0.0702 0.3008 0.0314 0.0713
3 0.0628 0.3731 0.0325 0.0785
3 0.0363 0.3749 0.0355 0.0745
3 0.0282 0.4489 0.0377 0.0746
3 0.1425 0.4443 0.0427 0.0746
3 0.1730 0.4440 0.0328 0.0739
3 0.2651 0.4400 0.0551 0.0766
3 0.3050 0.4397 0.0314 0.0772
3 0.0894 0.5260 0.0633 0.0824
3 0.1357 0.5221 0.0428 0.0792
3 0.3021 0.5167 0.0317 0.0752
3 0.3299 0.5151 0.0282 0.0831
3 0.3317 0.4391 0.0285 0.0768
3 0.3884 0.5112 0.0301 0.0815
3 0.4290 0.5104 0.0550 0.0815
3 0.4736 0.5068 0.0331 0.0791
3 0.4298 0.4332 0.0551 0.0776
3 0.3892 0.4324 0.0296 0.0760
3 0.3599 0.4360 0.0328 0.0767
3 0.3901 0.3640 0.0293 0.0752
3 0.4298 0.3620 0.0540 0.0712
3 0.4719 0.3600 0.0328 0.0704
3 0.5037 0.3608 0.0315 0.0688
3 0.5031 0.2912 0.0306 0.0736
3 0.4715 0.2904 0.0320 0.0689
3 0.3912 0.2923 0.0287 0.0696
3 0.3626 0.2928 0.0306 0.0673
3 0.3641 0.2243 0.0315 0.0681
3 0.4308 0.2251 0.0515 0.0665
3 0.4715 0.2235 0.0315 0.0680
3 0.5021 0.2219 0.0309 0.0665
3 0.3786 0.1594 0.0556 0.0696
3 0.3797 0.0933 0.0556 0.0704
3 0.4311 0.0941 0.0499 0.0688
3 0.4308 0.1598 0.0510 0.0641
3 0.4703 0.0937 0.0301 0.0633
3 0.5017 0.1578 0.0312 0.0633
3 0.5004 0.0937 0.0306 0.0633
3 0.6385 0.4961 0.0258 0.0784
3 0.5400 0.0944 0.0514 0.0643
3 0.5882 0.0964 0.0471 0.0670
3 0.6449 0.0955 0.0284 0.0621
3 0.6485 0.1585 0.0296 0.0638
3 0.6240 0.1590 0.0254 0.0626
3 0.5898 0.1587 0.0495 0.0610
3 0.5415 0.1582 0.0520 0.0621
3 0.5435 0.2228 0.0531 0.0670
3 0.5928 0.2222 0.0495 0.0659
3 0.6515 0.2225 0.0311 0.0632
3 0.6544 0.2860 0.0309 0.0659
3 0.6296 0.2873 0.0256 0.0676
3 0.5447 0.2904 0.0539 0.0681
3 0.5459 0.3582 0.0548 0.0698
3 0.5970 0.3555 0.0516 0.0654
3 0.6577 0.3524 0.0314 0.0670
3 0.6612 0.4206 0.0313 0.0692
3 0.6355 0.4225 0.0265 0.0720
3 0.5992 0.4250 0.0514 0.0703
3 0.5473 0.4297 0.0565 0.0732
3 0.8736 0.2823 0.0460 0.0622
3 0.7474 0.4143 0.0499 0.0698
3 0.8283 0.4115 0.0316 0.0687
3 0.7298 0.1612 0.0467 0.0626
3 0.8548 0.4096 0.0305 0.0670
3 0.8799 0.3459 0.0467 0.0604
3 0.8477 0.3453 0.0320 0.0626
3 0.8231 0.3464 0.0333 0.0615
3 0.7425 0.3497 0.0480 0.0638
3 0.7335 0.2212 0.0476 0.0625
3 0.7386 0.2845 0.0476 0.0655
3 0.7143 0.4167 0.0269 0.0703
3 0.6860 0.3505 0.0303 0.0687
3 0.7097 0.3486 0.0252 0.0681
3 0.7059 0.2846 0.0252 0.0654
3 0.7018 0.2206 0.0241 0.0615
3 0.6788 0.2230 0.0279 0.0621
3 0.6983 0.1598 0.0243 0.0632
3 0.7815 0.2838 0.0495 0.0649
3 0.8162 0.2818 0.0314 0.0621
3 0.7772 0.2233 0.0484 0.0626
3 0.7720 0.1648 0.0478 0.0632
3 0.8052 0.1623 0.0298 0.0593
3 0.8110 0.2236 0.0301 0.0599
3 0.8355 0.2219 0.0313 0.0643
3 0.8297 0.1651 0.0288 0.0605
3 0.8609 0.1653 0.0437 0.0621
3 0.8556 0.1098 0.0437 0.0566
3 0.8246 0.1079 0.0281 0.0604
3 0.8002 0.1071 0.0284 0.0566
3 0.7246 0.1021 0.0461 0.0599
2 0.6935 0.1000 0.0241 0.0588
2 0.6712 0.0983 0.0277 0.0610
3 0.9035 0.1095 0.0269 0.0580
3 0.8897 0.1652 0.0255 0.0613
3 0.9097 0.1666 0.0267 0.0561
3 0.8964 0.2233 0.0253 0.0613
3 0.9166 0.2229 0.0282 0.0594
3 0.9033 0.2836 0.0269 0.0633
3 0.9235 0.2823 0.0289 0.0633
3 0.9307 0.3416 0.0280 0.0607
3 0.9176 0.4053 0.0280 0.0640
3 0.9381 0.4046 0.0287 0.0653
3 0.8996 0.8584 0.0350 0.1170
3 0.8711 0.8719 0.0337 0.1165
3 0.7830 0.8856 0.0567 0.1176
3 0.7188 0.8999 0.0378 0.1220
3 0.6868 0.9079 0.0362 0.1236
3 0.6585 0.9131 0.0311 0.1242
3 0.6183 0.9194 0.0591 0.1247
3 0.5599 0.9329 0.0618 0.1341
3 0.5120 0.9379 0.0345 0.1242
3 0.4771 0.9409 0.0356 0.1182
3 0.3822 0.9445 0.0314 0.1110
3 0.3490 0.9467 0.0358 0.1067
3 0.3176 0.9464 0.0322 0.1072
3 0.2415 0.9491 0.0625 0.1017
3 0.1810 0.9535 0.0678 0.0929
3 0.1367 0.9577 0.0318 0.0847
3 0.0529 0.9585 0.0620 0.0830
3 0.0127 0.9568 0.0255 0.0863
3 0.4735 0.5818 0.0342 0.0815
3 0.4749 0.7492 0.0363 0.0918
3 0.4758 0.8350 0.0377 0.0957
3 0.8835 0.1102 0.0258 0.0580
3 0.9104 0.3443 0.0271 0.0646
3 0.6895 0.4195 0.0313 0.0681
3 0.7670 0.1057 0.0465 0.0594
3 0.8671 0.2233 0.0448 0.0571
3 0.8411 0.2818 0.0316 0.0621
3 0.6747 0.1587 0.0288 0.0632
3 0.6824 0.2860 0.0298 0.0659
3 0.7868 0.3475 0.0508 0.0637
3 0.8870 0.4077 0.0475 0.0643
3 0.7927 0.4145 0.0512 0.0670
3 0.6268 0.2222 0.0252 0.0659
3 0.6326 0.3546 0.0264 0.0682
3 0.5942 0.2876 0.0508 0.0692
3 0.3924 0.2235 0.0279 0.0680
3 0.6213 0.0961 0.0237 0.0643
3 0.6026 0.4993 0.0537 0.0768
3 0.9843 0.8274 0.0281 0.1032
3 0.4708 0.1586 0.0317 0.0665
3 0.4300 0.2908 0.0515 0.0696
3 0.5047 0.4304 0.0317 0.0720
3 0.3614 0.3624 0.0315 0.0752
3 0.0439 0.3028 0.0357 0.0713
3 0.4727 0.4304 0.0328 0.0736
3 0.3584 0.5131 0.0336 0.0823
3 0.2617 0.5179 0.0567 0.0728
3 0.3099 0.2939 0.0296 0.0746
3 0.0515 0.2333 0.0334 0.0693
3 0.1216 0.1630 0.0560 0.0621
3 0.1916 0.1611 0.0285 0.0660
3 0.2168 0.3681 0.0563 0.0726
3 0.2777 0.1604 0.0515 0.0700
3 0.3418 0.0938 0.0246 0.0686
3 0.1962 0.0958 0.0289 0.0673
1 0.0961 0.4494 0.0616 0.0705
1 0.0209 0.5283 0.0377 0.0812
1 0.0150 0.6075 0.0299 0.0865
1 0.0823 0.6075 0.0652 0.0880
1 0.1668 0.5226 0.0330 0.0850
1 0.1614 0.6026 0.0343 0.0842
1 0.2585 0.5984 0.0574 0.0865
1 0.3001 0.5950 0.0335 0.0827
1 0.0116 0.6929 0.0231 0.0872
1 0.0747 0.6906 0.0658 0.0948
1 0.1569 0.6876 0.0341 0.0903
1 0.2557 0.6807 0.0595 0.0948
1 0.2973 0.6777 0.0341 0.0872
1 0.0072 0.7786 0.0143 0.0903
1 0.0660 0.7805 0.0660 0.0941
1 0.1497 0.7740 0.0348 0.0963
1 0.2509 0.7668 0.0593 0.0956
1 0.2937 0.7642 0.0348 0.0963
1 0.0033 0.8692 0.0065 0.0865
1 0.0169 0.8681 0.0338 0.0872
1 0.0586 0.8689 0.0663 0.0872
1 0.1426 0.8658 0.0356 0.0948
1 0.2457 0.8579 0.0629 0.0986
1 0.2900 0.8560 0.0361 0.0978
1 0.3200 0.8514 0.0328 0.0963
1 0.3516 0.8476 0.0361 0.0994
1 0.3533 0.7596 0.0348 0.0948
1 0.3229 0.7623 0.0322 0.0941
1 0.3249 0.6762 0.0307 0.0903
1 0.3552 0.6728 0.0356 0.0910
1 0.3274 0.5935 0.0294 0.0842
1 0.3560 0.5920 0.0346 0.0812
1 0.3833 0.8453 0.0335 0.0978
1 0.4285 0.8400 0.0611 0.0994
1 0.3849 0.7570 0.0330 0.0925
1 0.4289 0.7524 0.0598 0.0925
1 0.4293 0.6675 0.0569 0.0895
1 0.3856 0.6735 0.0315 0.0895
1 0.3869 0.5908 0.0309 0.0804
1 0.4292 0.5867 0.0567 0.0812
1 0.5104 0.8346 0.0343 0.1010
1 0.5582 0.8274 0.0598 0.1062
1 0.6143 0.8191 0.0554 0.1048
1 0.6523 0.8130 0.0270 0.0911
1 0.6818 0.8032 0.0351 0.0895
1 0.7121 0.7986 0.0369 0.0880
1 0.7390 0.7929 0.0309 0.0842
1 0.7753 0.7884 0.0551 0.0842
1 0.8248 0.7827 0.0574 0.0834
1 0.5092 0.7436 0.0372 0.0842
1 0.5562 0.7391 0.0608 0.0903
1 0.6110 0.7311 0.0577 0.0850
1 0.7068 0.7178 0.0356 0.0812
1 0.7342 0.7129 0.0296 0.0804
1 0.7016 0.6382 0.0341 0.0812
1 0.6727 0.6397 0.0351 0.0781
1 0.6687 0.5635 0.0354 0.0743
1 0.6652 0.4906 0.0320 0.0713
1 0.6456 0.6427 0.0281 0.0812
1 0.6080 0.6518 0.0559 0.0766
1 0.6049 0.5726 0.0543 0.0774
1 0.5059 0.5043 0.0351 0.0774
1 0.5499 0.5020 0.0572 0.0774
1 0.5078 0.5798 0.0343 0.0812
1 0.5516 0.5813 0.0585 0.0797
1 0.5540 0.6552 0.0590 0.0804
1 0.5082 0.6587 0.0361 0.0812
