3 0.1280 0.8774 0.0249 0.0297
3 0.8211 0.8784 0.0438 0.0362
3 0.0183 0.8222 0.0222 0.0295
3 0.1039 0.9417 0.0188 0.0273
2 0.1003 0.7552 0.0226 0.0356
3 0.2030 0.8081 0.0232 0.0305
3 0.1517 0.7473 0.0247 0.0329
2 0.6252 0.9805 0.0370 0.0374
3 0.5127 0.7052 0.0327 0.0349
2 0.0955 0.6598 0.0245 0.0318
3 0.0580 0.8184 0.0189 0.0288
3 0.4739 0.7860 0.0333 0.0352
3 0.8189 0.7975 0.0493 0.0407
3 0.3173 0.7664 0.0303 0.0325
2 0.0747 0.6948 0.0253 0.0307
3 0.7778 0.7993 0.0343 0.0410
2 0.8914 0.9679 0.0821 0.0337
3 0.5186 0.9337 0.0335 0.0385
2 0.1833 0.8770 0.0251 0.0342
3 0.1254 0.7494 0.0247 0.0329
3 0.3522 0.9031 0.0276 0.0328
3 0.8669 0.8359 0.0428 0.0391
3 0.3551 0.9390 0.0294 0.0360
2 0.0191 0.7622 0.0223 0.0321
3 0.8226 0.9231 0.0466 0.0452
2 0.0745 0.6646 0.0250 0.0336
2 0.2530 0.7031 0.0283 0.0402
3 0.1019 0.8468 0.0178 0.0284
2 0.3426 0.6210 0.0336 0.0347
3 0.4781 0.9351 0.0344 0.0362
2 0.1850 0.9814 0.0247 0.0344
2 0.0825 0.8809 0.0222 0.0295
3 0.1216 0.6890 0.0247 0.0329
3 0.7024 0.8878 0.0417 0.0358
2 0.1785 0.7463 0.0283 0.0369
2 0.2280 0.7407 0.0295 0.0374
3 0.3112 0.6605 0.0303 0.0325
3 0.3179 0.7996 0.0299 0.0319
3 0.2899 0.9748 0.0291 0.0318
3 0.1277 0.8464 0.0261 0.0301
3 0.8666 0.7922 0.0414 0.0438
3 0.2341 0.9417 0.0266 0.0321
2 0.4386 0.7197 0.0327 0.0390
2 0.1795 0.7779 0.0265 0.0331
3 0.3795 0.8300 0.0303 0.0342
2 0.1012 0.7864 0.0234 0.0339
3 0.9092 0.8753 0.0369 0.0401
3 0.2862 0.8018 0.0300 0.0311
3 0.2896 0.9383 0.0264 0.0309
3 0.3178 0.8330 0.0297 0.0326
3 0.2557 0.8369 0.0249 0.0312
2 0.2003 0.6748 0.0264 0.0338
2 0.1762 0.7132 0.0274 0.0355
3 0.7009 0.8095 0.0395 0.0335
2 0.0174 0.6739 0.0223 0.0321
3 0.3136 0.7297 0.0303 0.0325
3 0.6233 0.9326 0.0360 0.0406
3 0.1779 0.8083 0.0240 0.0322
2 0.2055 0.7768 0.0245 0.0341
3 0.3496 0.8324 0.0315 0.0343
3 0.2801 0.6655 0.0303 0.0325
3 0.4141 0.9007 0.0279 0.0363
3 0.7766 0.7589 0.0367 0.0379
2 0.7003 0.7694 0.0386 0.0403
3 0.4393 0.7877 0.0294 0.0377
3 0.5110 0.6312 0.0341 0.0358
2 0.6576 0.7341 0.0422 0.0445
2 0.1059 0.9785 0.0216 0.0430
3 0.2337 0.9067 0.0273 0.0314
3 0.8677 0.8771 0.0420 0.0365
2 0.9042 0.6194 0.0437 0.0468
3 0.1515 0.8115 0.0225 0.0313
3 0.2864 0.8693 0.0277 0.0298
2 0.6979 0.6842 0.0436 0.0491
3 0.3484 0.7976 0.0307 0.0347
2 0.3445 0.6911 0.0344 0.0413
3 0.3787 0.7931 0.0264 0.0329
3 0.3122 0.6248 0.0303 0.0325
2 0.3764 0.7257 0.0286 0.0398
3 0.1814 0.8436 0.0227 0.0324
2 0.6559 0.6526 0.0428 0.0441
3 0.4738 0.7104 0.0346 0.0356
3 0.7400 0.8436 0.0281 0.0373
2 0.4071 0.6234 0.0238 0.0450
3 0.0812 0.9114 0.0222 0.0295
2 0.2017 0.7096 0.0260 0.0365
3 0.2828 0.7331 0.0303 0.0325
2 0.6158 0.6581 0.0369 0.0426
3 0.1254 0.7815 0.0247 0.0329
2 0.3846 0.9741 0.0281 0.0270
3 0.4449 0.9378 0.0323 0.0361
2 0.5720 0.9763 0.0655 0.0475
3 0.5700 0.8959 0.0637 0.0417
3 0.6181 0.7731 0.0341 0.0366
3 0.2777 0.6328 0.0303 0.0325
2 0.0211 0.9141 0.0222 0.0295
3 0.5664 0.7795 0.0639 0.0417
2 0.6654 0.9802 0.0382 0.0394
2 0.9485 0.7466 0.0450 0.0459
3 0.7810 0.9735 0.0386 0.0434
3 0.7800 0.8396 0.0337 0.0355
2 0.6992 0.7271 0.0412 0.0468
2 0.2596 0.8717 0.0243 0.0360
3 0.7437 0.9270 0.0278 0.0381
3 0.1263 0.8153 0.0247 0.0300
2 0.1056 0.8809 0.0222 0.0295
2 0.4431 0.8655 0.0327 0.0377
3 0.7808 0.8806 0.0317 0.0361
2 0.2297 0.7743 0.0279 0.0349
3 0.7036 0.9257 0.0462 0.0418
3 0.8157 0.6740 0.0478 0.0423
3 0.2286 0.8064 0.0232 0.0311
3 0.8275 0.9730 0.0534 0.0409
3 0.3828 0.9015 0.0262 0.0338
2 0.2552 0.7706 0.0268 0.0334
2 0.2313 0.8754 0.0269 0.0355
2 0.3486 0.7629 0.0336 0.0374
3 0.5674 0.8164 0.0629 0.0410
3 0.7731 0.6770 0.0360 0.0431
2 0.2625 0.9765 0.0247 0.0344
2 0.2034 0.7427 0.0276 0.0377
2 0.0133 0.6436 0.0223 0.0321
2 0.6561 0.6932 0.0429 0.0432
3 0.0609 0.9125 0.0189 0.0288
3 0.0590 0.8499 0.0189 0.0288
3 0.2613 0.9058 0.0228 0.0323
3 0.5710 0.9314 0.0663 0.0406
2 0.9485 0.6185 0.0450 0.0425
2 0.7338 0.6414 0.0355 0.0474
3 0.7419 0.8843 0.0278 0.0381
3 0.8205 0.8385 0.0452 0.0381
2 0.5699 0.8591 0.0670 0.0377
2 0.4402 0.7555 0.0334 0.0369
3 0.6610 0.8098 0.0338 0.0384
2 0.4068 0.7209 0.0343 0.0413
2 0.3525 0.8683 0.0302 0.0340
2 0.0206 0.9801 0.0185 0.0399
3 0.9543 0.9592 0.0439 0.0301
3 0.1842 0.9080 0.0237 0.0297
3 0.6188 0.8128 0.0382 0.0385
2 0.4133 0.8665 0.0289 0.0359
3 0.2084 0.9073 0.0248 0.0292
2 0.7363 0.6834 0.0397 0.0448
2 0.4378 0.6411 0.0264 0.0420
3 0.4713 0.6725 0.0327 0.0325
3 0.7362 0.8052 0.0300 0.0338
2 0.2502 0.6342 0.0253 0.0323
2 0.8634 0.7139 0.0437 0.0468
3 0.9525 0.9186 0.0423 0.0430
3 0.2547 0.8031 0.0270 0.0327
3 0.4435 0.8992 0.0296 0.0365
2 0.9486 0.6614 0.0437 0.0468
3 0.0608 0.9431 0.0189 0.0288
3 0.1241 0.7201 0.0247 0.0329
3 0.1568 0.8765 0.0256 0.0301
2 0.5638 0.6641 0.0632 0.0425
3 0.4744 0.7495 0.0351 0.0352
3 0.4767 0.8590 0.0335 0.0348
2 0.0751 0.7255 0.0262 0.0359
3 0.7746 0.7213 0.0352 0.0383
2 0.8654 0.7550 0.0415 0.0433
3 0.6637 0.9303 0.0371 0.0398
3 0.8696 0.9232 0.0404 0.0464
3 0.0204 0.8524 0.0222 0.0295
2 0.2078 0.8764 0.0246 0.0349
3 0.6620 0.8504 0.0361 0.0375
2 0.6206 0.8554 0.0395 0.0369
3 0.3228 0.9741 0.0336 0.0318
3 0.2619 0.9377 0.0240 0.0331
3 0.5136 0.8221 0.0394 0.0383
3 0.7003 0.8469 0.0404 0.0362
3 0.4422 0.8262 0.0290 0.0369
2 0.6188 0.7372 0.0384 0.0375
3 0.3209 0.9024 0.0317 0.0323
2 0.0200 0.7934 0.0223 0.0321
2 0.0828 0.9838 0.0247 0.0325
2 0.0162 0.7077 0.0223 0.0321
2 0.6173 0.6983 0.0386 0.0425
2 0.0979 0.6886 0.0258 0.0335
2 0.3793 0.7606 0.0313 0.0379
3 0.5163 0.8952 0.0339 0.0361
3 0.3192 0.8683 0.0325 0.0324
3 0.6591 0.7704 0.0391 0.0407
3 0.8170 0.6289 0.0506 0.0439
2 0.2253 0.6723 0.0307 0.0356
3 0.8168 0.7143 0.0463 0.0433
3 0.1578 0.9412 0.0262 0.0302
3 0.1548 0.8441 0.0246 0.0283
3 0.0999 0.8160 0.0199 0.0289
3 0.4098 0.7905 0.0293 0.0371
3 0.1281 0.9426 0.0246 0.0334
3 0.7814 0.9238 0.0345 0.0386
3 0.0776 0.8180 0.0201 0.0295
2 0.2512 0.6661 0.0275 0.0312
2 0.4480 0.9815 0.0308 0.0358
3 0.3818 0.9387 0.0288 0.0334
2 0.3739 0.6183 0.0274 0.0361
3 0.0783 0.8478 0.0208 0.0297
3 0.2316 0.8399 0.0239 0.0312
2 0.0616 0.9831 0.0194 0.0338
3 0.1843 0.9421 0.0255 0.0318
3 0.1472 0.6844 0.0247 0.0329
3 0.1486 0.7154 0.0247 0.0329
3 0.0618 0.8833 0.0189 0.0288
3 0.2815 0.6995 0.0303 0.0325
2 0.0991 0.7206 0.0235 0.0357
2 0.8658 0.6224 0.0437 0.0468
2 0.4056 0.6852 0.0319 0.0381
3 0.7727 0.6327 0.0374 0.0419
3 0.5181 0.9815 0.0408 0.0369
3 0.4109 0.8270 0.0292 0.0363
3 0.2869 0.9037 0.0299 0.0318
3 0.5125 0.7450 0.0321 0.0368
3 0.9506 0.7860 0.0392 0.0402
2 0.9073 0.7109 0.0437 0.0468
2 0.2104 0.9820 0.0247 0.0344
3 0.7372 0.7686 0.0298 0.0348
3 0.4773 0.8988 0.0345 0.0363
3 0.2086 0.9409 0.0203 0.0317
3 0.5117 0.6683 0.0341 0.0358
3 0.6240 0.8932 0.0380 0.0366
3 0.6630 0.8895 0.0344 0.0355
2 0.2360 0.9813 0.0228 0.0311
2 0.9487 0.7046 0.0437 0.0468
3 0.2869 0.8359 0.0284 0.0295
3 0.4796 0.9819 0.0313 0.0362
2 0.5648 0.7428 0.0667 0.0394
2 0.1738 0.6462 0.0275 0.0350
3 0.4746 0.8221 0.0311 0.0350
3 0.0816 0.9414 0.0220 0.0295
2 0.7214 0.9781 0.0755 0.0439
2 0.1740 0.6774 0.0284 0.0353
3 0.1526 0.7788 0.0266 0.0293
3 0.0198 0.8831 0.0180 0.0286
3 0.5163 0.8581 0.0351 0.0329
3 0.1034 0.9110 0.0202 0.0273
2 0.9061 0.7495 0.0452 0.0504
3 0.9085 0.7922 0.0362 0.0373
2 0.3552 0.9738 0.0287 0.0244
2 0.3816 0.8672 0.0277 0.0342
2 0.3744 0.6911 0.0338 0.0417
3 0.1230 0.6558 0.0247 0.0329
2 0.0191 0.7336 0.0223 0.0321
3 0.2848 0.7679 0.0304 0.0333
3 0.1275 0.9087 0.0256 0.0275
3 0.2058 0.8416 0.0213 0.0307
3 0.1486 0.6512 0.0247 0.0330
2 0.2540 0.7375 0.0288 0.0388
3 0.4145 0.9368 0.0307 0.0365
3 0.4696 0.6393 0.0341 0.0358
2 0.3746 0.6536 0.0298 0.0403
3 0.8183 0.7558 0.0468 0.0395
2 0.0788 0.7879 0.0223 0.0321
3 0.3216 0.9377 0.0300 0.0321
2 0.0779 0.7583 0.0231 0.0323
3 0.5135 0.7811 0.0319 0.0373
2 0.8652 0.6698 0.0437 0.0468
3 0.9085 0.8323 0.0358 0.0403
2 0.1599 0.9808 0.0247 0.0344
2 0.9497 0.8308 0.0433 0.0415
2 0.4058 0.6521 0.0275 0.0350
2 0.7358 0.7266 0.0342 0.0427
3 0.0204 0.9435 0.0170 0.0296
2 0.2273 0.7065 0.0294 0.0383
3 0.9499 0.8733 0.0441 0.0418
2 0.1995 0.6452 0.0266 0.0367
2 0.4369 0.6811 0.0349 0.0429
2 0.2230 0.6433 0.0269 0.0352
2 0.4153 0.9802 0.0287 0.0328
2 0.9038 0.6652 0.0437 0.0468
3 0.1315 0.9792 0.0281 0.0416
2 0.4094 0.7569 0.0325 0.0399
3 0.3817 0.8672 0.0275 0.0343
2 0.6987 0.6441 0.0429 0.0505
3 0.3125 0.6945 0.0303 0.0325
3 0.1573 0.9085 0.0258 0.0294
2 0.5657 0.7026 0.0645 0.0402
2 0.3434 0.6537 0.0343 0.0389
3 0.9109 0.9200 0.0365 0.0418
