2 0.1853 0.2446 0.0380 0.0529
3 0.4234 0.2320 0.0450 0.0958
3 0.4140 0.5899 0.0384 0.0858
3 0.3801 0.4374 0.0261 0.0527
1 0.6955 0.5353 0.0798 0.1108
3 0.4108 0.7651 0.0438 0.0809
3 0.3406 0.4936 0.0488 0.0475
3 0.8194 0.2113 0.1463 0.1091
3 0.3332 0.6921 0.0496 0.0471
3 0.2712 0.6418 0.0690 0.0468
1 0.2703 0.7905 0.0688 0.0494
3 0.9466 0.7616 0.1068 0.1067
3 0.1826 0.4901 0.0363 0.0465
3 0.1825 0.4410 0.0359 0.0541
2 0.5994 0.8736 0.0909 0.1297
3 0.9451 0.6560 0.1098 0.0959
1 0.2169 0.7866 0.0378 0.0507
2 0.2205 0.3426 0.0359 0.0512
3 0.5327 0.0534 0.0736 0.1069
1 0.5126 0.7590 0.0727 0.0938
1 0.6115 0.4280 0.0957 0.1025
3 0.2750 0.3940 0.0728 0.0507
3 0.2168 0.5915 0.0349 0.0488
3 0.4142 0.5006 0.0399 0.0832
2 0.3800 0.3400 0.0278 0.0511
2 0.2791 0.1877 0.0725 0.0512
1 0.5168 0.4483 0.0748 0.1126
3 0.2722 0.6911 0.0673 0.0471
3 0.7121 0.0938 0.0723 0.1011
3 0.2174 0.6409 0.0357 0.0504
2 0.3421 0.2380 0.0493 0.0537
3 0.4281 0.0502 0.0450 0.1003
1 0.8596 0.3162 0.0639 0.0916
3 0.2727 0.5916 0.0663 0.0455
2 0.4549 0.8561 0.0418 0.0943
3 0.2755 0.4432 0.0710 0.0481
2 0.3745 0.8482 0.0283 0.0685
1 0.6025 0.6477 0.0936 0.1001
3 0.3356 0.6416 0.0543 0.0473
3 0.6251 0.0939 0.0959 0.1022
3 0.1805 0.5893 0.0353 0.0492
3 0.3800 0.3913 0.0266 0.0496
3 0.9453 0.0426 0.1094 0.0852
3 0.3401 0.4427 0.0491 0.0505
3 0.5325 0.1356 0.0735 0.1538
1 0.5234 0.3431 0.0736 0.1358
3 0.7137 0.0204 0.0723 0.0408
1 0.6174 0.3150 0.0958 0.1022
3 0.3329 0.7423 0.0495 0.0506
3 0.3737 0.7406 0.0303 0.0434
3 0.9479 0.3370 0.1042 0.1052
2 0.5101 0.8625 0.0473 0.0993
3 0.1810 0.6400 0.0334 0.0508
2 0.2767 0.2922 0.0724 0.0568
3 0.2190 0.5418 0.0370 0.0503
3 0.2764 0.4926 0.0714 0.0455
2 0.3814 0.2890 0.0305 0.0502
1 0.5165 0.5546 0.0691 0.0940
1 0.6987 0.4279 0.0842 0.1023
2 0.1833 0.3429 0.0358 0.0536
3 0.2747 0.5437 0.0672 0.0496
3 0.2199 0.4944 0.0364 0.0490
3 0.3780 0.5917 0.0302 0.0472
1 0.8111 0.6483 0.1590 0.1004
2 0.6839 0.8787 0.0770 0.1225
3 0.3375 0.5407 0.0518 0.0455
3 0.8215 0.0998 0.1401 0.1138
2 0.2211 0.2927 0.0348 0.0520
3 0.3397 0.3938 0.0480 0.0484
3 0.9475 0.1228 0.1049 0.1217
3 0.1803 0.7369 0.0360 0.0472
1 0.7032 0.3186 0.0781 0.1033
1 0.1798 0.7872 0.0353 0.0526
3 0.1829 0.3946 0.0379 0.0493
2 0.2783 0.2392 0.0726 0.0531
3 0.3763 0.6415 0.0263 0.0483
2 0.1853 0.1912 0.0387 0.0520
3 0.9474 0.4424 0.1035 0.0983
3 0.4155 0.4111 0.0421 0.0873
3 0.3782 0.5396 0.0277 0.0522
3 0.1805 0.5394 0.0357 0.0490
2 0.3844 0.1842 0.0305 0.0518
3 0.9430 0.8871 0.1141 0.0996
3 0.6890 0.6430 0.0805 0.1020
3 0.8078 0.8794 0.1546 0.1258
3 0.2163 0.7379 0.0365 0.0450
1 0.6072 0.5380 0.0947 0.1025
1 0.5136 0.6570 0.0721 0.1036
1 0.8141 0.5413 0.1540 0.0982
1 0.6009 0.7514 0.0987 0.1106
2 0.3421 0.1859 0.0478 0.0473
1 0.8151 0.4302 0.1534 0.1035
3 0.8202 0.0249 0.1368 0.0498
3 0.3347 0.5908 0.0516 0.0480
2 0.3829 0.2371 0.0312 0.0544
2 0.3391 0.3403 0.0480 0.0555
1 0.6919 0.7547 0.0822 0.1153
3 0.2206 0.3924 0.0368 0.0474
3 0.3799 0.4898 0.0261 0.0494
3 0.4171 0.3199 0.0396 0.0955
3 0.4120 0.6758 0.0389 0.0851
3 0.9473 0.5485 0.1053 0.0982
3 0.8114 0.7605 0.1590 0.1121
3 0.6291 0.0177 0.0959 0.0354
2 0.2766 0.3409 0.0708 0.0506
3 0.4253 0.1364 0.0482 0.1129
3 0.3749 0.6899 0.0302 0.0464
2 0.1835 0.2924 0.0383 0.0542
3 0.3735 0.7900 0.0254 0.0441
2 0.2249 0.1907 0.0362 0.0533
3 0.5288 0.2314 0.0777 0.1584
3 0.2718 0.7408 0.0691 0.0476
3 0.1800 0.6889 0.0336 0.0495
3 0.6200 0.2069 0.0902 0.1052
3 0.2168 0.6910 0.0387 0.0475
1 0.3325 0.7901 0.0500 0.0404
2 0.3402 0.2909 0.0485 0.0560
3 0.2201 0.4419 0.0369 0.0519
3 0.7070 0.2069 0.0766 0.1047
2 0.2230 0.2430 0.0343 0.0522
2 0.4166 0.8554 0.0292 0.0726
3 0.9483 0.2291 0.1035 0.1162
