3 0.0140 0.6367 0.0145 0.0397
2 0.1592 0.3476 0.0160 0.0485
2 0.0270 0.2754 0.0145 0.0427
2 0.2661 0.7346 0.0575 0.0851
2 0.9537 0.1563 0.0923 0.1745
2 0.3720 0.7619 0.0510 0.0999
2 0.2855 0.3393 0.0583 0.0845
2 0.0600 0.2716 0.0181 0.0545
2 0.3553 0.2258 0.0746 0.1047
2 0.5145 0.2160 0.0791 0.1207
2 0.0397 0.3596 0.0163 0.0427
3 0.0674 0.6002 0.0195 0.0397
2 0.1273 0.3713 0.0101 0.0434
2 0.1390 0.4582 0.0189 0.0521
2 0.1120 0.6840 0.0170 0.0345
2 0.1105 0.0887 0.0215 0.0583
3 0.5448 0.6921 0.0626 0.0989
2 0.2015 0.0695 0.0338 0.0542
3 0.1180 0.3304 0.0109 0.0412
3 0.4961 0.5002 0.0662 0.0934
3 0.2106 0.4824 0.0247 0.0552
3 0.1160 0.6007 0.0150 0.0404
2 0.2817 0.4009 0.0576 0.0836
3 0.1516 0.5034 0.0149 0.0432
3 0.2742 0.5984 0.0538 0.0642
2 0.2150 0.3715 0.0274 0.0654
2 0.1907 0.2786 0.0359 0.0682
3 0.0696 0.5612 0.0195 0.0397
2 0.1988 0.1195 0.0375 0.0858
2 0.0833 0.1735 0.0223 0.0578
3 0.0284 0.6027 0.0145 0.0397
2 0.1655 0.2492 0.0177 0.0501
2 0.0489 0.1500 0.0171 0.0464
3 0.1351 0.5070 0.0142 0.0402
3 0.0210 0.4047 0.0145 0.0397
2 0.0589 0.3098 0.0158 0.0431
2 0.0632 0.6701 0.0170 0.0191
3 0.0185 0.5054 0.0145 0.0397
3 0.2041 0.5971 0.0274 0.0628
2 0.0892 0.0645 0.0227 0.0464
3 0.0168 0.5704 0.0145 0.0397
3 0.0724 0.4834 0.0183 0.0451
2 0.1754 0.0641 0.0158 0.0443
3 0.9487 0.4432 0.1026 0.1485
2 0.2883 0.2702 0.0607 0.0875
2 0.2399 0.4190 0.0297 0.0708
3 0.2342 0.5388 0.0248 0.0606
2 0.3494 0.3056 0.0697 0.0946
3 0.0543 0.3791 0.0195 0.0397
2 0.1145 0.3794 0.0106 0.0432
3 0.0168 0.5406 0.0145 0.0397
2 0.2603 0.0646 0.0303 0.0466
2 0.0674 0.0867 0.0200 0.0652
3 0.0993 0.3467 0.0227 0.0528
2 0.4258 0.6792 0.0546 0.0861
3 0.3292 0.6658 0.0622 0.0793
2 0.4912 0.5923 0.0645 0.0955
2 0.0438 0.6670 0.0205 0.0191
3 0.1725 0.5976 0.0319 0.0570
2 0.5105 0.3129 0.0718 0.1215
2 0.1203 0.2457 0.0131 0.0439
3 0.6394 0.4779 0.1077 0.1218
2 0.4016 0.3563 0.0422 0.0865
3 0.1038 0.6004 0.0137 0.0434
2 0.1391 0.0941 0.0124 0.0464
3 0.0715 0.5227 0.0191 0.0426
3 0.3936 0.4354 0.0384 0.0862
3 0.1199 0.5099 0.0124 0.0392
2 0.2211 0.2571 0.0256 0.0634
3 0.0959 0.3889 0.0230 0.0524
3 0.1215 0.4662 0.0147 0.0413
2 0.8109 0.2017 0.2053 0.1810
2 0.0807 0.2500 0.0224 0.0597
3 0.1091 0.4705 0.0138 0.0422
2 0.0253 0.3396 0.0133 0.0420
2 0.5848 0.1823 0.0800 0.1473
2 0.1375 0.1389 0.0111 0.0438
2 0.0866 0.1290 0.0238 0.0656
2 0.1701 0.7077 0.0369 0.0646
2 0.1035 0.2221 0.0206 0.0568
3 0.0927 0.4332 0.0241 0.0533
2 0.1440 0.7033 0.0170 0.0646
2 0.6669 0.1451 0.1091 0.1559
3 0.0737 0.4066 0.0197 0.0492
3 0.3380 0.5222 0.0674 0.0711
3 0.2025 0.6535 0.0245 0.0595
2 0.0309 0.2091 0.0145 0.0427
2 0.6249 0.7030 0.1055 0.1167
2 0.7716 0.8820 0.2077 0.1874
3 0.1308 0.3229 0.0103 0.0389
2 0.2928 0.2026 0.0606 0.0955
3 0.6478 0.3663 0.1061 0.1341
2 0.1550 0.4519 0.0204 0.0554
2 0.1480 0.2649 0.0182 0.0505
2 0.0673 0.1231 0.0200 0.0636
2 0.1271 0.6863 0.0170 0.0343
2 0.0455 0.2205 0.0153 0.0455
2 0.9446 0.5862 0.1073 0.1466
3 0.1204 0.5535 0.0143 0.0387
2 0.1460 0.3133 0.0179 0.0474
2 0.1583 0.4001 0.0149 0.0486
2 0.4788 0.7873 0.0652 0.1263
3 0.2393 0.4744 0.0269 0.0574
3 0.0479 0.5641 0.0195 0.0397
2 0.5728 0.2862 0.0795 0.1266
3 0.0663 0.6422 0.0195 0.0397
2 0.9289 0.9045 0.1375 0.1908
3 0.0454 0.6393 0.0195 0.0397
2 0.0470 0.1890 0.0154 0.0431
2 0.6142 0.8265 0.1081 0.1507
2 0.1010 0.3064 0.0217 0.0519
3 0.1711 0.6518 0.0350 0.0538
3 0.1079 0.5135 0.0130 0.0374
3 0.0853 0.6430 0.0211 0.0434
3 0.3407 0.4509 0.0661 0.0747
2 0.1363 0.1844 0.0129 0.0465
3 0.5592 0.4892 0.0637 0.1033
2 0.0999 0.6827 0.0170 0.0334
2 0.0759 0.3295 0.0242 0.0575
2 0.4475 0.3341 0.0615 0.1038
2 0.2496 0.2360 0.0305 0.0731
2 0.0828 0.2102 0.0216 0.0576
2 0.3004 0.0817 0.0591 0.0834
3 0.1520 0.5513 0.0154 0.0516
2 0.0242 0.3694 0.0145 0.0427
2 0.2123 0.4278 0.0282 0.0673
3 0.5627 0.3909 0.0657 0.1090
3 0.2299 0.5988 0.0319 0.0632
3 0.0913 0.4756 0.0217 0.0458
2 0.1548 0.1218 0.0176 0.0547
3 0.0902 0.5579 0.0211 0.0417
3 0.1316 0.5995 0.0168 0.0446
2 0.1322 0.2792 0.0129 0.0438
3 0.1307 0.6470 0.0170 0.0452
2 0.1846 0.3871 0.0354 0.0660
2 0.4605 0.1636 0.0643 0.1163
2 0.0633 0.1969 0.0177 0.0570
2 0.1334 0.2325 0.0120 0.0415
3 0.4999 0.4074 0.0679 0.1046
2 0.3653 0.0854 0.0709 0.0901
2 0.2458 0.2965 0.0291 0.0659
2 0.0443 0.2565 0.0146 0.0438
3 0.0760 0.3676 0.0238 0.0565
2 0.0323 0.1445 0.0145 0.0527
2 0.1704 0.1488 0.0170 0.0551
2 0.9396 0.7355 0.1176 0.1590
2 0.0481 0.1180 0.0170 0.0586
3 0.0153 0.6015 0.0145 0.0397
2 0.0611 0.2335 0.0126 0.0352
2 0.0323 0.1751 0.0145 0.0427
3 0.0458 0.6019 0.0195 0.0397
2 0.0281 0.2418 0.0145 0.0427
3 0.0362 0.3916 0.0145 0.0397
2 0.2299 0.0846 0.0285 0.0776
2 0.1216 0.2019 0.0136 0.0442
3 0.1238 0.4184 0.0132 0.0427
3 0.0189 0.4697 0.0145 0.0397
3 0.2284 0.6591 0.0260 0.0636
2 0.1030 0.2641 0.0198 0.0517
2 0.1666 0.1989 0.0176 0.0447
3 0.2759 0.5302 0.0582 0.0682
2 0.1423 0.3591 0.0179 0.0412
2 0.1925 0.2268 0.0341 0.0691
2 0.3806 0.6737 0.0362 0.0800
2 0.0727 0.4449 0.0173 0.0493
3 0.0295 0.5692 0.0145 0.0397
2 0.1259 0.0687 0.0140 0.0498
3 0.1355 0.5524 0.0157 0.0426
3 0.0359 0.4273 0.0145 0.0397
3 0.0906 0.5161 0.0216 0.0438
3 0.9526 0.2944 0.0947 0.1556
3 0.0292 0.6380 0.0195 0.0397
2 0.3321 0.5946 0.0632 0.0739
2 0.1736 0.0995 0.0158 0.0576
2 0.4202 0.7782 0.0516 0.1114
2 0.1519 0.1689 0.0167 0.0488
2 0.1413 0.4070 0.0192 0.0520
2 0.0120 0.6602 0.0170 0.0157
2 0.4841 0.6852 0.0611 0.0917
3 0.1472 0.6477 0.0181 0.0481
2 0.2242 0.1994 0.0271 0.0658
3 0.1017 0.6443 0.0136 0.0434
2 0.6705 0.0834 0.1108 0.0832
2 0.3461 0.3808 0.0681 0.0799
2 0.5518 0.5918 0.0639 0.0993
2 0.0783 0.2861 0.0241 0.0562
2 0.1874 0.3318 0.0358 0.0667
3 0.0341 0.4647 0.0145 0.0397
2 0.5234 0.1175 0.0685 0.1281
3 0.1158 0.6466 0.0158 0.0438
2 0.0822 0.6954 0.0238 0.0646
2 0.6561 0.2498 0.1108 0.1378
3 0.4370 0.5067 0.0563 0.0839
2 0.0559 0.3441 0.0129 0.0356
2 0.1810 0.4398 0.0371 0.0604
2 0.4056 0.2756 0.0394 0.0923
3 0.0543 0.4189 0.0195 0.0397
2 0.1234 0.1553 0.0135 0.0451
2 0.1069 0.1387 0.0210 0.0593
3 0.0866 0.6005 0.0215 0.0412
2 0.0894 0.0903 0.0245 0.0692
3 0.0320 0.5012 0.0145 0.0397
3 0.0210 0.4382 0.0145 0.0397
3 0.7863 0.5935 0.2115 0.1259
2 0.3599 0.1527 0.0735 0.1106
2 0.4131 0.1940 0.0423 0.0976
2 0.4643 0.0882 0.0590 0.0924
3 0.7942 0.4662 0.2106 0.1308
2 0.6338 0.5892 0.1024 0.1087
2 0.4525 0.2508 0.0633 0.1173
2 0.1052 0.1791 0.0214 0.0453
2 0.2522 0.1751 0.0310 0.0644
3 0.4388 0.4255 0.0593 0.0929
2 0.1631 0.3001 0.0158 0.0468
3 0.7793 0.7218 0.2067 0.1415
3 0.1784 0.4920 0.0385 0.0614
3 0.8023 0.3319 0.2060 0.1590
2 0.1497 0.2168 0.0170 0.0415
2 0.0645 0.1598 0.0201 0.0607
2 0.2237 0.7293 0.0303 0.0863
2 0.1999 0.7252 0.0234 0.0863
2 0.1580 0.0710 0.0172 0.0528
3 0.1483 0.5991 0.0164 0.0474
2 0.4309 0.5949 0.0537 0.0910
2 0.1178 0.2892 0.0127 0.0439
2 0.0268 0.6653 0.0170 0.0191
2 0.2969 0.1402 0.0599 0.1097
2 0.5385 0.8026 0.0629 0.1276
2 0.9523 0.0716 0.0923 0.0578
2 0.3853 0.5956 0.0372 0.0758
2 0.0419 0.3238 0.0148 0.0438
3 0.2085 0.5405 0.0272 0.0533
3 0.2778 0.4685 0.0571 0.0745
3 0.1080 0.5543 0.0129 0.0400
2 0.2563 0.1132 0.0298 0.0656
2 0.4183 0.1108 0.0412 0.0936
3 0.0532 0.4546 0.0195 0.0397
2 0.0423 0.2914 0.0145 0.0436
2 0.2281 0.1418 0.0278 0.0721
2 0.1259 0.1090 0.0136 0.0548
2 0.2182 0.3145 0.0261 0.0589
2 0.5896 0.0929 0.0707 0.1018
2 0.3228 0.7463 0.0573 0.0891
2 0.1952 0.1714 0.0342 0.0726
2 0.0260 0.3086 0.0145 0.0427
2 0.2424 0.3560 0.0302 0.0579
3 0.2704 0.6631 0.0555 0.0697
3 0.0500 0.5285 0.0195 0.0397
2 0.8104 0.1124 0.1866 0.1405
3 0.0306 0.5331 0.0145 0.0397
3 0.1763 0.5461 0.0412 0.0586
3 0.1108 0.4231 0.0116 0.0425
