2 0.3046 0.3179 0.0657 0.0563
3 0.5062 0.5417 0.0968 0.0679
2 0.2355 0.4192 0.0577 0.0551
2 0.2239 0.4764 0.0605 0.0596
2 0.1728 0.7024 0.0867 0.1150
2 0.5078 0.4841 0.0933 0.0556
3 0.1257 0.5403 0.1139 0.0651
2 0.2845 0.4234 0.0679 0.0510
2 0.7739 0.6999 0.1374 0.1029
2 0.2357 0.7023 0.0905 0.1151
2 0.1699 0.3634 0.1105 0.0538
2 0.3898 0.7009 0.1301 0.1141
2 0.5040 0.4281 0.0869 0.0529
2 0.0135 0.6849 0.0269 0.0779
2 0.2555 0.3189 0.0536 0.0505
2 0.1488 0.4761 0.0976 0.0611
2 0.8229 0.3345 0.0792 0.0492
3 0.7498 0.6095 0.1122 0.0697
3 0.8335 0.6128 0.0585 0.0650
2 0.1827 0.3160 0.1008 0.0525
3 0.0365 0.5393 0.0730 0.0659
3 0.9014 0.6128 0.0814 0.0650
2 0.4184 0.3207 0.0954 0.0553
2 0.8798 0.3352 0.0672 0.0516
2 0.0733 0.3634 0.1166 0.0519
2 0.9244 0.6730 0.1011 0.0508
2 0.0498 0.4751 0.0997 0.0575
2 0.2455 0.3683 0.0529 0.0450
2 0.0770 0.7032 0.1540 0.1145
2 0.6985 0.3328 0.0934 0.0495
3 0.3253 0.5410 0.0595 0.0611
2 0.9775 0.6785 0.0450 0.0673
2 0.3520 0.3187 0.0516 0.0568
3 0.6264 0.6100 0.1348 0.0726
2 0.8357 0.3838 0.0792 0.0474
2 0.8968 0.3849 0.0715 0.0497
2 0.0916 0.3138 0.1124 0.0522
2 0.7650 0.3331 0.0609 0.0482
2 0.5033 0.3251 0.0834 0.0534
3 0.1106 0.6082 0.1118 0.0706
3 0.2696 0.5409 0.0662 0.0651
3 0.8864 0.5469 0.0758 0.0613
2 0.1557 0.4172 0.1135 0.0528
2 0.7183 0.4303 0.1004 0.0518
2 0.4135 0.3729 0.0968 0.0500
2 0.5043 0.3729 0.0848 0.0557
2 0.3453 0.3715 0.0523 0.0472
2 0.8520 0.6899 0.0763 0.0829
2 0.7773 0.3827 0.0616 0.0490
2 0.2968 0.3710 0.0615 0.0500
2 0.2753 0.4757 0.0721 0.0576
2 0.7876 0.4312 0.0651 0.0481
2 0.8512 0.4326 0.0863 0.0490
2 0.9134 0.4336 0.0764 0.0490
2 0.7261 0.4840 0.1047 0.0518
2 0.3378 0.4229 0.0558 0.0482
3 0.0264 0.3150 0.0529 0.0486
2 0.8021 0.4845 0.0658 0.0547
2 0.8653 0.4882 0.0891 0.0547
2 0.4114 0.4238 0.0997 0.0482
2 0.9332 0.4878 0.0792 0.0556
3 0.9651 0.6147 0.0686 0.0650
3 0.7386 0.5450 0.1145 0.0669
3 0.6417 0.7014 0.1541 0.1065
2 0.3308 0.4766 0.0587 0.0595
3 0.6180 0.4823 0.1294 0.0547
3 0.6113 0.4272 0.1258 0.0575
2 0.4114 0.4799 0.1011 0.0548
3 0.6064 0.3749 0.1202 0.0471
2 0.5121 0.6991 0.1173 0.1103
3 0.6032 0.3315 0.1152 0.0471
3 0.3972 0.6082 0.1172 0.0679
3 0.3133 0.6088 0.0652 0.0692
3 0.5087 0.6088 0.1019 0.0665
2 0.3007 0.7009 0.0749 0.1104
3 0.4028 0.5430 0.1141 0.0597
3 0.0274 0.6088 0.0548 0.0692
3 0.2557 0.6088 0.0704 0.0665
3 0.2100 0.5399 0.0665 0.0657
3 0.9590 0.5478 0.0808 0.0631
3 0.8218 0.5445 0.0626 0.0641
3 0.6176 0.5417 0.1298 0.0641
3 0.1956 0.6070 0.0674 0.0684
2 0.7074 0.3799 0.0941 0.0491
2 0.0576 0.4200 0.1152 0.0547
