3 0.3047 0.6013 0.1565 0.0851
2 0.3060 0.6622 0.1534 0.0339
2 0.4539 0.5236 0.1233 0.0707
3 0.4474 0.6617 0.1378 0.0350
3 0.5821 0.6633 0.1400 0.0371
2 0.4533 0.4529 0.1219 0.0688
2 0.6996 0.3921 0.1296 0.0623
2 0.8088 0.7903 0.3823 0.2090
2 0.4304 0.7890 0.3746 0.2144
2 0.5752 0.4538 0.1219 0.0669
2 0.5777 0.3902 0.1170 0.0623
2 0.7008 0.4561 0.1321 0.0661
2 0.3390 0.3855 0.1345 0.0642
2 0.3251 0.4528 0.1345 0.0689
2 0.3217 0.5222 0.1445 0.0707
3 0.7263 0.6649 0.1527 0.0392
2 0.5839 0.5254 0.1321 0.0764
2 0.7123 0.5269 0.1393 0.0772
2 0.1378 0.7869 0.2756 0.2104
3 0.4472 0.6016 0.1375 0.0829
3 0.5818 0.6044 0.1326 0.0832
2 0.4627 0.3869 0.1107 0.0613
3 0.7218 0.6056 0.1457 0.0827
