2 0.8414 0.8409 0.0419 0.1050
2 0.6183 0.6694 0.0578 0.1094
2 0.7005 0.5788 0.0965 0.1413
3 0.2834 0.1724 0.0547 0.1370
2 0.7151 0.2082 0.0970 0.1543
2 0.9761 0.1631 0.0275 0.1146
2 0.0394 0.6494 0.0544 0.0986
3 0.4042 0.3468 0.0601 0.1380
3 0.7057 0.4526 0.0966 0.1533
3 0.4853 0.3668 0.1050 0.1542
2 0.9877 0.7790 0.0246 0.1089
2 0.3469 0.0948 0.0700 0.0944
3 0.2114 0.5651 0.0640 0.1272
2 0.8676 0.1750 0.0411 0.1377
3 0.2169 0.4225 0.0557 0.1399
2 0.8064 0.1412 0.0805 0.1539
3 0.9646 0.5643 0.0314 0.1286
3 0.5742 0.2718 0.0657 0.1432
3 0.1386 0.1337 0.1079 0.1678
2 0.8027 0.2602 0.0850 0.1709
2 0.8701 0.0875 0.0429 0.0774
2 0.6442 0.0770 0.0654 0.0561
3 0.7984 0.3730 0.0820 0.1472
2 0.4688 0.7650 0.1132 0.1682
2 0.9623 0.7677 0.0297 0.1089
2 0.7881 0.6000 0.0805 0.1346
2 0.3324 0.5929 0.0639 0.1395
2 0.5774 0.1454 0.0686 0.1448
2 0.6940 0.8210 0.0993 0.1648
3 0.6340 0.2988 0.0611 0.1403
2 0.8528 0.5052 0.0411 0.1377
2 0.5829 0.0738 0.0654 0.0459
2 0.9934 0.3699 0.0133 0.1146
2 0.9047 0.1983 0.0426 0.1430
2 0.8581 0.4029 0.0411 0.1377
2 0.6256 0.5480 0.0646 0.1330
3 0.1259 0.5414 0.1151 0.1448
2 0.3987 0.4809 0.0638 0.1388
3 0.4911 0.2394 0.1038 0.1608
2 0.7197 0.1119 0.0944 0.1061
2 0.4961 0.1246 0.1065 0.1438
2 0.7796 0.8268 0.0805 0.1209
3 0.7925 0.4861 0.0766 0.1385
2 0.8431 0.7245 0.0411 0.1377
2 0.8648 0.2881 0.0411 0.1377
2 0.8488 0.6245 0.0411 0.1377
3 0.2098 0.6765 0.0593 0.1206
3 0.2882 0.0833 0.0622 0.0712
2 0.6153 0.8029 0.0607 0.1581
2 0.9384 0.3347 0.0426 0.1430
2 0.8967 0.4199 0.0411 0.1377
3 0.2245 0.1546 0.0618 0.1228
2 0.3906 0.5989 0.0667 0.1068
2 0.4794 0.4985 0.1088 0.1452
3 0.1352 0.2701 0.1066 0.1556
3 0.0564 0.1162 0.0594 0.1259
2 0.5508 0.7893 0.0736 0.1580
2 0.8850 0.7517 0.0453 0.1203
2 0.9931 0.1710 0.0137 0.1146
2 0.9411 0.8590 0.0616 0.1050
2 0.7850 0.7165 0.0805 0.1209
3 0.1288 0.4062 0.1139 0.1551
2 0.5635 0.5270 0.0628 0.1392
2 0.3284 0.7060 0.0635 0.1189
2 0.2676 0.7023 0.0578 0.1438
2 0.8887 0.6347 0.0411 0.1377
2 0.9416 0.2261 0.0390 0.1270
3 0.2682 0.5732 0.0618 0.1265
2 0.9725 0.3494 0.0275 0.1430
3 0.5668 0.3987 0.0702 0.1426
2 0.3882 0.7315 0.0619 0.1256
2 0.8977 0.2968 0.0397 0.1098
2 0.9082 0.1040 0.0426 0.1043
2 0.9300 0.7677 0.0426 0.1112
2 0.9634 0.6643 0.0297 0.1090
2 0.3364 0.4681 0.0710 0.1395
2 0.9304 0.6563 0.0426 0.1112
3 0.7110 0.3381 0.0965 0.1522
3 0.6301 0.4181 0.0628 0.1290
3 0.0457 0.2497 0.0638 0.1279
3 0.2236 0.2872 0.0658 0.1379
3 0.0405 0.5269 0.0564 0.1231
3 0.6941 0.7003 0.1032 0.1325
2 0.9748 0.2557 0.0275 0.1146
3 0.2781 0.3080 0.0522 0.1369
3 0.2259 0.0726 0.0622 0.0451
3 0.3462 0.1968 0.0636 0.1410
2 0.1234 0.6523 0.1120 0.0878
3 0.3433 0.3301 0.0658 0.1476
2 0.9459 0.1335 0.0426 0.1430
3 0.4078 0.2170 0.0597 0.1444
2 0.8918 0.5290 0.0411 0.1377
3 0.9379 0.4404 0.0411 0.1377
3 0.9313 0.5461 0.0411 0.1377
2 0.9929 0.2676 0.0142 0.1146
2 0.4121 0.1044 0.0638 0.1104
3 0.0425 0.3912 0.0593 0.1423
2 0.9890 0.6813 0.0219 0.1090
2 0.4747 0.6212 0.1092 0.1222
3 0.9913 0.4813 0.0174 0.1286
2 0.5589 0.6534 0.0665 0.1331
3 0.9717 0.4597 0.0314 0.1286
3 0.2738 0.4456 0.0552 0.1387
2 0.6391 0.1670 0.0654 0.1563
3 0.9893 0.5836 0.0214 0.1286
2 0.8876 0.8582 0.0530 0.1081
