2 0.1462 0.6862 0.0907 0.0394
2 0.4573 0.7269 0.0883 0.0379
2 0.7122 0.5251 0.1073 0.0385
2 0.7048 0.6866 0.1053 0.0393
2 0.2362 0.6858 0.0747 0.0406
2 0.1533 0.4009 0.1030 0.0392
3 0.1503 0.8462 0.1000 0.0384
2 0.3444 0.4851 0.1311 0.0424
3 0.6971 0.9647 0.1007 0.0368
3 0.3403 0.9247 0.1294 0.0371
2 0.7968 0.8063 0.0703 0.0369
2 0.7071 0.6069 0.1090 0.0394
2 0.3391 0.6873 0.1350 0.0405
2 0.5777 0.6072 0.1361 0.0393
2 0.2361 0.6463 0.0722 0.0398
2 0.3399 0.7281 0.1329 0.0399
2 0.7975 0.7660 0.0780 0.0380
3 0.4552 0.8865 0.0860 0.0396
3 0.7026 0.9248 0.1068 0.0377
2 0.4578 0.6867 0.0879 0.0397
3 0.3419 0.8454 0.1280 0.0365
2 0.3480 0.4019 0.1324 0.0477
3 0.7933 0.9644 0.0781 0.0379
2 0.7174 0.4007 0.1074 0.0474
2 0.4633 0.4445 0.0931 0.0407
2 0.1493 0.4454 0.0973 0.0375
2 0.2348 0.7668 0.0737 0.0373
3 0.7948 0.8446 0.0700 0.0353
2 0.3463 0.5255 0.1347 0.0425
2 0.7058 0.6469 0.1079 0.0386
3 0.5777 0.8460 0.1355 0.0372
2 0.5765 0.8047 0.1404 0.0386
2 0.2352 0.6074 0.0725 0.0370
2 0.2387 0.5252 0.0746 0.0382
2 0.7033 0.8043 0.1063 0.0407
3 0.2335 0.9651 0.0688 0.0358
2 0.2403 0.4021 0.0779 0.0435
3 0.2345 0.9268 0.0727 0.0398
2 0.2334 0.7280 0.0703 0.0367
2 0.2399 0.4442 0.0746 0.0408
2 0.4656 0.4022 0.0971 0.0461
3 0.3380 0.9630 0.1276 0.0331
2 0.1473 0.7677 0.0964 0.0363
2 0.1467 0.4861 0.0988 0.0377
2 0.2351 0.8056 0.0725 0.0389
2 0.8017 0.6479 0.0778 0.0406
2 0.4640 0.4844 0.0924 0.0409
2 0.1459 0.7270 0.0912 0.0387
2 0.5854 0.4025 0.1377 0.0461
2 0.7979 0.7281 0.0767 0.0411
2 0.8099 0.4860 0.0782 0.0398
3 0.5732 0.9641 0.1374 0.0340
2 0.5866 0.4439 0.1418 0.0397
3 0.5710 0.9248 0.1363 0.0368
2 0.3402 0.7668 0.1284 0.0367
2 0.8002 0.6872 0.0793 0.0401
3 0.4535 0.9257 0.0942 0.0393
2 0.7015 0.7667 0.1071 0.0374
2 0.1453 0.6465 0.0938 0.0383
2 0.2373 0.4856 0.0734 0.0404
2 0.7131 0.4840 0.1076 0.0443
2 0.1489 0.5267 0.0975 0.0374
2 0.5780 0.6875 0.1347 0.0384
2 0.5781 0.6473 0.1346 0.0408
2 0.3474 0.4443 0.1287 0.0403
2 0.4584 0.6069 0.0899 0.0386
2 0.7087 0.5661 0.1084 0.0399
2 0.5833 0.5264 0.1414 0.0416
3 0.6990 0.8862 0.1021 0.0396
2 0.3408 0.8049 0.1286 0.0386
2 0.8041 0.6065 0.0778 0.0383
2 0.3438 0.5674 0.1300 0.0408
3 0.5751 0.8851 0.1333 0.0364
2 0.3433 0.6071 0.1319 0.0395
3 0.1462 0.8850 0.0975 0.0358
2 0.4556 0.7652 0.0916 0.0355
2 0.5831 0.4844 0.1441 0.0440
2 0.1473 0.5657 0.0924 0.0405
2 0.7029 0.7273 0.1073 0.0376
2 0.4619 0.5248 0.0910 0.0397
2 0.8078 0.5269 0.0781 0.0388
3 0.1507 0.9272 0.0890 0.0379
3 0.4591 0.8445 0.0876 0.0394
2 0.1471 0.8055 0.0929 0.0383
2 0.4614 0.5655 0.0935 0.0412
3 0.1512 0.9666 0.0919 0.0331
3 0.4515 0.9625 0.0940 0.0325
2 0.4559 0.8054 0.0883 0.0386
2 0.2358 0.5667 0.0733 0.0398
3 0.7938 0.8840 0.0765 0.0379
2 0.5744 0.7665 0.1367 0.0365
2 0.5805 0.5670 0.1339 0.0401
2 0.7159 0.4421 0.1087 0.0369
2 0.8137 0.4459 0.0764 0.0385
3 0.3372 0.8857 0.1327 0.0376
2 0.1470 0.6066 0.0919 0.0392
3 0.7960 0.9249 0.0716 0.0376
2 0.3404 0.6479 0.1333 0.0408
2 0.8052 0.5678 0.0775 0.0404
3 0.7007 0.8454 0.1016 0.0351
2 0.8157 0.4011 0.0784 0.0442
3 0.2324 0.8454 0.0676 0.0374
2 0.4582 0.6469 0.0906 0.0383
2 0.5750 0.7278 0.1378 0.0399
3 0.2338 0.8860 0.0704 0.0383
