3 0.6630 0.1676 0.2749 0.1731
3 0.2623 0.0577 0.1535 0.0986
2 0.4372 0.5120 0.1751 0.1611
3 0.6617 0.0453 0.2813 0.0751
2 0.1429 0.8649 0.1161 0.2034
3 0.8791 0.1653 0.1390 0.1613
2 0.8827 0.8481 0.1488 0.1998
3 0.1198 0.0622 0.1263 0.1061
2 0.1424 0.6766 0.1236 0.1612
3 0.2669 0.1936 0.1498 0.1571
2 0.4306 0.1813 0.1747 0.1748
2 0.4493 0.6721 0.1540 0.1607
2 0.4356 0.3463 0.1858 0.1676
2 0.4486 0.8632 0.1686 0.2015
3 0.4275 0.0567 0.1797 0.1003
3 0.8794 0.3316 0.1355 0.1607
3 0.6677 0.5060 0.2755 0.1664
3 0.6656 0.3352 0.2805 0.1678
2 0.2814 0.6790 0.1540 0.1546
3 0.1370 0.5199 0.1258 0.1485
2 0.8842 0.6628 0.1398 0.1584
3 0.8775 0.0429 0.1390 0.0665
2 0.6704 0.6599 0.2696 0.1668
3 0.8805 0.5005 0.1406 0.1635
2 0.6694 0.8589 0.2696 0.2046
2 0.2834 0.8620 0.1504 0.2029
3 0.1240 0.2030 0.1194 0.1575
3 0.1329 0.3607 0.1167 0.1612
3 0.2718 0.3549 0.1582 0.1549
3 0.2752 0.5180 0.1458 0.1603
