2 0.2645 0.2734 0.1730 0.0822
2 0.9725 0.5607 0.0550 0.0976
3 0.2172 0.4401 0.1966 0.0870
2 0.9333 0.3620 0.1319 0.0886
3 0.6265 0.5609 0.2071 0.1117
2 0.6090 0.2762 0.1660 0.0822
2 0.8554 0.7468 0.1930 0.2378
2 0.6599 0.7367 0.2675 0.2394
3 0.0844 0.4380 0.1123 0.0897
2 0.0530 0.7111 0.1060 0.2084
2 0.9408 0.7457 0.1184 0.2540
3 0.1923 0.5487 0.1990 0.1256
2 0.6258 0.4530 0.1954 0.0979
2 0.8193 0.2771 0.0878 0.0817
2 0.1560 0.2696 0.0998 0.0833
3 0.7896 0.5375 0.1300 0.0641
2 0.9130 0.5617 0.1380 0.1075
2 0.7322 0.2743 0.1130 0.0833
3 0.3983 0.5515 0.2535 0.1223
2 0.1397 0.7247 0.2074 0.2181
2 0.6161 0.3607 0.1782 0.0816
2 0.7515 0.3593 0.1211 0.0816
2 0.8446 0.3607 0.1121 0.0870
2 0.7759 0.4530 0.1355 0.0979
2 0.8752 0.4578 0.1242 0.0991
2 0.1245 0.3518 0.1171 0.0802
2 0.2405 0.3532 0.1842 0.0748
2 0.9504 0.4595 0.0991 0.1075
3 0.4291 0.2781 0.1926 0.0713
3 0.4186 0.3564 0.2146 0.0804
3 0.3724 0.7287 0.3054 0.2297
3 0.4182 0.4429 0.2153 0.0906
3 0.0481 0.5443 0.0961 0.1167
2 0.9186 0.2789 0.1629 0.0886
