1 0.4866 0.8901 0.1117 0.0315
1 0.8004 0.5858 0.1351 0.0316
1 0.9205 0.7542 0.0823 0.0322
1 0.0786 0.6171 0.1151 0.0324
1 0.4825 0.7549 0.1119 0.0323
1 0.9162 0.4866 0.0867 0.0323
1 0.9199 0.6207 0.0831 0.0323
1 0.1911 0.7192 0.0830 0.0327
2 0.6412 0.9235 0.1743 0.0302
1 0.3339 0.8233 0.1711 0.0322
1 0.9211 0.8888 0.0821 0.0308
1 0.8013 0.6880 0.1269 0.0309
1 0.4851 0.8229 0.1094 0.0315
1 0.6391 0.7215 0.1818 0.0282
1 0.0773 0.5832 0.1133 0.0318
3 0.9180 0.9237 0.0845 0.0336
2 0.8030 0.9240 0.1356 0.0304
1 0.1965 0.7885 0.0904 0.0324
1 0.0768 0.5494 0.1163 0.0321
1 0.4871 0.7902 0.1166 0.0327
1 0.3279 0.6174 0.1781 0.0333
1 0.9151 0.5538 0.0920 0.0319
1 0.0739 0.4470 0.1162 0.0316
1 0.1924 0.7535 0.0816 0.0323
1 0.0843 0.8904 0.1200 0.0314
1 0.9204 0.7876 0.0818 0.0327
1 0.4851 0.8566 0.1102 0.0337
1 0.1865 0.5835 0.0832 0.0325
1 0.4806 0.5850 0.1216 0.0347
1 0.6403 0.7545 0.1802 0.0331
2 0.0835 0.9584 0.1195 0.0303
1 0.0853 0.8556 0.1156 0.0315
1 0.9189 0.6880 0.0787 0.0312
1 0.3303 0.5500 0.1740 0.0341
1 0.3339 0.8567 0.1752 0.0321
1 0.3334 0.7531 0.1673 0.0322
2 0.2044 0.9584 0.0934 0.0307
1 0.6350 0.5186 0.1771 0.0333
1 0.4801 0.6538 0.1179 0.0315
1 0.7972 0.5538 0.1296 0.0331
2 0.4825 0.9589 0.1181 0.0326
1 0.6407 0.6531 0.1867 0.0303
1 0.4762 0.4838 0.1126 0.0334
1 0.6366 0.5535 0.1801 0.0295
1 0.4816 0.6192 0.1177 0.0332
1 0.3220 0.5149 0.1787 0.0335
1 0.6370 0.6197 0.1834 0.0334
1 0.3363 0.8913 0.1719 0.0315
1 0.9177 0.5197 0.0856 0.0301
1 0.9193 0.7202 0.0819 0.0313
1 0.8028 0.7885 0.1384 0.0326
1 0.9156 0.4532 0.0894 0.0321
1 0.6414 0.7893 0.1768 0.0323
1 0.1888 0.6177 0.0841 0.0333
1 0.1987 0.8907 0.0867 0.0335
1 0.1896 0.6516 0.0840 0.0321
1 0.1964 0.8563 0.0857 0.0317
2 0.3359 0.9229 0.1686 0.0297
1 0.8043 0.8895 0.1334 0.0309
1 0.1965 0.8226 0.0880 0.0310
1 0.7938 0.5195 0.1299 0.0327
1 0.9187 0.8574 0.0889 0.0314
1 0.0856 0.8242 0.1161 0.0317
2 0.0867 0.9242 0.1178 0.0315
1 0.6315 0.4495 0.1718 0.0326
1 0.3318 0.7193 0.1737 0.0321
1 0.6409 0.8560 0.1766 0.0310
1 0.1860 0.4804 0.0859 0.0324
1 0.8041 0.7211 0.1427 0.0303
1 0.9198 0.8217 0.0812 0.0314
1 0.8020 0.6550 0.1208 0.0315
1 0.1868 0.5143 0.0847 0.0326
1 0.0740 0.4794 0.1181 0.0320
2 0.6391 0.9582 0.1826 0.0319
1 0.8033 0.8574 0.1313 0.0293
1 0.0825 0.7902 0.1229 0.0324
1 0.4798 0.4488 0.1129 0.0340
2 0.9199 0.9580 0.0874 0.0314
1 0.1910 0.6855 0.0885 0.0321
1 0.0808 0.6860 0.1187 0.0319
2 0.3381 0.9590 0.1667 0.0329
1 0.0784 0.7526 0.1180 0.0319
1 0.9169 0.5869 0.0849 0.0323
1 0.4831 0.7203 0.1119 0.0318
1 0.9211 0.6544 0.0851 0.0315
1 0.1854 0.4463 0.0845 0.0330
1 0.6392 0.6869 0.1821 0.0322
1 0.3323 0.6856 0.1723 0.0340
1 0.3232 0.4819 0.1755 0.0302
1 0.0806 0.7193 0.1158 0.0322
1 0.8009 0.6212 0.1338 0.0317
1 0.3336 0.7894 0.1717 0.0312
1 0.8030 0.8218 0.1396 0.0326
2 0.8031 0.9572 0.1403 0.0314
1 0.6413 0.8236 0.1757 0.0317
1 0.1890 0.5491 0.0860 0.0326
1 0.4798 0.5510 0.1249 0.0320
2 0.4877 0.9239 0.1167 0.0313
1 0.0799 0.6526 0.1177 0.0312
1 0.4829 0.6869 0.1115 0.0329
1 0.6432 0.8910 0.1787 0.0304
1 0.6371 0.5856 0.1810 0.0329
1 0.3308 0.5842 0.1709 0.0337
1 0.3308 0.6518 0.1668 0.0330
1 0.3216 0.4476 0.1754 0.0335
1 0.4825 0.5158 0.1250 0.0323
1 0.7953 0.4524 0.1357 0.0306
1 0.8017 0.7563 0.1362 0.0290
1 0.0741 0.5138 0.1191 0.0323
1 0.7978 0.4852 0.1275 0.0322
1 0.6358 0.4834 0.1794 0.0324
3 0.1999 0.9237 0.0868 0.0323
