2 0.9633 0.2896 0.0734 0.0550
2 0.0570 0.6665 0.1140 0.0759
3 0.1763 0.5956 0.1417 0.1254
3 0.3931 0.5989 0.1429 0.1156
3 0.5409 0.5981 0.1551 0.1140
3 0.6740 0.5997 0.1455 0.1140
3 0.7851 0.6046 0.1162 0.1205
2 0.2396 0.7712 0.1619 0.2296
2 0.3740 0.7712 0.1826 0.2205
2 0.5505 0.7758 0.1877 0.2296
2 0.7116 0.7747 0.1826 0.2227
2 0.8347 0.7758 0.1671 0.2205
2 0.9221 0.7666 0.1558 0.2113
2 0.3051 0.4853 0.1102 0.0942
2 0.4033 0.4888 0.1275 0.0965
2 0.6599 0.4934 0.1309 0.0965
2 0.7546 0.4980 0.1068 0.0965
2 0.8450 0.4968 0.1292 0.0942
2 0.2368 0.3942 0.1120 0.0804
2 0.3241 0.3994 0.0962 0.0746
2 0.5293 0.4071 0.1191 0.0823
2 0.8932 0.4138 0.1091 0.0765
2 0.9566 0.4205 0.0867 0.0785
2 0.3356 0.3267 0.0876 0.0670
2 0.2804 0.2638 0.0902 0.0552
2 0.0631 0.5805 0.1262 0.0922
3 0.8792 0.6038 0.1067 0.1156
3 0.2840 0.5932 0.1013 0.1173
2 0.2638 0.3196 0.0991 0.0644
2 0.8098 0.4097 0.1208 0.0759
2 0.1228 0.7713 0.1924 0.2206
3 0.9646 0.6038 0.0708 0.1156
2 0.0661 0.3334 0.1261 0.0695
2 0.4326 0.2091 0.0878 0.0642
2 0.1204 0.4429 0.1400 0.0632
2 0.9498 0.2360 0.1005 0.0618
2 0.6109 0.2185 0.0919 0.0685
2 0.9370 0.3468 0.1220 0.0612
2 0.0407 0.4436 0.0814 0.0647
2 0.5333 0.4950 0.1326 0.0905
2 0.7095 0.3353 0.0861 0.0651
2 0.2112 0.4838 0.1292 0.0974
2 0.3485 0.2667 0.0795 0.0605
2 0.5287 0.3325 0.1145 0.0671
2 0.9350 0.4986 0.1300 0.0977
2 0.4138 0.3999 0.1120 0.0850
2 0.7324 0.4093 0.0919 0.0819
2 0.6961 0.2779 0.0737 0.0614
2 0.0524 0.3910 0.1038 0.0492
2 0.7640 0.2842 0.0975 0.0586
2 0.5254 0.2704 0.1070 0.0616
2 0.6226 0.2759 0.0933 0.0574
2 0.0941 0.5010 0.1443 0.0632
2 0.8602 0.3401 0.1005 0.0632
2 0.8336 0.2855 0.0933 0.0536
2 0.4274 0.2664 0.0904 0.0574
2 0.9057 0.2891 0.1103 0.0600
2 0.4238 0.3292 0.0976 0.0652
2 0.7870 0.3372 0.1062 0.0651
2 0.6449 0.4076 0.1148 0.0833
2 0.0396 0.5006 0.0791 0.0647
2 0.1435 0.3920 0.1258 0.0545
2 0.6313 0.3355 0.0962 0.0647
2 0.0403 0.7784 0.0805 0.1436
2 0.8768 0.2336 0.1041 0.0618
2 0.5246 0.2140 0.0996 0.0709
2 0.7428 0.2278 0.0910 0.0642
2 0.8074 0.2327 0.0805 0.0618
2 0.2982 0.2040 0.0901 0.0697
2 0.3612 0.2064 0.0679 0.0648
2 0.6785 0.2209 0.0724 0.0721
2 0.1686 0.3309 0.1258 0.0741
