1 0.6079 0.0521 0.0244 0.0461
1 0.2859 0.0647 0.0229 0.0451
1 0.6343 0.0952 0.0264 0.0420
2 0.7659 0.1550 0.0181 0.0803
1 0.5555 0.0463 0.0285 0.0456
2 0.9248 0.0780 0.0481 0.0819
1 0.4740 0.2058 0.0232 0.0405
2 0.9397 0.3741 0.1206 0.1991
2 0.7912 0.3663 0.0582 0.2096
2 0.9907 0.0264 0.0186 0.0528
1 0.5559 0.0871 0.0292 0.0441
1 0.4679 0.2425 0.0120 0.0349
2 0.9905 0.0927 0.0190 0.0777
1 0.3053 0.0224 0.0162 0.0380
2 0.8931 0.0159 0.0171 0.0318
2 0.9652 0.0832 0.0342 0.0798
1 0.5266 0.2071 0.0306 0.0420
1 0.5267 0.1250 0.0291 0.0511
1 0.5270 0.1663 0.0294 0.0395
2 0.8427 0.1459 0.0242 0.0795
1 0.4991 0.0818 0.0257 0.0476
1 0.4738 0.0782 0.0236 0.0405
1 0.4995 0.1230 0.0272 0.0441
2 0.1078 0.3076 0.1490 0.2306
1 0.3049 0.1052 0.0157 0.0360
2 0.5665 0.3548 0.1254 0.2033
2 0.9395 0.5761 0.1210 0.2180
2 0.3099 0.5552 0.1080 0.2343
2 0.1071 0.5451 0.1502 0.2419
2 0.2193 0.5457 0.0747 0.2280
2 0.9401 0.8154 0.1198 0.2734
2 0.0163 0.5413 0.0325 0.2343
2 0.0167 0.7719 0.0333 0.2318
2 0.4304 0.8054 0.1409 0.2734
2 0.3076 0.7876 0.1072 0.2482
2 0.8488 0.5735 0.0635 0.2129
2 0.3070 0.3411 0.1118 0.1973
2 0.8429 0.0635 0.0255 0.0838
1 0.6086 0.1369 0.0252 0.0486
1 0.6080 0.2167 0.0233 0.0481
2 0.7816 0.1514 0.0150 0.0817
1 0.5270 0.0425 0.0285 0.0441
1 0.6343 0.1354 0.0264 0.0476
1 0.6082 0.0924 0.0244 0.0425
2 0.8503 0.3649 0.0609 0.2096
1 0.3046 0.1480 0.0166 0.0496
1 0.4996 0.1645 0.0264 0.0441
1 0.4991 0.2055 0.0278 0.0431
2 0.8181 0.0614 0.0253 0.0838
2 0.8182 0.1383 0.0255 0.0787
1 0.3046 0.1940 0.0163 0.0425
2 0.6612 0.3591 0.0688 0.2061
2 0.9238 0.1599 0.0481 0.0861
2 0.7275 0.5679 0.0693 0.2192
2 0.9646 0.0269 0.0329 0.0538
1 0.4744 0.1187 0.0240 0.0486
1 0.4736 0.0374 0.0233 0.0451
1 0.5560 0.2106 0.0282 0.0481
1 0.5834 0.0493 0.0252 0.0415
1 0.5547 0.1281 0.0275 0.0491
1 0.5557 0.1673 0.0286 0.0415
1 0.5836 0.1749 0.0264 0.0375
1 0.5837 0.2174 0.0260 0.0476
2 0.7269 0.8060 0.0704 0.2570
1 0.0096 0.0925 0.0192 0.0481
2 0.8486 0.8173 0.0631 0.2772
2 0.9897 0.1693 0.0206 0.0798
2 0.7288 0.3613 0.0693 0.2091
1 0.6339 0.1787 0.0266 0.0380
1 0.6086 0.1764 0.0240 0.0425
1 0.5827 0.1324 0.0277 0.0496
1 0.6335 0.0548 0.0271 0.0430
2 0.8430 0.1915 0.0231 0.0175
2 0.7908 0.5761 0.0573 0.2180
1 0.4991 0.0387 0.0266 0.0446
1 0.4744 0.1628 0.0240 0.0375
1 0.5834 0.0914 0.0255 0.0405
1 0.2861 0.0208 0.0230 0.0417
1 0.3051 0.0642 0.0162 0.0441
2 0.8187 0.1886 0.0251 0.0219
1 0.0265 0.1302 0.0159 0.0314
2 0.5644 0.5591 0.1254 0.2293
2 0.6592 0.8110 0.0658 0.2696
1 0.5268 0.0833 0.0296 0.0446
2 0.0171 0.3038 0.0341 0.2381
2 0.7900 0.8110 0.0573 0.2646
2 0.2172 0.7844 0.0743 0.2318
2 0.6603 0.5622 0.0666 0.2205
1 0.0101 0.1390 0.0201 0.0430
2 0.1067 0.7794 0.1482 0.2545
1 0.2875 0.1475 0.0171 0.0456
1 0.2877 0.1925 0.0177 0.0446
1 0.2896 0.1067 0.0143 0.0380
2 0.9644 0.1651 0.0319 0.0882
2 0.4334 0.3526 0.1424 0.1973
2 0.5630 0.8117 0.1250 0.2734
2 0.4324 0.5559 0.1424 0.2306
2 0.9252 0.0227 0.0477 0.0454
2 0.8935 0.0727 0.0184 0.0840
2 0.8930 0.1530 0.0168 0.0829
1 0.0268 0.0937 0.0156 0.0446
