3 0.1529 0.5897 0.0782 0.1199
3 0.8285 0.4926 0.0864 0.1184
3 0.1067 0.4663 0.0836 0.1126
3 0.2356 0.4714 0.0885 0.1140
3 0.3275 0.4751 0.1250 0.1155
3 0.0871 0.5853 0.0822 0.1140
3 0.3174 0.5934 0.1299 0.1213
3 0.6003 0.4846 0.1369 0.1257
3 0.7316 0.4897 0.1439 0.1214
3 0.9037 0.4992 0.0906 0.1257
3 0.9629 0.5014 0.0742 0.1270
3 0.6060 0.6116 0.1439 0.1316
3 0.9731 0.6248 0.0538 0.1373
2 0.1248 0.3595 0.0761 0.0987
2 0.1423 0.2658 0.0726 0.0914
2 0.1581 0.1751 0.0702 0.0853
2 0.1725 0.0930 0.0638 0.0792
2 0.1853 0.3613 0.0755 0.0975
2 0.1982 0.2639 0.0720 0.0950
2 0.2234 0.0923 0.0638 0.0804
2 0.2474 0.3631 0.0825 0.0987
2 0.2599 0.2658 0.0772 0.0938
2 0.2793 0.0930 0.0702 0.0841
2 0.3392 0.3668 0.1200 0.1060
2 0.3436 0.2682 0.1135 0.0963
2 0.3585 0.0899 0.1036 0.0902
2 0.0569 0.7397 0.1053 0.1948
2 0.1245 0.7458 0.1001 0.1972
2 0.1999 0.7477 0.1060 0.1935
2 0.8701 0.7941 0.1096 0.2210
2 0.9465 0.8012 0.1071 0.2173
2 0.5861 0.0927 0.1106 0.0901
2 0.7730 0.0926 0.0691 0.0827
2 0.9067 0.1791 0.0755 0.0949
2 0.8473 0.1815 0.0785 0.0949
2 0.7010 0.1797 0.1241 0.0913
2 0.5878 0.1784 0.1142 0.0913
2 0.9263 0.2825 0.0808 0.1047
2 0.7996 0.2776 0.0755 0.1022
2 0.7089 0.2770 0.1294 0.0986
2 0.5913 0.2721 0.1224 0.1010
2 0.9427 0.3865 0.0761 0.1132
2 0.8809 0.3835 0.0872 0.1095
2 0.8136 0.3762 0.0802 0.1022
2 0.7174 0.3774 0.1382 0.1022
2 0.9709 0.1778 0.0582 0.0949
2 0.6137 0.7828 0.1567 0.2256
2 0.7602 0.7868 0.1728 0.2134
3 0.8461 0.6182 0.0892 0.1360
3 0.2201 0.5904 0.0955 0.1184
2 0.2711 0.1769 0.0761 0.0865
2 0.3506 0.1775 0.1088 0.0877
3 0.9150 0.6262 0.0880 0.1374
3 0.1700 0.4678 0.0722 0.1155
2 0.2120 0.1775 0.0667 0.0829
3 0.4691 0.0952 0.1259 0.0797
3 0.4694 0.1781 0.1264 0.0841
3 0.4679 0.2712 0.1317 0.0950
3 0.4670 0.3692 0.1346 0.1036
3 0.4632 0.4830 0.1411 0.1218
3 0.4589 0.6023 0.1627 0.1120
3 0.4556 0.7611 0.1715 0.2032
2 0.9728 0.2782 0.0544 0.0949
2 0.3067 0.7322 0.1428 0.1649
2 0.5957 0.3713 0.1264 0.1071
2 0.8628 0.2801 0.0826 0.1047
2 0.6922 0.0951 0.1147 0.0900
2 0.7858 0.1815 0.0738 0.0876
3 0.7418 0.6167 0.1487 0.1447
