3 0.8772 0.8096 0.0448 0.0315
3 0.6344 0.6455 0.0329 0.0431
3 0.6342 0.5604 0.0302 0.0395
1 0.7189 0.7711 0.0259 0.0376
1 0.5579 0.8067 0.0582 0.0424
3 0.9012 0.4698 0.0245 0.0404
3 0.4267 0.5484 0.0328 0.0393
3 0.8279 0.5782 0.0463 0.0388
3 0.9034 0.5850 0.0213 0.0433
3 0.7751 0.8111 0.0258 0.0367
3 0.7762 0.8499 0.0235 0.0388
3 0.7683 0.6527 0.0243 0.0367
3 0.7667 0.4938 0.0243 0.0378
2 0.7869 0.9710 0.0490 0.0423
3 0.2632 0.5726 0.0383 0.0423
2 0.9366 0.9701 0.0258 0.0583
1 0.1050 0.7061 0.0671 0.0472
2 0.0205 0.8403 0.0383 0.0521
1 0.3609 0.7607 0.0335 0.0411
1 0.3135 0.7590 0.0601 0.0446
3 0.0217 0.6060 0.0394 0.0522
1 0.2252 0.8468 0.0392 0.0437
1 0.7473 0.8108 0.0282 0.0384
1 0.6380 0.8503 0.0315 0.0435
1 0.7452 0.7716 0.0291 0.0404
1 0.5037 0.8494 0.0597 0.0402
1 0.4574 0.8070 0.0266 0.0412
2 0.9145 0.9697 0.0206 0.0561
2 0.8715 0.9704 0.0285 0.0517
3 0.8261 0.5378 0.0454 0.0421
2 0.5039 0.9769 0.0550 0.0350
1 0.4277 0.7646 0.0342 0.0437
1 0.3954 0.8494 0.0304 0.0420
3 0.0085 0.6292 0.0120 0.0015
3 0.9384 0.9208 0.0290 0.0356
3 0.0569 0.6586 0.0346 0.0545
1 0.1034 0.7979 0.0639 0.0437
3 0.0204 0.5597 0.0407 0.0408
3 0.7755 0.8883 0.0220 0.0379
1 0.1714 0.8464 0.0696 0.0463
2 0.7860 0.3442 0.0228 0.0415
2 0.6393 0.9656 0.0342 0.0227
3 0.7671 0.6135 0.0266 0.0380
3 0.6782 0.8944 0.0585 0.0419
3 0.3135 0.4895 0.0623 0.0514
2 0.8234 0.4621 0.0410 0.0382
3 0.0582 0.5212 0.0306 0.0453
3 0.0571 0.6088 0.0328 0.0453
3 0.1063 0.4736 0.0656 0.0499
3 0.0582 0.4736 0.0306 0.0559
3 0.0566 0.7032 0.0295 0.0408
3 0.1052 0.6118 0.0656 0.0483
3 0.1063 0.5235 0.0656 0.0438
3 0.1047 0.5665 0.0667 0.0423
3 0.1725 0.9321 0.0689 0.0423
3 0.2654 0.6677 0.0383 0.0514
3 0.8321 0.7718 0.0455 0.0378
1 0.3957 0.8066 0.0335 0.0490
3 0.3594 0.4948 0.0295 0.0468
3 0.3113 0.6254 0.0623 0.0483
3 0.3922 0.4985 0.0339 0.0483
3 0.3605 0.5393 0.0295 0.0483
3 0.3594 0.6715 0.0339 0.0438
3 0.9549 0.3714 0.0412 0.0395
3 0.2649 0.5333 0.0350 0.0393
1 0.6794 0.7684 0.0506 0.0361
3 0.0566 0.8407 0.0339 0.0498
3 0.0209 0.7012 0.0396 0.0434
3 0.3649 0.9366 0.0339 0.0423
3 0.7486 0.9313 0.0297 0.0408
3 0.4296 0.9364 0.0343 0.0449
3 0.6368 0.8934 0.0295 0.0401
3 0.7488 0.8501 0.0290 0.0408
3 0.8966 0.3994 0.0228 0.0357
3 0.8741 0.6952 0.0434 0.0378
3 0.8721 0.6572 0.0429 0.0361
3 0.7491 0.8905 0.0295 0.0386
3 0.8647 0.3938 0.0472 0.0454
1 0.7206 0.8505 0.0274 0.0386
1 0.7187 0.8096 0.0267 0.0400
3 0.8230 0.4271 0.0427 0.0429
3 0.7639 0.3798 0.0247 0.0406
1 0.1711 0.8018 0.0690 0.0446
2 0.0577 0.9343 0.0361 0.0468
3 0.9561 0.4082 0.0425 0.0370
3 0.9110 0.8090 0.0213 0.0304
3 0.9869 0.4802 0.0182 0.0336
3 0.8253 0.5001 0.0465 0.0378
3 0.6002 0.6005 0.0356 0.0408
1 0.3935 0.7625 0.0329 0.0446
3 0.9569 0.4428 0.0418 0.0302
3 0.9251 0.4718 0.0281 0.0398
2 0.8195 0.3501 0.0424 0.0433
3 0.9682 0.6999 0.0390 0.0325
3 0.1047 0.6579 0.0645 0.0438
3 0.9632 0.5881 0.0407 0.0354
3 0.9361 0.8478 0.0304 0.0346
2 0.3157 0.9804 0.0580 0.0392
3 0.9621 0.5515 0.0407 0.0335
2 0.8354 0.9686 0.0427 0.0437
3 0.2271 0.5726 0.0383 0.0423
3 0.9898 0.5524 0.0133 0.0353
2 0.0201 0.7463 0.0375 0.0453
3 0.7427 0.6080 0.0241 0.0406
3 0.9648 0.6623 0.0397 0.0370
2 0.6817 0.9730 0.0494 0.0411
3 0.8210 0.3863 0.0418 0.0367
3 0.1730 0.6149 0.0678 0.0483
3 0.1736 0.5711 0.0689 0.0393
3 0.9724 0.8835 0.0382 0.0325
3 0.9694 0.7734 0.0427 0.0348
3 0.9717 0.8463 0.0396 0.0378
1 0.4280 0.8075 0.0335 0.0420
2 0.5583 0.9694 0.0519 0.0259
2 0.4612 0.9757 0.0285 0.0341
3 0.6054 0.8936 0.0339 0.0378
3 0.9388 0.8851 0.0298 0.0335
3 0.9038 0.6590 0.0235 0.0389
2 0.7187 0.9730 0.0259 0.0411
3 0.9711 0.8098 0.0422 0.0340
1 0.2638 0.8472 0.0380 0.0428
1 0.3141 0.8030 0.0614 0.0439
1 0.4992 0.7646 0.0569 0.0437
3 0.2687 0.8928 0.0295 0.0453
3 0.7896 0.5355 0.0287 0.0372
3 0.2643 0.4857 0.0383 0.0529
3 0.7656 0.5751 0.0235 0.0367
3 0.7922 0.5757 0.0296 0.0399
1 0.3125 0.7157 0.0620 0.0437
2 0.3952 0.4568 0.0412 0.0424
1 0.2635 0.7590 0.0399 0.0428
2 0.3090 0.4487 0.0379 0.0423
2 0.2683 0.4457 0.0441 0.0463
1 0.3596 0.7179 0.0335 0.0428
3 0.3124 0.5824 0.0601 0.0378
3 0.1708 0.6632 0.0656 0.0483
3 0.6082 0.9320 0.0350 0.0425
3 0.7211 0.8904 0.0274 0.0384
1 0.3619 0.8053 0.0316 0.0463
1 0.6031 0.7273 0.0335 0.0373
2 0.7655 0.4556 0.0255 0.0352
3 0.0560 0.5650 0.0328 0.0453
3 0.0566 0.8875 0.0317 0.0468
3 0.2249 0.6156 0.0339 0.0468
3 0.8345 0.9249 0.0437 0.0385
3 0.9858 0.4088 0.0190 0.0379
3 0.6339 0.6874 0.0317 0.0393
2 0.2700 0.9799 0.0335 0.0382
1 0.2641 0.8050 0.0386 0.0476
2 0.2310 0.9791 0.0437 0.0389
3 0.8806 0.8868 0.0456 0.0348
3 0.4573 0.5937 0.0284 0.0393
3 0.8776 0.8470 0.0456 0.0429
3 0.9911 0.7004 0.0094 0.0373
3 0.9068 0.6968 0.0205 0.0325
3 0.9323 0.6978 0.0304 0.0346
3 0.7240 0.9323 0.0253 0.0408
3 0.5562 0.6821 0.0558 0.0438
3 0.4972 0.5084 0.0536 0.0438
2 0.0584 0.9780 0.0353 0.0402
3 0.6760 0.5650 0.0503 0.0393
3 0.7680 0.6896 0.0294 0.0405
3 0.7999 0.8903 0.0279 0.0356
3 0.8309 0.6932 0.0448 0.0354
3 0.8331 0.8066 0.0446 0.0361
3 0.8336 0.8472 0.0410 0.0425
3 0.7432 0.5703 0.0273 0.0347
3 0.9322 0.7710 0.0321 0.0420
3 0.6503 0.5642 0.0011 0.1285
3 0.4972 0.6345 0.0558 0.0453
3 0.6005 0.6836 0.0328 0.0468
3 0.4994 0.6798 0.0579 0.0423
1 0.6379 0.8054 0.0310 0.0442
3 0.8959 0.3619 0.0215 0.0385
3 0.4256 0.5899 0.0350 0.0438
3 0.4267 0.7198 0.0350 0.0408
2 0.2107 0.4404 0.0733 0.0468
3 0.9099 0.7713 0.0220 0.0430
3 0.7162 0.6091 0.0280 0.0447
3 0.0199 0.9796 0.0394 0.0407
3 0.7427 0.5303 0.0262 0.0423
3 0.2698 0.9374 0.0295 0.0439
3 0.3165 0.8922 0.0652 0.0464
3 0.4555 0.6791 0.0319 0.0438
3 0.1714 0.4804 0.0645 0.0514
3 0.5999 0.6398 0.0362 0.0378
3 0.7169 0.6481 0.0296 0.0363
2 0.9849 0.9605 0.0262 0.0423
3 0.7998 0.8111 0.0220 0.0388
3 0.6399 0.9328 0.0284 0.0378
3 0.8002 0.8510 0.0228 0.0388
3 0.7157 0.6859 0.0314 0.0393
3 0.7918 0.4980 0.0273 0.0399
1 0.6799 0.8497 0.0524 0.0441
3 0.7960 0.6931 0.0251 0.0378
3 0.6809 0.9328 0.0536 0.0378
3 0.9922 0.7364 0.0083 0.0378
2 0.7619 0.3398 0.0255 0.0378
3 0.9303 0.6609 0.0294 0.0362
3 0.4611 0.9362 0.0295 0.0415
3 0.2255 0.6632 0.0415 0.0514
3 0.9927 0.7730 0.0070 0.0373
3 0.7724 0.7723 0.0266 0.0388
3 0.7408 0.6880 0.0261 0.0453
3 0.4977 0.5537 0.0569 0.0438
3 0.5524 0.5099 0.0590 0.0438
3 0.7721 0.7314 0.0243 0.0409
3 0.0232 0.4691 0.0394 0.0529
3 0.4611 0.8927 0.0295 0.0456
3 0.6322 0.5204 0.0328 0.0408
3 0.9011 0.5074 0.0228 0.0378
3 0.7671 0.5352 0.0220 0.0409
1 0.6047 0.8074 0.0354 0.0420
3 0.6047 0.8511 0.0354 0.0437
3 0.8749 0.7319 0.0418 0.0315
3 0.9905 0.6253 0.0108 0.0364
1 0.5573 0.7258 0.0582 0.0393
1 0.4998 0.7227 0.0569 0.0385
3 0.6760 0.6447 0.0525 0.0432
1 0.7449 0.7313 0.0310 0.0367
1 0.3634 0.8507 0.0348 0.0446
1 0.4566 0.7211 0.0283 0.0434
2 0.0216 0.8868 0.0405 0.0453
3 0.7955 0.7303 0.0260 0.0388
3 0.7983 0.7713 0.0235 0.0388
3 0.9084 0.7321 0.0235 0.0374
3 0.9049 0.6217 0.0213 0.0379
3 0.7929 0.6156 0.0251 0.0400
3 0.9353 0.8106 0.0289 0.0378
1 0.2635 0.7128 0.0361 0.0459
3 0.3583 0.5829 0.0296 0.0479
3 0.4983 0.5937 0.0558 0.0393
3 0.7433 0.6472 0.0253 0.0380
3 0.4567 0.6383 0.0296 0.0468
3 0.3141 0.6723 0.0569 0.0424
3 0.3928 0.6300 0.0372 0.0453
3 0.4146 0.9161 0.0044 0.0017
3 0.2625 0.6194 0.0396 0.0483
1 0.3141 0.8467 0.0626 0.0421
3 0.3594 0.6264 0.0317 0.0442
1 0.7186 0.7308 0.0240 0.0444
1 0.2246 0.8031 0.0380 0.0437
3 0.0556 0.7928 0.0298 0.0460
3 0.9281 0.5856 0.0296 0.0367
3 0.4294 0.8921 0.0317 0.0438
3 0.8719 0.5796 0.0418 0.0383
3 0.8804 0.9255 0.0459 0.0396
1 0.6394 0.7645 0.0327 0.0385
3 0.3922 0.6745 0.0339 0.0438
3 0.4553 0.5487 0.0302 0.0538
3 0.3633 0.8928 0.0306 0.0423
3 0.3972 0.9381 0.0306 0.0393
3 0.7148 0.5675 0.0295 0.0381
3 0.1047 0.8893 0.0623 0.0443
1 0.1053 0.8429 0.0614 0.0446
3 0.5972 0.5167 0.0350 0.0453
3 0.3922 0.5439 0.0339 0.0393
1 0.5568 0.7650 0.0565 0.0393
3 0.9127 0.9224 0.0228 0.0345
2 0.0199 0.7924 0.0394 0.0438
3 0.4553 0.5045 0.0302 0.0421
3 0.8689 0.5038 0.0402 0.0388
3 0.9257 0.5128 0.0299 0.0437
3 0.6765 0.6028 0.0492 0.0393
3 0.8301 0.6548 0.0448 0.0409
3 0.8306 0.7313 0.0469 0.0433
2 0.3501 0.4523 0.0474 0.0454
3 0.6339 0.6020 0.0317 0.0408
3 0.0221 0.5167 0.0415 0.0423
3 0.6760 0.6859 0.0525 0.0363
3 0.3911 0.5839 0.0361 0.0438
3 0.8355 0.8885 0.0417 0.0362
3 0.2241 0.7558 0.0421 0.0493
3 0.6738 0.5235 0.0503 0.0408
1 0.2246 0.7111 0.0405 0.0493
3 0.1725 0.5295 0.0667 0.0438
3 0.0216 0.6578 0.0405 0.0496
3 0.7148 0.5285 0.0295 0.0448
3 0.8761 0.7707 0.0425 0.0420
3 0.8713 0.6185 0.0446 0.0359
3 0.0555 0.7478 0.0295 0.0454
1 0.6803 0.8072 0.0513 0.0406
3 0.1069 0.9384 0.0601 0.0519
3 0.1073 0.9811 0.0607 0.0367
1 0.1705 0.7111 0.0664 0.0510
3 0.9106 0.8455 0.0190 0.0440
3 0.2292 0.9381 0.0494 0.0423
3 0.2292 0.8943 0.0494 0.0483
1 0.1040 0.7537 0.0664 0.0463
3 0.1703 0.8914 0.0688 0.0395
3 0.1730 0.9763 0.0722 0.0433
3 0.3162 0.9380 0.0612 0.0430
3 0.2296 0.5291 0.0454 0.0423
2 0.3634 0.9796 0.0361 0.0404
3 0.9023 0.5453 0.0220 0.0360
3 0.3146 0.5386 0.0624 0.0438
3 0.5535 0.5960 0.0590 0.0408
1 0.5598 0.8520 0.0557 0.0472
3 0.9270 0.5522 0.0274 0.0329
3 0.2249 0.4827 0.0405 0.0529
3 0.0204 0.9343 0.0407 0.0468
1 0.1701 0.7576 0.0671 0.0437
3 0.7943 0.6543 0.0262 0.0399
3 0.5038 0.8939 0.0558 0.0462
3 0.7990 0.9291 0.0273 0.0393
1 0.6803 0.7283 0.0525 0.0428
3 0.9647 0.6248 0.0399 0.0396
3 0.5032 0.9380 0.0569 0.0425
1 0.6360 0.7256 0.0335 0.0358
3 0.5587 0.8936 0.0574 0.0421
1 0.4283 0.8503 0.0329 0.0402
1 0.4998 0.8070 0.0569 0.0411
1 0.4587 0.8494 0.0304 0.0402
1 0.6044 0.7667 0.0361 0.0411
3 0.3950 0.8961 0.0350 0.0478
3 0.7733 0.9301 0.0219 0.0413
3 0.9902 0.6631 0.0104 0.0394
3 0.7881 0.4197 0.0259 0.0406
2 0.7906 0.4575 0.0246 0.0365
3 0.5612 0.9350 0.0569 0.0425
1 0.4577 0.7642 0.0272 0.0411
3 0.4256 0.5035 0.0328 0.0492
3 0.4277 0.6329 0.0329 0.0421
3 0.8703 0.5426 0.0419 0.0388
3 0.9854 0.3747 0.0181 0.0345
3 0.8667 0.4651 0.0435 0.0363
3 0.4266 0.6760 0.0351 0.0438
3 0.5551 0.5540 0.0558 0.0431
3 0.9225 0.4387 0.0275 0.0338
3 0.8981 0.4335 0.0213 0.0354
3 0.9598 0.4775 0.0417 0.0346
1 0.3919 0.7183 0.0310 0.0437
3 0.8281 0.6162 0.0437 0.0342
2 0.8639 0.3562 0.0437 0.0430
3 0.9688 0.7353 0.0409 0.0361
3 0.9341 0.7357 0.0279 0.0348
3 0.9123 0.8860 0.0208 0.0332
2 0.7477 0.9724 0.0304 0.0411
2 0.6115 0.9674 0.0203 0.0227
2 0.4299 0.9778 0.0329 0.0350
2 0.3977 0.9790 0.0317 0.0396
3 0.9306 0.6240 0.0301 0.0359
3 0.9741 0.9198 0.0394 0.0381
2 0.8952 0.9701 0.0158 0.0554
3 0.5541 0.6383 0.0558 0.0439
3 0.9902 0.5878 0.0142 0.0370
3 0.9882 0.5148 0.0148 0.0387
3 0.9604 0.5153 0.0423 0.0367
3 0.9875 0.4463 0.0179 0.0350
3 0.6016 0.5600 0.0350 0.0402
3 0.9221 0.4008 0.0267 0.0405
3 0.8664 0.4313 0.0443 0.0407
3 0.7642 0.4171 0.0253 0.0416
3 0.7883 0.3844 0.0218 0.0392
3 0.9210 0.3666 0.0275 0.0372
