1 0.2006 0.8619 0.0774 0.0255
1 0.3750 0.9378 0.1170 0.0240
1 0.8296 0.6772 0.0691 0.0257
1 0.2032 0.6292 0.0773 0.0259
3 0.6893 0.8587 0.0544 0.0250
1 0.2809 0.8095 0.0665 0.0246
1 0.2752 0.6544 0.0610 0.0247
1 0.4857 0.8348 0.1022 0.0234
1 0.6983 0.6005 0.0568 0.0241
1 0.2762 0.9885 0.0560 0.0217
1 0.4861 0.8594 0.1025 0.0248
1 0.2723 0.7051 0.0611 0.0244
1 0.3751 0.7573 0.1179 0.0250
1 0.8305 0.6257 0.0610 0.0239
1 0.6312 0.7280 0.0544 0.0229
3 0.3710 0.9893 0.1270 0.0215
1 0.6348 0.6002 0.0583 0.0247
1 0.5710 0.6265 0.0586 0.0253
1 0.6293 0.7817 0.0579 0.0250
1 0.6305 0.9348 0.0583 0.0243
1 0.8286 0.8061 0.0724 0.0231
1 0.8290 0.7788 0.0645 0.0234
1 0.4925 0.6527 0.0947 0.0258
1 0.7589 0.7543 0.0675 0.0255
1 0.2005 0.8880 0.0790 0.0238
1 0.3772 0.6273 0.1269 0.0254
1 0.7593 0.9850 0.0569 0.0255
1 0.3721 0.8611 0.1220 0.0233
2 0.6944 0.6520 0.0541 0.0257
3 0.4864 0.9878 0.0912 0.0219
1 0.6305 0.8315 0.0573 0.0241
1 0.2739 0.7845 0.0709 0.0235
1 0.6332 0.6263 0.0587 0.0254
1 0.2777 0.9131 0.0698 0.0248
1 0.8277 0.8820 0.0679 0.0235
3 0.6891 0.8838 0.0562 0.0251
1 0.3756 0.7830 0.1211 0.0255
1 0.4868 0.8091 0.1000 0.0255
1 0.7624 0.6252 0.0661 0.0233
1 0.1968 0.7319 0.0782 0.0255
1 0.7578 0.7295 0.0660 0.0254
1 0.4902 0.7317 0.0984 0.0233
1 0.7565 0.6765 0.0744 0.0230
3 0.7584 0.7031 0.0678 0.0252
1 0.5672 0.9362 0.0595 0.0249
1 0.4853 0.8859 0.0952 0.0238
3 0.7571 0.8564 0.0691 0.0238
1 0.5703 0.6509 0.0575 0.0253
1 0.1987 0.8098 0.0819 0.0259
1 0.5665 0.7565 0.0564 0.0248
1 0.5697 0.6788 0.0540 0.0250
1 0.5669 0.9609 0.0594 0.0244
3 0.6304 0.9097 0.0575 0.0244
1 0.4862 0.9631 0.1001 0.0245
1 0.2765 0.8608 0.0663 0.0237
1 0.7623 0.6003 0.0632 0.0226
1 0.8279 0.9582 0.0674 0.0245
1 0.8285 0.8554 0.0668 0.0238
1 0.2742 0.7325 0.0671 0.0237
1 0.2757 0.9662 0.0661 0.0245
1 0.2753 0.8353 0.0727 0.0266
1 0.3758 0.6017 0.1315 0.0249
1 0.2787 0.9397 0.0685 0.0243
1 0.2740 0.6021 0.0593 0.0248
1 0.2782 0.8874 0.0688 0.0235
1 0.6321 0.9613 0.0588 0.0249
1 0.6306 0.8070 0.0588 0.0240
1 0.2760 0.6277 0.0616 0.0238
1 0.8304 0.6503 0.0656 0.0246
1 0.5690 0.8320 0.0581 0.0253
1 0.6930 0.9077 0.0566 0.0229
1 0.3754 0.8087 0.1183 0.0258
1 0.4931 0.6277 0.0900 0.0237
1 0.5698 0.7298 0.0554 0.0246
1 0.6965 0.6251 0.0589 0.0225
1 0.2757 0.7579 0.0660 0.0244
1 0.2024 0.6544 0.0784 0.0244
1 0.7586 0.6520 0.0695 0.0253
1 0.2018 0.7054 0.0777 0.0234
1 0.6305 0.7550 0.0585 0.0251
1 0.2026 0.9396 0.0742 0.0225
1 0.1995 0.7589 0.0791 0.0227
1 0.6294 0.6785 0.0615 0.0257
1 0.5677 0.7031 0.0528 0.0230
1 0.4921 0.6015 0.0823 0.0235
1 0.8274 0.9332 0.0672 0.0240
1 0.6925 0.7281 0.0556 0.0236
1 0.1967 0.7848 0.0792 0.0237
3 0.4846 0.9391 0.0985 0.0245
1 0.2061 0.9894 0.0742 0.0209
1 0.6929 0.8051 0.0557 0.0230
1 0.7568 0.7787 0.0711 0.0223
1 0.2752 0.6794 0.0595 0.0246
1 0.3742 0.9650 0.1174 0.0249
1 0.7591 0.8064 0.0652 0.0261
1 0.5692 0.9096 0.0578 0.0260
1 0.1979 0.8366 0.0778 0.0248
1 0.3729 0.7052 0.1329 0.0250
3 0.6919 0.8328 0.0542 0.0240
1 0.5669 0.7816 0.0572 0.0245
1 0.3736 0.8351 0.1173 0.0243
1 0.6295 0.8585 0.0569 0.0241
1 0.7582 0.8317 0.0656 0.0231
1 0.4875 0.7827 0.0960 0.0244
1 0.6304 0.8832 0.0551 0.0232
1 0.5738 0.6016 0.0597 0.0252
3 0.4912 0.7059 0.1009 0.0229
1 0.8299 0.7270 0.0653 0.0234
1 0.5685 0.8587 0.0553 0.0238
1 0.8293 0.7532 0.0639 0.0240
1 0.8284 0.8308 0.0684 0.0242
3 0.6933 0.7550 0.0552 0.0259
1 0.4910 0.6798 0.0981 0.0238
2 0.6937 0.9606 0.0555 0.0255
1 0.5675 0.8840 0.0583 0.0236
1 0.2006 0.6806 0.0799 0.0251
1 0.7565 0.8826 0.0650 0.0235
1 0.5680 0.8055 0.0569 0.0238
1 0.1992 0.9132 0.0809 0.0248
1 0.8294 0.6015 0.0670 0.0256
1 0.7589 0.9583 0.0636 0.0246
1 0.6288 0.9857 0.0597 0.0250
1 0.8232 0.9839 0.0581 0.0239
1 0.2033 0.9655 0.0736 0.0219
1 0.8273 0.9084 0.0719 0.0237
3 0.7566 0.9091 0.0628 0.0260
1 0.2048 0.6029 0.0741 0.0242
1 0.4870 0.7567 0.0975 0.0233
1 0.3753 0.6793 0.1249 0.0250
1 0.6922 0.7789 0.0555 0.0256
1 0.3759 0.7310 0.1256 0.0238
1 0.6897 0.6775 0.0539 0.0242
1 0.8280 0.7013 0.0578 0.0238
1 0.6927 0.7024 0.0553 0.0238
3 0.4868 0.9125 0.1014 0.0258
3 0.6923 0.9340 0.0582 0.0239
1 0.6314 0.6523 0.0600 0.0253
1 0.3751 0.6543 0.1316 0.0259
3 0.6915 0.9862 0.0590 0.0275
1 0.6330 0.7031 0.0555 0.0241
1 0.5676 0.9864 0.0566 0.0244
1 0.3751 0.9124 0.1160 0.0244
1 0.3760 0.8862 0.1179 0.0232
1 0.7591 0.9330 0.0680 0.0229
