2 0.2015 0.7142 0.0804 0.1862
3 0.2776 0.5593 0.0695 0.1181
2 0.2608 0.2501 0.0562 0.0936
2 0.2716 0.1630 0.0598 0.0809
2 0.2819 0.0821 0.0547 0.0736
2 0.0512 0.0807 0.1023 0.0748
2 0.0420 0.1601 0.0841 0.0816
2 0.0324 0.2433 0.0649 0.0844
2 0.2158 0.0786 0.0960 0.0816
2 0.2059 0.1630 0.1018 0.0844
2 0.1924 0.2494 0.1077 0.0857
2 0.2995 0.3460 0.0655 0.0993
2 0.3098 0.2508 0.0626 0.0912
2 0.3194 0.1650 0.0573 0.0857
2 0.3575 0.2508 0.0527 0.0912
2 0.3653 0.1650 0.0521 0.0830
2 0.4209 0.3440 0.0989 0.0980
2 0.0397 0.7172 0.0794 0.1894
2 0.3199 0.7155 0.0681 0.1894
2 0.4010 0.7180 0.1250 0.1911
2 0.5143 0.1631 0.0913 0.0898
2 0.4247 0.2529 0.0990 0.0963
2 0.5153 0.2545 0.0920 0.0932
2 0.8084 0.3533 0.0702 0.1047
2 0.7333 0.3516 0.1067 0.1014
2 0.7951 0.2537 0.0660 0.0851
2 0.7845 0.1671 0.0632 0.0883
2 0.7136 0.1663 0.0997 0.0900
3 0.0615 0.4446 0.1231 0.1110
3 0.3429 0.4503 0.0562 0.1029
3 0.3330 0.5622 0.0618 0.1176
3 0.4155 0.4503 0.1060 0.1127
3 0.5177 0.4544 0.0983 0.1143
3 0.5156 0.5614 0.1039 0.1159
3 0.7435 0.4579 0.1159 0.1110
3 0.8392 0.5733 0.0786 0.1208
3 0.8234 0.4566 0.0709 0.1094
3 0.9705 0.5774 0.0590 0.1159
2 0.3513 0.3467 0.0579 0.1034
3 0.9641 0.4615 0.0717 0.1094
3 0.9071 0.5709 0.0937 0.1192
3 0.2254 0.5589 0.0669 0.1190
2 0.1208 0.1616 0.1012 0.0844
2 0.1033 0.2446 0.1068 0.0844
2 0.0863 0.3378 0.1070 0.0993
2 0.8712 0.3533 0.0877 0.1014
2 0.8561 0.2537 0.0785 0.0883
2 0.8417 0.1712 0.0763 0.0900
3 0.1434 0.5557 0.1111 0.1208
2 0.9467 0.3533 0.0814 0.1047
2 0.1371 0.0773 0.0977 0.0789
2 0.9100 0.1704 0.0749 0.0916
2 0.9278 0.2618 0.0744 0.0883
3 0.2961 0.4469 0.0585 0.1098
3 0.6448 0.7182 0.1531 0.1945
3 0.6343 0.5647 0.1376 0.1161
3 0.6265 0.4529 0.1264 0.1047
3 0.6241 0.3525 0.1243 0.0965
3 0.6181 0.2586 0.1208 0.0949
3 0.6146 0.1643 0.1166 0.0907
2 0.2645 0.7130 0.0765 0.1912
2 0.1121 0.7133 0.1384 0.1972
3 0.4117 0.5622 0.1180 0.1176
3 0.7532 0.5733 0.1229 0.1241
3 0.0507 0.5622 0.1013 0.1176
2 0.7231 0.2569 0.1046 0.0916
2 0.5167 0.3451 0.0990 0.0981
2 0.5183 0.7245 0.1095 0.2041
2 0.4288 0.1637 0.0913 0.0884
2 0.2505 0.3441 0.0613 0.0945
3 0.1638 0.4406 0.1066 0.1094
2 0.0228 0.3365 0.0456 0.0993
2 0.1778 0.3453 0.1135 0.0953
3 0.8868 0.4574 0.0881 0.1078
3 0.2399 0.4435 0.0581 0.1027
