2 0.7733 0.0981 0.0371 0.0735
2 0.7646 0.3704 0.0370 0.0857
2 0.7499 0.1602 0.0362 0.0823
3 0.9168 0.5974 0.0370 0.0978
2 0.3386 0.1859 0.0330 0.0685
2 0.2896 0.6436 0.0327 0.0858
2 0.2235 0.9396 0.0735 0.1157
2 0.8749 0.8954 0.0329 0.1312
2 0.0948 0.6533 0.0335 0.0913
2 0.3597 0.5539 0.0283 0.0808
3 0.3510 0.8136 0.0297 0.0846
2 0.1554 0.2771 0.0375 0.0866
2 0.1946 0.3411 0.0634 0.0736
3 0.0478 0.8078 0.0417 0.0755
3 0.2819 0.8230 0.0347 0.0953
2 0.6437 0.1607 0.0622 0.0623
3 0.9289 0.7628 0.0313 0.0917
2 0.3860 0.9339 0.0305 0.1171
2 0.6976 0.2986 0.0358 0.0793
2 0.3003 0.3995 0.0321 0.0839
3 0.7854 0.2215 0.0303 0.0771
2 0.1455 0.4154 0.0366 0.0893
2 0.0893 0.2815 0.0543 0.0729
3 0.3538 0.7235 0.0281 0.0754
3 0.8847 0.2962 0.0395 0.0855
2 0.1381 0.4915 0.0349 0.0902
3 0.7643 0.7946 0.0356 0.1062
2 0.7287 0.2973 0.0328 0.0804
2 0.0696 0.4960 0.0567 0.0817
2 0.8704 0.1571 0.0446 0.0742
3 0.3536 0.7232 0.0280 0.0752
3 0.9583 0.7534 0.0191 0.0778
3 0.3140 0.8216 0.0348 0.0939
3 0.6556 0.4496 0.0609 0.0725
2 0.8993 0.8877 0.0403 0.1240
3 0.7376 0.4409 0.0314 0.0850
2 0.1171 0.4217 0.0358 0.0847
2 0.6542 0.3748 0.0651 0.0717
2 0.3371 0.2501 0.0349 0.0763
2 0.1822 0.4915 0.0678 0.0815
2 0.7204 0.1604 0.0335 0.0766
2 0.0794 0.9159 0.0234 0.1190
3 0.8104 0.5188 0.0333 0.0854
2 0.2440 0.5624 0.0687 0.0762
3 0.8243 0.6954 0.0358 0.0990
2 0.8987 0.0285 0.0333 0.0502
2 0.8107 0.0305 0.0613 0.0609
3 0.6634 0.5340 0.0668 0.0761
2 0.7977 0.3714 0.0378 0.0852
3 0.7903 0.2918 0.0311 0.0773
2 0.8995 0.0837 0.0425 0.0933
2 0.0456 0.9028 0.0385 0.1019
2 0.1026 0.5697 0.0348 0.0924
2 0.1101 0.4908 0.0361 0.0907
3 0.8361 0.7828 0.0348 0.0994
3 0.8646 0.5982 0.0658 0.0869
3 0.1183 0.7314 0.0363 0.0883
3 0.9490 0.5963 0.0284 0.0846
2 0.3074 0.2530 0.0295 0.0767
3 0.6655 0.6189 0.0682 0.0865
2 0.7641 0.9084 0.0396 0.1270
2 0.2567 0.3343 0.0665 0.0748
2 0.0895 0.7315 0.0318 0.0907
2 0.3360 0.3217 0.0325 0.0781
2 0.3574 0.6371 0.0303 0.0779
3 0.7311 0.7961 0.0388 0.1007
2 0.0767 0.4257 0.0568 0.0731
3 0.7832 0.6030 0.0392 0.0917
3 0.7236 0.2240 0.0308 0.0734
2 0.8214 0.1493 0.0616 0.0912
3 0.9227 0.6821 0.0389 0.0956
2 0.3627 0.3929 0.0309 0.0744
2 0.1472 0.2052 0.0467 0.0468
2 0.3653 0.3193 0.0319 0.0768
2 0.5147 0.5484 0.0723 0.0779
3 0.3201 0.7236 0.0320 0.0827
2 0.3972 0.2438 0.0332 0.0733
2 0.1720 0.6531 0.0680 0.0836
2 0.9323 0.8745 0.0269 0.1280
2 0.8581 0.0353 0.0466 0.0643
3 0.5881 0.4560 0.0678 0.0792
2 0.6500 0.2978 0.0639 0.0766
3 0.9430 0.5161 0.0351 0.0889
3 0.4430 0.8136 0.0702 0.0906
2 0.3947 0.3921 0.0313 0.0743
2 0.7680 0.0327 0.0279 0.0655
2 0.6785 0.9228 0.0717 0.1370
1 0.9541 0.6774 0.0241 0.0892
2 0.3935 0.4694 0.0320 0.0793
2 0.8441 0.9037 0.0401 0.1399
3 0.7567 0.7005 0.0374 0.0993
2 0.0416 0.3574 0.0398 0.0835
3 0.0199 0.8021 0.0126 0.0645
2 0.4433 0.5502 0.0634 0.0806
2 0.2762 0.9335 0.0385 0.1230
3 0.2259 0.8254 0.0729 0.0831
2 0.3041 0.3235 0.0305 0.0794
3 0.7535 0.2244 0.0332 0.0770
2 0.2412 0.6472 0.0666 0.0834
2 0.5828 0.3073 0.0719 0.0706
2 0.5154 0.6349 0.0725 0.0803
2 0.9140 0.2289 0.0412 0.0750
3 0.7048 0.4453 0.0323 0.0773
3 0.2342 0.7250 0.0704 0.0781
3 0.9541 0.6769 0.0244 0.0906
2 0.4454 0.2395 0.0594 0.0683
2 0.2534 0.4106 0.0701 0.0809
2 0.5117 0.2368 0.0669 0.0668
2 0.1309 0.5699 0.0391 0.0915
2 0.9609 0.8596 0.0223 0.1009
2 0.7603 0.3003 0.0364 0.0831
3 0.8499 0.4398 0.0651 0.0854
3 0.7125 0.5286 0.0347 0.0796
3 0.1120 0.8184 0.0335 0.0976
3 0.6681 0.7081 0.0666 0.0900
3 0.1643 0.7310 0.0693 0.0874
2 0.7290 0.9121 0.0315 0.1241
2 0.1289 0.2754 0.0325 0.0848
2 0.7349 0.3734 0.0356 0.0819
2 0.4465 0.1752 0.0586 0.0588
2 0.3980 0.1782 0.0307 0.0676
2 0.0216 0.7251 0.0161 0.0804
2 0.3922 0.5519 0.0345 0.0820
2 0.5811 0.2327 0.0679 0.0670
3 0.3904 0.7217 0.0275 0.0745
3 0.8912 0.3667 0.0395 0.0836
2 0.5852 0.3781 0.0713 0.0704
2 0.3264 0.5562 0.0353 0.0824
3 0.5152 0.4619 0.0716 0.0794
2 0.5804 0.1683 0.0679 0.0572
3 0.5911 0.5390 0.0718 0.0758
2 0.4438 0.3872 0.0647 0.0770
2 0.3311 0.3958 0.0345 0.0794
2 0.8174 0.1254 0.0675 0.1658
2 0.4439 0.3144 0.0602 0.0662
2 0.4406 0.9336 0.0678 0.1238
2 0.1896 0.4150 0.0635 0.0738
2 0.1502 0.9411 0.0711 0.1069
3 0.6762 0.8047 0.0731 0.0977
2 0.3912 0.6370 0.0350 0.0803
3 0.7779 0.5254 0.0379 0.0824
3 0.4435 0.7194 0.0671 0.0736
2 0.5117 0.1721 0.0653 0.0541
2 0.3683 0.1824 0.0297 0.0698
2 0.3146 0.9306 0.0295 0.1180
3 0.7686 0.4413 0.0331 0.0802
2 0.0361 0.4279 0.0354 0.0806
3 0.8416 0.3634 0.0620 0.0836
2 0.1978 0.2724 0.0607 0.0769
2 0.0309 0.4995 0.0324 0.0814
2 0.2025 0.2093 0.0621 0.0667
2 0.2590 0.2649 0.0615 0.0747
3 0.5963 0.7183 0.0727 0.0864
2 0.0241 0.6512 0.0203 0.0789
2 0.8652 0.0998 0.0442 0.0769
2 0.1761 0.5693 0.0684 0.0817
2 0.2979 0.4781 0.0321 0.0837
3 0.8790 0.2220 0.0419 0.0900
3 0.8724 0.6912 0.0681 0.1020
3 0.3867 0.8196 0.0342 0.0800
2 0.0996 0.2142 0.0445 0.0540
3 0.5172 0.7204 0.0758 0.0816
2 0.1037 0.9288 0.0316 0.1252
3 0.8923 0.4416 0.0305 0.0759
3 0.5189 0.8165 0.0776 0.0797
3 0.9087 0.5159 0.0383 0.0987
2 0.3288 0.4748 0.0344 0.0819
3 0.8807 0.7798 0.0642 0.0975
2 0.1510 0.3439 0.0352 0.0849
3 0.9287 0.3676 0.0299 0.0780
3 0.9224 0.2955 0.0416 0.0858
2 0.5111 0.3116 0.0665 0.0678
3 0.8282 0.2232 0.0594 0.0792
2 0.2479 0.4849 0.0679 0.0798
3 0.7180 0.6150 0.0331 0.0893
3 0.7982 0.7896 0.0424 0.1119
3 0.7898 0.6949 0.0390 0.1013
2 0.9087 0.1568 0.0402 0.0833
3 0.8185 0.6005 0.0320 0.0913
2 0.3499 0.9300 0.0294 0.1197
3 0.7512 0.6059 0.0325 0.0889
2 0.2933 0.5577 0.0333 0.0836
2 0.7799 0.1615 0.0348 0.0832
2 0.0550 0.7348 0.0471 0.0836
2 0.3666 0.2467 0.0316 0.0725
3 0.7211 0.7035 0.0361 0.0959
2 0.6946 0.2254 0.0365 0.0730
3 0.8573 0.5165 0.0651 0.0869
3 0.2867 0.7297 0.0288 0.0874
2 0.5177 0.9339 0.0779 0.0974
3 0.0821 0.8124 0.0271 0.0802
2 0.8048 0.9094 0.0413 0.1445
2 0.0493 0.2933 0.0379 0.0787
3 0.8346 0.2920 0.0587 0.0736
3 0.5993 0.8103 0.0773 0.0893
2 0.0590 0.2242 0.0318 0.0489
2 0.0632 0.5732 0.0538 0.0835
2 0.2653 0.1995 0.0668 0.0690
2 0.1228 0.3512 0.0348 0.0856
2 0.6467 0.2264 0.0626 0.0684
2 0.5999 0.9265 0.0804 0.1202
2 0.0833 0.3534 0.0567 0.0834
2 0.0184 0.8887 0.0109 0.1002
2 0.0572 0.6554 0.0551 0.0872
2 0.4428 0.6349 0.0648 0.0798
3 0.7427 0.5236 0.0301 0.0793
2 0.3101 0.1889 0.0303 0.0709
2 0.3960 0.3189 0.0321 0.0794
2 0.4433 0.4682 0.0682 0.0772
2 0.0277 0.5745 0.0274 0.0781
3 0.8029 0.4400 0.0331 0.0816
2 0.3222 0.6417 0.0366 0.0835
3 0.1580 0.8287 0.0711 0.0958
3 0.8926 0.2941 0.0244 0.0677
2 0.8151 0.0971 0.0610 0.0734
3 0.9373 0.4388 0.0395 0.0890
2 0.5130 0.3860 0.0714 0.0690
3 0.5952 0.6317 0.0738 0.0794
2 0.6904 0.1606 0.0360 0.0738
2 0.1247 0.6508 0.0351 0.0977
2 0.3612 0.4718 0.0311 0.0793
3 0.9083 0.4430 0.0272 0.0719
2 0.7027 0.3723 0.0364 0.0769
