2 0.7809 0.4593 0.0428 0.0400
3 0.8315 0.6168 0.0781 0.0423
1 0.6783 0.6822 0.0609 0.0403
1 0.4758 0.7075 0.0420 0.0313
1 0.7291 0.6759 0.0406 0.0408
1 0.5182 0.7022 0.0423 0.0331
1 0.6323 0.7280 0.0299 0.0410
1 0.6767 0.7226 0.0591 0.0416
1 0.9094 0.6526 0.0824 0.0460
2 0.9165 0.5092 0.0838 0.0457
1 0.8295 0.6612 0.0786 0.0463
2 0.3881 0.4693 0.0169 0.0321
2 0.4038 0.4616 0.0159 0.0299
2 0.4286 0.4509 0.0352 0.0402
2 0.4596 0.4351 0.0249 0.0358
2 0.4929 0.4189 0.0430 0.0468
2 0.5678 0.4196 0.0231 0.0380
2 0.5352 0.4352 0.0405 0.0420
2 0.4915 0.4526 0.0420 0.0398
2 0.4574 0.4656 0.0253 0.0335
2 0.4271 0.4815 0.0342 0.0365
2 0.4021 0.4908 0.0150 0.0310
2 0.3867 0.4973 0.0156 0.0299
2 0.3837 0.5264 0.0156 0.0269
2 0.3825 0.5555 0.0158 0.0284
2 0.3980 0.5503 0.0154 0.0277
2 0.3999 0.5197 0.0156 0.0313
2 0.4257 0.5104 0.0335 0.0376
2 0.4553 0.4982 0.0241 0.0317
2 0.4894 0.4835 0.0434 0.0427
2 0.5322 0.4680 0.0418 0.0420
2 0.5660 0.4542 0.0249 0.0380
2 0.4529 0.5284 0.0255 0.0317
2 0.5642 0.4897 0.0245 0.0332
2 0.3763 0.6398 0.0154 0.0262
2 0.3926 0.6357 0.0150 0.0277
2 0.4466 0.6212 0.0245 0.0280
2 0.5565 0.5965 0.0243 0.0317
2 0.5811 0.5880 0.0237 0.0339
2 0.6916 0.4516 0.0583 0.0409
2 0.6449 0.4989 0.0300 0.0391
2 0.6404 0.5741 0.0282 0.0361
2 0.7760 0.5463 0.0405 0.0402
2 0.7423 0.4327 0.0360 0.0435
2 0.7839 0.4185 0.0403 0.0431
2 0.8434 0.4010 0.0745 0.0531
2 0.9797 0.5015 0.0406 0.0414
3 0.9135 0.5597 0.0815 0.0552
3 0.8340 0.5758 0.0776 0.0494
3 0.7340 0.5912 0.0403 0.0444
3 0.9121 0.6087 0.0832 0.0504
3 0.7303 0.6361 0.0391 0.0408
3 0.7792 0.5005 0.0426 0.0494
3 0.7369 0.5100 0.0398 0.0472
3 0.6874 0.5217 0.0605 0.0504
3 0.6428 0.5355 0.0297 0.0409
3 0.5833 0.5530 0.0244 0.0409
3 0.5854 0.5159 0.0224 0.0356
3 0.5602 0.5244 0.0258 0.0356
3 0.5590 0.5586 0.0255 0.0372
3 0.5244 0.5692 0.0414 0.0403
3 0.5268 0.5331 0.0423 0.0350
3 0.4819 0.5820 0.0420 0.0398
3 0.4850 0.5469 0.0420 0.0350
3 0.4508 0.5594 0.0255 0.0335
3 0.4204 0.5688 0.0331 0.0354
3 0.3961 0.5769 0.0159 0.0295
3 0.3803 0.5828 0.0163 0.0288
3 0.3784 0.6115 0.0156 0.0295
3 0.3938 0.6056 0.0159 0.0287
3 0.4189 0.5995 0.0336 0.0335
3 0.4487 0.5905 0.0243 0.0317
3 0.4131 0.6876 0.0339 0.0281
3 0.4425 0.6830 0.0259 0.0307
3 0.4765 0.6779 0.0421 0.0348
3 0.5185 0.6696 0.0439 0.0355
3 0.5522 0.6644 0.0246 0.0317
3 0.6056 0.6560 0.0292 0.0353
3 0.6083 0.6175 0.0305 0.0374
3 0.6376 0.6116 0.0293 0.0372
3 0.6362 0.6507 0.0284 0.0369
3 0.6812 0.6433 0.0592 0.0436
1 0.3738 0.6659 0.0173 0.0254
1 0.3899 0.6609 0.0169 0.0265
1 0.4147 0.6567 0.0354 0.0328
1 0.4451 0.6499 0.0245 0.0309
1 0.4787 0.6445 0.0416 0.0320
1 0.5207 0.6363 0.0420 0.0346
1 0.3727 0.6931 0.0159 0.0320
1 0.3884 0.6884 0.0177 0.0276
1 0.3712 0.7231 0.0175 0.0309
1 0.3699 0.7498 0.0169 0.0276
1 0.3661 0.7802 0.0156 0.0324
1 0.3634 0.8080 0.0152 0.0291
3 0.3878 0.7197 0.0158 0.0313
1 0.4116 0.7158 0.0335 0.0324
1 0.4408 0.7141 0.0261 0.0313
1 0.3853 0.7484 0.0177 0.0261
1 0.3812 0.7797 0.0165 0.0313
1 0.4098 0.7482 0.0348 0.0295
1 0.4396 0.7460 0.0276 0.0287
1 0.4738 0.7405 0.0416 0.0339
1 0.5158 0.7349 0.0436 0.0361
1 0.3789 0.8082 0.0167 0.0295
1 0.4074 0.7771 0.0371 0.0328
1 0.4363 0.7745 0.0249 0.0298
1 0.4694 0.7727 0.0432 0.0328
1 0.5132 0.7710 0.0438 0.0353
1 0.3633 0.8388 0.0165 0.0295
1 0.3785 0.8391 0.0171 0.0302
1 0.4057 0.8084 0.0368 0.0313
1 0.4050 0.8406 0.0362 0.0316
1 0.4336 0.8073 0.0206 0.0335
1 0.4665 0.8062 0.0447 0.0335
1 0.4348 0.8389 0.0235 0.0313
1 0.4669 0.8391 0.0418 0.0317
1 0.4327 0.8697 0.0224 0.0280
1 0.4641 0.8719 0.0436 0.0324
1 0.3581 0.9003 0.0171 0.0294
1 0.3737 0.9006 0.0152 0.0317
1 0.3990 0.9026 0.0362 0.0342
1 0.4281 0.9028 0.0245 0.0361
1 0.4613 0.9082 0.0414 0.0365
1 0.5102 0.8062 0.0436 0.0335
1 0.5098 0.8399 0.0436 0.0346
1 0.5083 0.8743 0.0436 0.0365
1 0.5034 0.9117 0.0408 0.0383
1 0.5518 0.6977 0.0241 0.0324
1 0.5762 0.6944 0.0247 0.0324
1 0.6042 0.6922 0.0294 0.0331
1 0.5504 0.7320 0.0235 0.0361
1 0.5443 0.7690 0.0224 0.0379
1 0.5693 0.7683 0.0245 0.0387
1 0.5427 0.8054 0.0222 0.0357
1 0.5678 0.8051 0.0249 0.0357
1 0.5431 0.8406 0.0229 0.0368
1 0.5666 0.8408 0.0241 0.0372
1 0.5652 0.8798 0.0229 0.0387
1 0.6336 0.6896 0.0290 0.0368
1 0.7692 0.6714 0.0414 0.0401
1 0.7264 0.7187 0.0391 0.0383
1 0.7672 0.7139 0.0410 0.0405
1 0.6740 0.7633 0.0599 0.0383
1 0.6268 0.8058 0.0294 0.0335
1 0.7212 0.8025 0.0385 0.0387
1 0.7175 0.8872 0.0412 0.0394
1 0.7591 0.8886 0.0424 0.0387
1 0.8173 0.9372 0.0786 0.0438
1 0.8985 0.9420 0.0823 0.0468
1 0.9589 0.9444 0.0401 0.0479
1 0.9896 0.9457 0.0207 0.0475
1 0.9912 0.8945 0.0176 0.0475
1 0.9927 0.8430 0.0147 0.0482
1 0.9933 0.7935 0.0133 0.0464
1 0.9617 0.8940 0.0406 0.0471
1 0.9639 0.8434 0.0416 0.0482
1 0.9659 0.7935 0.0416 0.0493
1 0.8996 0.8936 0.0827 0.0471
1 0.8188 0.8912 0.0790 0.0468
1 0.9034 0.7959 0.0832 0.0438
1 0.8227 0.7984 0.0782 0.0423
1 0.8277 0.7081 0.0795 0.0515
1 0.8253 0.7541 0.0805 0.0486
1 0.9057 0.7493 0.0838 0.0523
1 0.9678 0.7460 0.0420 0.0501
1 0.9951 0.7449 0.0098 0.0457
1 0.9695 0.6972 0.0414 0.0475
1 0.9969 0.6455 0.0061 0.0449
1 0.9716 0.6475 0.0410 0.0490
1 0.9077 0.7011 0.0809 0.0486
1 0.7719 0.6290 0.0422 0.0446
1 0.7748 0.5865 0.0425 0.0446
1 0.5794 0.6241 0.0238 0.0380
1 0.5549 0.6282 0.0268 0.0403
2 0.6138 0.5069 0.0331 0.0350
2 0.5301 0.5006 0.0438 0.0342
2 0.9183 0.4164 0.0823 0.0461
2 0.6896 0.4801 0.0589 0.0323
2 0.4239 0.5374 0.0333 0.0283
2 0.4871 0.5141 0.0426 0.0356
2 0.4174 0.6272 0.0331 0.0253
2 0.4805 0.6109 0.0426 0.0311
2 0.5227 0.6020 0.0430 0.0338
2 0.7400 0.4708 0.0389 0.0358
2 0.8413 0.4363 0.0754 0.0390
3 0.9767 0.5464 0.0443 0.0573
1 0.5747 0.7303 0.0236 0.0372
2 0.6849 0.5625 0.0589 0.0418
2 0.7361 0.5498 0.0417 0.0463
2 0.8361 0.5274 0.0751 0.0467
3 0.8386 0.4793 0.0762 0.0547
3 0.6830 0.6044 0.0600 0.0430
1 0.5906 0.9195 0.0297 0.0352
1 0.5926 0.8843 0.0302 0.0337
1 0.5940 0.8447 0.0312 0.0388
1 0.5974 0.8074 0.0310 0.0352
1 0.5627 0.9174 0.0244 0.0379
3 0.4275 0.9411 0.0257 0.0369
1 0.4046 0.8705 0.0362 0.0304
2 0.6238 0.4251 0.0128 0.0401
2 0.6108 0.4234 0.0136 0.0467
2 0.6136 0.3915 0.0130 0.0574
3 0.6116 0.5434 0.0322 0.0462
2 0.5597 0.9635 0.0252 0.0519
2 0.5021 0.9476 0.0410 0.0365
2 0.5358 0.9620 0.0254 0.0542
2 0.4611 0.9495 0.0411 0.0422
2 0.3972 0.9388 0.0358 0.0359
2 0.3726 0.9343 0.0172 0.0378
2 0.3566 0.9325 0.0187 0.0350
2 0.6093 0.5829 0.0316 0.0383
2 0.6463 0.4637 0.0302 0.0344
2 0.6160 0.4699 0.0321 0.0397
2 0.5891 0.4791 0.0233 0.0369
2 0.5910 0.4437 0.0238 0.0383
2 0.5922 0.4098 0.0249 0.0339
2 0.5948 0.3749 0.0219 0.0354
2 0.5705 0.3865 0.0243 0.0343
2 0.5359 0.4008 0.0433 0.0402
1 0.9951 0.6961 0.0097 0.0476
1 0.9016 0.8417 0.0819 0.0517
1 0.8206 0.8425 0.0774 0.0456
1 0.7565 0.9301 0.0430 0.0434
1 0.7151 0.9281 0.0399 0.0423
1 0.6655 0.9253 0.0594 0.0434
1 0.6672 0.8843 0.0593 0.0415
1 0.6204 0.9212 0.0290 0.0383
1 0.6225 0.8820 0.0287 0.0395
1 0.7606 0.8431 0.0431 0.0474
1 0.7200 0.8440 0.0396 0.0438
1 0.6695 0.8428 0.0591 0.0362
1 0.6249 0.8422 0.0298 0.0373
1 0.7627 0.7987 0.0414 0.0412
1 0.6716 0.8053 0.0599 0.0398
1 0.7649 0.7557 0.0414 0.0416
1 0.7239 0.7606 0.0410 0.0410
1 0.6292 0.7680 0.0296 0.0381
1 0.5993 0.7706 0.0318 0.0376
1 0.6014 0.7296 0.0296 0.0380
1 0.5379 0.9135 0.0262 0.0383
1 0.5419 0.8773 0.0230 0.0374
1 0.3777 0.8693 0.0177 0.0308
1 0.3608 0.8693 0.0180 0.0316
3 0.5789 0.6598 0.0271 0.0312
3 0.9180 0.4640 0.0794 0.0660
3 0.9766 0.5973 0.0469 0.0499
3 0.9786 0.4513 0.0428 0.0546
2 0.9885 0.9848 0.0230 0.0305
2 0.9582 0.9846 0.0395 0.0309
2 0.8974 0.9820 0.0820 0.0359
2 0.8173 0.9797 0.0782 0.0406
2 0.7567 0.9767 0.0416 0.0463
2 0.7145 0.9762 0.0393 0.0467
2 0.6640 0.9732 0.0605 0.0498
2 0.6192 0.9691 0.0303 0.0517
2 0.5887 0.9661 0.0312 0.0523
2 0.9800 0.4074 0.0400 0.0440
2 0.9802 0.3572 0.0396 0.0627
2 0.9210 0.3749 0.0791 0.0566
