2 0.4366 0.7896 0.0777 0.1502
2 0.3555 0.8221 0.0810 0.2075
2 0.2833 0.8225 0.0929 0.2121
2 0.2200 0.8163 0.0814 0.1913
2 0.9571 0.3566 0.0859 0.1745
2 0.9439 0.2007 0.1121 0.1583
2 0.9195 0.0627 0.1103 0.1253
2 0.9788 0.5475 0.0424 0.1995
2 0.2682 0.2854 0.0725 0.1030
2 0.3276 0.2825 0.0716 0.1049
2 0.3862 0.2882 0.0674 0.1087
2 0.5349 0.2854 0.1138 0.1068
2 0.6213 0.2844 0.0556 0.1087
2 0.6798 0.2882 0.0581 0.1125
2 0.6293 0.3998 0.0666 0.1183
2 0.5378 0.3969 0.1213 0.1163
2 0.4452 0.3941 0.0725 0.1144
2 0.3200 0.3950 0.0716 0.1125
2 0.2589 0.3960 0.0741 0.1144
2 0.2455 0.5142 0.0758 0.1259
2 0.3769 0.5114 0.0741 0.1202
2 0.4426 0.5142 0.0742 0.1259
2 0.5399 0.5161 0.1239 0.1297
2 0.6322 0.5180 0.0640 0.1297
2 0.6984 0.5171 0.0682 0.1240
2 0.1325 0.6478 0.1483 0.1373
2 0.2290 0.6487 0.0868 0.1392
2 0.0305 0.7631 0.0609 0.0858
2 0.1157 0.7908 0.1449 0.1373
2 0.5442 0.8213 0.1508 0.2251
2 0.3689 0.6468 0.0767 0.1507
2 0.4393 0.6449 0.0775 0.1354
2 0.5446 0.6468 0.1331 0.1354
2 0.7076 0.6478 0.0750 0.1335
2 0.7470 0.3990 0.0734 0.1087
2 0.7601 0.5163 0.0843 0.1297
2 0.7736 0.6498 0.0911 0.1411
2 0.7795 0.2770 0.0354 0.1621
2 0.8077 0.5144 0.0430 0.1755
2 0.8254 0.6375 0.0447 0.1926
2 0.6571 0.8213 0.0884 0.2136
2 0.0146 0.5133 0.0292 0.1163
2 0.0360 0.2844 0.0715 0.1049
2 0.8310 0.1625 0.0852 0.2260
2 0.8793 0.4353 0.1036 0.2460
2 0.8544 0.2837 0.0766 0.2138
2 0.0950 0.2836 0.0675 0.0992
2 0.1874 0.2854 0.1179 0.1068
2 0.0828 0.3922 0.0677 0.1144
2 0.1552 0.5133 0.1299 0.1240
2 0.0350 0.6439 0.0700 0.1373
2 0.7868 0.8263 0.0973 0.2117
2 0.0608 0.5114 0.0738 0.1240
2 0.0283 0.3912 0.0566 0.1202
2 0.1730 0.3912 0.1247 0.1125
2 0.6423 0.6468 0.0758 0.1430
2 0.7177 0.8280 0.0733 0.2193
2 0.2973 0.6487 0.0851 0.1430
2 0.6887 0.3969 0.0657 0.1125
2 0.3103 0.5133 0.0758 0.1240
2 0.3815 0.3950 0.0699 0.1087
2 0.4494 0.2882 0.0674 0.1087
2 0.8028 0.3851 0.0467 0.1633
2 0.8444 0.8146 0.0411 0.2202
2 0.9004 0.5768 0.1121 0.2568
2 0.9316 0.7414 0.1368 0.1984
2 0.7370 0.2892 0.0775 0.1066
2 0.9749 0.0607 0.0501 0.1215
