3 0.1727 0.0967 0.0761 0.0250
3 0.1887 0.0718 0.0687 0.0247
3 0.1599 0.1232 0.0774 0.0269
3 0.1304 0.1852 0.0831 0.0342
3 0.2304 0.1245 0.0714 0.0283
3 0.2185 0.1538 0.0728 0.0287
3 0.2078 0.1858 0.0763 0.0353
1 0.1037 0.4647 0.1066 0.0630
1 0.1237 0.4045 0.0999 0.0573
1 0.1410 0.3505 0.0946 0.0483
1 0.0932 0.2591 0.0903 0.0382
1 0.1771 0.2607 0.0879 0.0382
1 0.1584 0.3029 0.0932 0.0472
1 0.2626 0.2610 0.1037 0.0408
1 0.2529 0.3052 0.1048 0.0467
1 0.2384 0.3522 0.1155 0.0504
1 0.2116 0.4664 0.1261 0.0636
1 0.1970 0.5325 0.1309 0.0725
1 0.9021 0.4147 0.1819 0.0599
1 0.1799 0.6091 0.1369 0.0843
3 0.1989 0.0496 0.0663 0.0206
3 0.1463 0.1528 0.0812 0.0291
3 0.1102 0.2209 0.0916 0.0357
1 0.9664 0.2707 0.0536 0.0409
1 0.8490 0.2703 0.1820 0.0431
1 0.9810 0.3147 0.0272 0.0442
1 0.8741 0.3145 0.1972 0.0493
3 0.5977 0.1600 0.0953 0.0347
1 0.2892 0.6935 0.1425 0.0898
1 0.6788 0.6976 0.1664 0.0955
1 0.9188 0.5422 0.1486 0.0763
1 0.6442 0.4706 0.1372 0.0647
1 0.7710 0.4730 0.1409 0.0663
1 0.3287 0.4065 0.1141 0.0562
1 0.4745 0.3068 0.1762 0.0445
1 0.0682 0.3021 0.1050 0.0445
1 0.0752 0.5318 0.1232 0.0725
3 0.4811 0.9185 0.2872 0.1576
1 0.1310 0.7920 0.1800 0.1081
1 0.4746 0.4670 0.2068 0.0645
3 0.4785 0.1891 0.1538 0.0338
1 0.8389 0.7024 0.1752 0.0999
1 0.9406 0.6194 0.1187 0.0853
3 0.2480 0.0737 0.0734 0.0239
1 0.7563 0.4129 0.1274 0.0604
3 0.0632 0.1521 0.0974 0.0298
3 0.6573 0.0558 0.0814 0.0221
1 0.9547 0.7043 0.0907 0.0999
1 0.1562 0.6951 0.1584 0.0942
1 0.8626 0.8004 0.1849 0.1089
3 0.4807 0.1002 0.1357 0.0225
3 0.8073 0.1609 0.1654 0.0350
3 0.0347 0.0461 0.0404 0.0261
3 0.1030 0.0483 0.1314 0.0232
3 0.2557 0.0507 0.0697 0.0214
3 0.3224 0.0505 0.0798 0.0203
3 0.3903 0.0510 0.0687 0.0214
3 0.3863 0.0751 0.0734 0.0239
3 0.3158 0.0735 0.0804 0.0243
3 0.0882 0.0707 0.1378 0.0217
3 0.0791 0.0950 0.1293 0.0261
3 0.0717 0.1219 0.1133 0.0276
3 0.0549 0.1843 0.0798 0.0353
3 0.2384 0.0980 0.0745 0.0247
3 0.3091 0.0993 0.0851 0.0243
3 0.3004 0.1256 0.0910 0.0276
3 0.2911 0.1547 0.0937 0.0298
3 0.2828 0.1862 0.0974 0.0331
3 0.3817 0.0991 0.0750 0.0254
3 0.3748 0.1261 0.0793 0.0280
3 0.3716 0.1552 0.0814 0.0302
3 0.3647 0.1878 0.0836 0.0328
3 0.0445 0.2200 0.0612 0.0376
3 0.1871 0.2211 0.0931 0.0368
2 0.9760 0.0815 0.0355 0.0239
3 0.2719 0.2217 0.1054 0.0372
3 0.3586 0.2237 0.0915 0.0376
3 0.4775 0.2637 0.1676 0.0401
3 0.4775 0.2244 0.1591 0.0353
3 0.4788 0.1569 0.1447 0.0298
3 0.4802 0.1267 0.1399 0.0269
3 0.4820 0.0764 0.1298 0.0221
3 0.4820 0.0527 0.1256 0.0217
3 0.5809 0.0547 0.0766 0.0214
3 0.5854 0.0777 0.0857 0.0247
3 0.5884 0.1027 0.0873 0.0277
3 0.5929 0.1298 0.0910 0.0288
3 0.6038 0.1917 0.0990 0.0361
3 0.6094 0.2274 0.1048 0.0383
1 0.6131 0.2662 0.1112 0.0431
3 0.6623 0.0805 0.0873 0.0251
3 0.7596 0.0575 0.1373 0.0210
3 0.8833 0.0576 0.1325 0.0214
3 0.9003 0.0821 0.1474 0.0247
3 0.6713 0.1035 0.0905 0.0269
3 0.7809 0.1061 0.1522 0.0269
3 0.9179 0.1079 0.1506 0.0269
3 0.9336 0.1639 0.1170 0.0342
3 0.9429 0.1963 0.1026 0.0342
3 0.9511 0.2320 0.0819 0.0387
1 0.7158 0.2672 0.1143 0.0434
3 0.7054 0.2283 0.1053 0.0387
3 0.8362 0.2303 0.1830 0.0412
3 0.8222 0.1950 0.1739 0.0368
3 0.6942 0.1932 0.1021 0.0383
3 0.6857 0.1606 0.1000 0.0350
3 0.7940 0.1330 0.1590 0.0320
3 0.6780 0.1313 0.0963 0.0317
2 0.9671 0.0582 0.0532 0.0227
2 0.9855 0.1028 0.0137 0.0169
3 0.1105 0.9162 0.1787 0.1475
3 0.2627 0.9194 0.1654 0.1539
3 0.7107 0.9208 0.1959 0.1585
3 0.8808 0.9198 0.1946 0.1493
3 0.9767 0.9198 0.0371 0.1310
1 0.0450 0.7925 0.0609 0.1090
1 0.0516 0.6945 0.0847 0.0944
1 0.0642 0.6097 0.1019 0.0843
1 0.0329 0.4647 0.0369 0.0643
1 0.0462 0.4039 0.0635 0.0560
1 0.0573 0.3511 0.0837 0.0509
1 0.2199 0.4058 0.1315 0.0560
1 0.0338 0.2586 0.0391 0.0371
1 0.3497 0.2628 0.0935 0.0403
1 0.3443 0.3063 0.0981 0.0467
1 0.6196 0.3084 0.1126 0.0456
1 0.4761 0.3556 0.1870 0.0498
1 0.3371 0.3540 0.1049 0.0478
1 0.3107 0.5335 0.1179 0.0706
1 0.3214 0.4667 0.1164 0.0621
1 0.4742 0.5356 0.2198 0.0684
1 0.4730 0.4081 0.1976 0.0531
1 0.6266 0.3569 0.1172 0.0525
1 0.6350 0.4107 0.1310 0.0616
1 0.6542 0.5375 0.1478 0.0742
1 0.7296 0.3113 0.1195 0.0483
1 0.7403 0.3596 0.1287 0.0535
1 0.7878 0.5388 0.1501 0.0758
1 0.8900 0.3620 0.2075 0.0562
1 0.9096 0.4770 0.1670 0.0668
1 0.3002 0.6092 0.1296 0.0790
1 0.4758 0.6101 0.2362 0.0758
1 0.4767 0.6941 0.2527 0.0885
1 0.2759 0.7921 0.1489 0.1050
1 0.4748 0.7908 0.2656 0.1000
1 0.6655 0.6133 0.1563 0.0809
1 0.6935 0.7959 0.1793 0.1089
1 0.8093 0.6159 0.1664 0.0834
1 0.9642 0.8029 0.0716 0.1012
3 0.7716 0.0807 0.1442 0.0247
3 0.9248 0.1342 0.1346 0.0302
