3 0.6713 0.9208 0.1378 0.0177
2 0.4501 0.7722 0.0730 0.0191
3 0.2269 0.9545 0.1435 0.0167
2 0.5530 0.8125 0.1332 0.0191
2 0.1171 0.8064 0.0729 0.0189
2 0.3622 0.7894 0.1239 0.0201
3 0.6717 0.9032 0.1405 0.0167
2 0.3615 0.8092 0.1048 0.0198
2 0.2284 0.8073 0.1566 0.0182
3 0.2280 0.9191 0.1468 0.0192
3 0.3499 0.9549 0.0978 0.0172
2 0.6816 0.8308 0.1256 0.0207
2 0.0506 0.8428 0.0729 0.0189
2 0.3566 0.8644 0.1071 0.0198
2 0.1202 0.8611 0.0677 0.0174
3 0.1953 0.2067 0.0437 0.0179
2 0.4476 0.8828 0.0721 0.0191
3 0.6765 0.8846 0.1323 0.0185
2 0.1187 0.8427 0.0724 0.0170
3 0.5385 0.9203 0.1279 0.0191
2 0.5491 0.8486 0.1297 0.0174
2 0.3595 0.8452 0.1077 0.0182
2 0.5544 0.7733 0.1388 0.0222
3 0.0778 0.9179 0.1494 0.0178
3 0.4379 0.9549 0.0718 0.0166
2 0.1177 0.7857 0.0729 0.0189
2 0.6823 0.8131 0.1306 0.0212
2 0.5429 0.8846 0.1345 0.0177
2 0.5528 0.8295 0.1393 0.0204
2 0.4494 0.8280 0.0722 0.0194
3 0.4429 0.9198 0.0645 0.0170
2 0.4510 0.7906 0.0748 0.0193
3 0.5379 0.9552 0.1298 0.0165
3 0.0760 0.9546 0.1506 0.0200
3 0.3572 0.9014 0.1041 0.0181
2 0.6785 0.8485 0.1310 0.0167
2 0.0499 0.8037 0.0729 0.0189
3 0.3569 0.9205 0.1041 0.0181
2 0.2307 0.7885 0.1614 0.0235
2 0.5528 0.7939 0.1388 0.0222
3 0.4402 0.9373 0.0635 0.0183
3 0.0822 0.8802 0.1378 0.0199
2 0.6776 0.8666 0.1309 0.0169
2 0.0529 0.7850 0.0729 0.0189
2 0.5519 0.8657 0.1312 0.0184
2 0.3570 0.8828 0.1079 0.0178
2 0.3619 0.7719 0.1126 0.0204
3 0.0758 0.9383 0.1509 0.0184
2 0.0526 0.8607 0.0780 0.0189
3 0.5385 0.9380 0.1250 0.0173
2 0.2884 0.2230 0.0520 0.0401
2 0.2287 0.8255 0.1614 0.0191
2 0.4514 0.8467 0.0785 0.0186
2 0.2283 0.8638 0.1615 0.0177
3 0.2284 0.8818 0.1547 0.0204
2 0.1199 0.8234 0.0702 0.0196
2 0.6840 0.7941 0.1292 0.0185
2 0.3608 0.8270 0.1052 0.0192
3 0.6702 0.9564 0.1366 0.0196
2 0.4494 0.8103 0.0777 0.0206
2 0.0521 0.8231 0.0729 0.0189
3 0.4423 0.9028 0.0653 0.0195
2 0.6864 0.7768 0.1313 0.0190
3 0.6663 0.9391 0.1408 0.0182
3 0.5409 0.9020 0.1267 0.0182
3 0.3533 0.9370 0.1067 0.0184
2 0.2280 0.8447 0.1570 0.0188
3 0.2277 0.9011 0.1495 0.0176
3 0.2265 0.9372 0.1442 0.0198
2 0.4491 0.8647 0.0753 0.0193
3 0.0808 0.8990 0.1489 0.0180
