2 0.3207 0.4981 0.0272 0.0408
3 0.6890 0.8146 0.0303 0.0371
2 0.7344 0.7794 0.0542 0.0385
2 0.3190 0.5750 0.0259 0.0394
2 0.5114 0.5052 0.0349 0.0352
2 0.2530 0.3833 0.0600 0.0352
2 0.0933 0.4572 0.0550 0.0393
3 0.5077 0.7326 0.0362 0.0392
2 0.6599 0.5864 0.0249 0.0373
2 0.0297 0.4960 0.0242 0.0424
3 0.2863 0.6888 0.0314 0.0358
2 0.4285 0.5392 0.0564 0.0344
3 0.0541 0.8425 0.0221 0.0393
1 0.3407 0.8915 0.0334 0.0413
1 0.4692 0.8522 0.0345 0.0390
2 0.1437 0.3789 0.0390 0.0392
3 0.1820 0.7261 0.0660 0.0376
3 0.4253 0.6539 0.0574 0.0352
3 0.1839 0.6471 0.0619 0.0384
2 0.8381 0.7434 0.0521 0.0378
2 0.3369 0.9837 0.0346 0.0326
1 0.6172 0.7757 0.0571 0.0360
3 0.6886 0.7395 0.0319 0.0365
3 0.8408 0.8947 0.0521 0.0377
1 0.1275 0.8060 0.0369 0.0426
2 0.3511 0.5376 0.0328 0.0370
1 0.2739 0.9322 0.0313 0.0446
1 0.2817 0.8086 0.0312 0.0409
1 0.3452 0.7310 0.0335 0.0362
2 0.9597 0.8186 0.0219 0.0323
3 0.2367 0.8098 0.0540 0.0400
1 0.1770 0.8472 0.0654 0.0392
2 0.1292 0.9716 0.0307 0.0506
2 0.5539 0.9789 0.0605 0.0422
2 0.6607 0.4764 0.0258 0.0378
3 0.3167 0.6507 0.0282 0.0369
3 0.0883 0.6471 0.0495 0.0372
3 0.1836 0.6877 0.0637 0.0363
2 0.7339 0.7052 0.0533 0.0385
2 0.7355 0.8556 0.0566 0.0380
3 0.9249 0.8897 0.0482 0.0355
2 0.1422 0.4586 0.0394 0.0418
2 0.2476 0.5350 0.0544 0.0347
2 0.3243 0.3838 0.0277 0.0379
1 0.0847 0.8050 0.0455 0.0370
3 0.6597 0.6213 0.0246 0.0356
2 0.8384 0.7807 0.0536 0.0367
2 0.0292 0.5339 0.0232 0.0437
2 0.1921 0.4586 0.0602 0.0379
2 0.6890 0.5152 0.0289 0.0405
2 0.8812 0.7447 0.0343 0.0359
2 0.9590 0.7826 0.0226 0.0365
3 0.7338 0.8954 0.0542 0.0393
2 0.4185 0.9843 0.0549 0.0305
2 0.3507 0.5746 0.0343 0.0392
2 0.9671 0.6729 0.0256 0.0371
3 0.0278 0.6113 0.0204 0.0357
1 0.0846 0.7658 0.0473 0.0393
2 0.2513 0.4207 0.0548 0.0430
3 0.0329 0.7253 0.0139 0.0395
2 0.6893 0.5518 0.0296 0.0391
1 0.5068 0.8148 0.0350 0.0379
2 0.2941 0.4203 0.0303 0.0406
2 0.6890 0.4781 0.0287 0.0397
2 0.8805 0.7091 0.0343 0.0359
2 0.7875 0.8166 0.0507 0.0342
1 0.3722 0.9365 0.0315 0.0438
2 0.7892 0.9801 0.0526 0.0398
1 0.3778 0.7307 0.0291 0.0382
3 0.3112 0.8109 0.0294 0.0393
3 0.4705 0.7736 0.0347 0.0387
1 0.6159 0.8150 0.0575 0.0384
3 0.9895 0.6792 0.0206 0.0343
3 0.7897 0.9357 0.0497 0.0377
2 0.0968 0.9663 0.0414 0.0512
2 0.1893 0.5342 0.0618 0.0353
2 0.2462 0.5731 0.0532 0.0338
2 0.9802 0.7485 0.0232 0.0367
3 0.3065 0.8890 0.0305 0.0404
1 0.1747 0.8890 0.0616 0.0407
2 0.3230 0.4212 0.0276 0.0407
1 0.4196 0.8941 0.0584 0.0444
3 0.5094 0.6155 0.0343 0.0350
2 0.8826 0.8177 0.0333 0.0365
3 0.0875 0.7242 0.0477 0.0341
3 0.0883 0.6862 0.0481 0.0375
2 0.2488 0.4981 0.0543 0.0366
3 0.3821 0.6122 0.0291 0.0362
2 0.0551 0.4572 0.0236 0.0389
3 0.3177 0.6115 0.0262 0.0367
2 0.9585 0.7489 0.0236 0.0359
2 0.7862 0.7423 0.0484 0.0412
2 0.3520 0.4999 0.0343 0.0380
2 0.8849 0.9308 0.0341 0.0402
2 0.0946 0.4188 0.0548 0.0451
3 0.1355 0.6106 0.0397 0.0377
2 0.3541 0.4614 0.0324 0.0370
2 0.6180 0.5842 0.0554 0.0308
2 0.2953 0.3847 0.0280 0.0385
1 0.1792 0.7679 0.0642 0.0442
1 0.6888 0.9319 0.0295 0.0393
3 0.8844 0.8910 0.0323 0.0399
2 0.2498 0.4592 0.0559 0.0393
1 0.3750 0.8511 0.0309 0.0393
1 0.5061 0.8526 0.0344 0.0401
3 0.2859 0.6502 0.0316 0.0356
2 0.1411 0.4956 0.0399 0.0367
1 0.3757 0.8118 0.0300 0.0368
3 0.9851 0.8895 0.0229 0.0354
1 0.0861 0.8437 0.0414 0.0411
1 0.4224 0.7719 0.0580 0.0371
3 0.1320 0.6852 0.0377 0.0374
3 0.3086 0.8500 0.0299 0.0379
1 0.6156 0.8963 0.0562 0.0403
1 0.4704 0.8129 0.0360 0.0411
2 0.7876 0.8553 0.0518 0.0383
3 0.3160 0.7310 0.0243 0.0394
3 0.9263 0.9292 0.0482 0.0355
2 0.1875 0.5736 0.0597 0.0385
2 0.6185 0.5104 0.0546 0.0319
1 0.1785 0.8071 0.0661 0.0405
1 0.3475 0.6909 0.0315 0.0369
3 0.6168 0.7363 0.0550 0.0360
2 0.6156 0.9794 0.0605 0.0411
2 0.2928 0.4601 0.0303 0.0422
2 0.2275 0.9841 0.0518 0.0318
1 0.0881 0.8821 0.0401 0.0450
1 0.6596 0.7760 0.0238 0.0383
2 0.8394 0.8173 0.0528 0.0358
2 0.1708 0.9737 0.0542 0.0468
2 0.7347 0.8151 0.0536 0.0374
3 0.3046 0.9338 0.0299 0.0433
2 0.3194 0.5354 0.0271 0.0412
3 0.3158 0.6904 0.0259 0.0386
2 0.0286 0.5734 0.0230 0.0388
2 0.6884 0.9825 0.0317 0.0350
3 0.4715 0.6937 0.0357 0.0361
2 0.0912 0.5712 0.0574 0.0360
2 0.0522 0.5346 0.0246 0.0407
1 0.3379 0.9336 0.0338 0.0420
2 0.0533 0.4951 0.0245 0.0408
3 0.5592 0.6171 0.0592 0.0379
2 0.9247 0.8176 0.0488 0.0324
2 0.9624 0.9745 0.0210 0.0439
2 0.0928 0.4953 0.0551 0.0363
3 0.2444 0.6115 0.0578 0.0325
2 0.2701 0.9834 0.0355 0.0330
2 0.2894 0.5730 0.0309 0.0347
2 0.0308 0.4577 0.0239 0.0427
3 0.1301 0.7246 0.0376 0.0382
3 0.1856 0.6090 0.0613 0.0353
2 0.3863 0.4617 0.0290 0.0382
2 0.4676 0.9842 0.0374 0.0313
2 0.9837 0.9735 0.0210 0.0439
3 0.8408 0.9344 0.0514 0.0403
2 0.7334 0.7411 0.0533 0.0385
2 0.2905 0.5375 0.0292 0.0392
3 0.9897 0.6589 0.0206 0.0343
2 0.1906 0.4981 0.0621 0.0379
2 0.9226 0.7458 0.0482 0.0356
1 0.5561 0.8553 0.0604 0.0360
3 0.1340 0.6490 0.0382 0.0357
2 0.7860 0.7804 0.0498 0.0372
3 0.9854 0.9266 0.0229 0.0354
3 0.3158 0.7726 0.0238 0.0402
3 0.4248 0.6923 0.0580 0.0350
3 0.6158 0.8578 0.0567 0.0383
2 0.6181 0.5485 0.0555 0.0323
2 0.6590 0.9822 0.0257 0.0346
2 0.4762 0.5050 0.0341 0.0343
1 0.0898 0.9203 0.0401 0.0403
3 0.4714 0.7345 0.0363 0.0375
1 0.1256 0.8472 0.0346 0.0444
2 0.4271 0.5759 0.0567 0.0338
2 0.6889 0.5886 0.0286 0.0364
1 0.4183 0.9363 0.0576 0.0450
1 0.5552 0.8933 0.0605 0.0419
1 0.2747 0.8901 0.0318 0.0432
3 0.6173 0.6967 0.0551 0.0361
2 0.3699 0.9843 0.0336 0.0314
2 0.8822 0.7813 0.0331 0.0370
3 0.9624 0.9292 0.0229 0.0354
3 0.3490 0.6511 0.0307 0.0333
2 0.7866 0.7055 0.0505 0.0366
1 0.3794 0.6898 0.0299 0.0373
3 0.6179 0.6590 0.0552 0.0363
1 0.6598 0.9312 0.0255 0.0418
2 0.5112 0.5412 0.0362 0.0352
2 0.1386 0.5330 0.0385 0.0369
2 0.1944 0.3814 0.0600 0.0376
1 0.3758 0.7709 0.0288 0.0368
2 0.9785 0.7132 0.0220 0.0368
2 0.9834 0.8550 0.0229 0.0354
3 0.6594 0.8137 0.0251 0.0370
3 0.5093 0.6534 0.0346 0.0357
1 0.2319 0.8887 0.0518 0.0460
3 0.5086 0.6962 0.0352 0.0334
2 0.3224 0.4608 0.0271 0.0405
2 0.4292 0.5025 0.0562 0.0341
2 0.5601 0.5072 0.0601 0.0312
2 0.4302 0.4633 0.0555 0.0378
3 0.3805 0.6507 0.0269 0.0345
3 0.4733 0.6145 0.0341 0.0366
3 0.3453 0.7710 0.0324 0.0400
3 0.2429 0.6497 0.0532 0.0376
1 0.6886 0.8932 0.0306 0.0425
2 0.6602 0.5506 0.0253 0.0373
2 0.9820 0.8227 0.0229 0.0340
3 0.0275 0.6465 0.0220 0.0380
1 0.5545 0.9366 0.0624 0.0429
1 0.1256 0.8860 0.0333 0.0427
3 0.6179 0.6192 0.0547 0.0364
3 0.4261 0.6142 0.0574 0.0352
3 0.4233 0.7322 0.0584 0.0372
3 0.6889 0.6246 0.0294 0.0339
1 0.5567 0.8127 0.0602 0.0390
2 0.9268 0.9745 0.0473 0.0396
2 0.9234 0.7820 0.0480 0.0357
2 0.6599 0.5120 0.0254 0.0376
1 0.4675 0.9364 0.0351 0.0413
1 0.3735 0.8930 0.0288 0.0422
2 0.5100 0.5785 0.0356 0.0349
1 0.1259 0.9258 0.0323 0.0439
3 0.2390 0.7695 0.0577 0.0423
2 0.8438 0.9781 0.0552 0.0377
1 0.5073 0.7732 0.0339 0.0361
3 0.6599 0.8528 0.0248 0.0401
3 0.0506 0.6087 0.0247 0.0393
3 0.6598 0.6967 0.0245 0.0367
2 0.5041 0.9790 0.0363 0.0414
3 0.5581 0.6953 0.0594 0.0350
1 0.6159 0.9384 0.0560 0.0403
2 0.8385 0.7071 0.0509 0.0356
2 0.0516 0.5714 0.0239 0.0376
2 0.7355 0.9600 0.0536 0.0799
1 0.2775 0.8489 0.0312 0.0409
2 0.4772 0.4672 0.0337 0.0338
1 0.6889 0.7771 0.0309 0.0356
3 0.0520 0.7254 0.0235 0.0386
2 0.3833 0.5761 0.0279 0.0390
2 0.0312 0.4196 0.0242 0.0428
1 0.3432 0.8111 0.0324 0.0370
1 0.6592 0.7366 0.0238 0.0369
1 0.3426 0.8500 0.0329 0.0388
1 0.6595 0.8930 0.0252 0.0401
3 0.6885 0.8529 0.0301 0.0387
1 0.4689 0.8950 0.0370 0.0376
2 0.1928 0.4183 0.0600 0.0414
2 0.5598 0.5449 0.0600 0.0333
2 0.8400 0.8545 0.0553 0.0401
2 0.5589 0.5808 0.0607 0.0334
1 0.0516 0.7634 0.0221 0.0377
1 0.5047 0.9375 0.0364 0.0405
1 0.5054 0.8943 0.0348 0.0383
3 0.0512 0.8026 0.0221 0.0377
1 0.2286 0.9321 0.0569 0.0446
2 0.9585 0.7124 0.0256 0.0397
1 0.4198 0.8517 0.0590 0.0405
2 0.5124 0.4682 0.0353 0.0339
2 0.9599 0.8548 0.0225 0.0393
2 0.4749 0.5411 0.0349 0.0360
2 0.6194 0.4723 0.0554 0.0337
1 0.1707 0.9281 0.0571 0.0400
1 0.5572 0.7736 0.0603 0.0370
2 0.3843 0.5389 0.0289 0.0397
3 0.6890 0.6994 0.0311 0.0347
3 0.2429 0.6872 0.0536 0.0387
3 0.2354 0.8491 0.0525 0.0379
1 0.1292 0.7664 0.0398 0.0428
2 0.4745 0.5786 0.0338 0.0361
3 0.3493 0.6125 0.0309 0.0353
3 0.0509 0.6862 0.0227 0.0362
3 0.7887 0.8939 0.0497 0.0377
2 0.1374 0.5715 0.0376 0.0377
1 0.4220 0.8118 0.0581 0.0372
2 0.8842 0.9757 0.0348 0.0433
2 0.8829 0.8535 0.0342 0.0397
2 0.9814 0.7841 0.0226 0.0327
3 0.2864 0.7283 0.0329 0.0418
2 0.0915 0.5341 0.0562 0.0391
3 0.2420 0.7278 0.0534 0.0384
2 0.5604 0.4695 0.0611 0.0363
3 0.5572 0.7335 0.0599 0.0387
3 0.5583 0.6557 0.0592 0.0362
3 0.0285 0.6856 0.0205 0.0395
3 0.0506 0.6480 0.0237 0.0420
2 0.9214 0.7097 0.0482 0.0356
2 0.0556 0.4176 0.0256 0.0414
3 0.4734 0.6558 0.0350 0.0368
3 0.9615 0.8918 0.0229 0.0354
3 0.2874 0.6107 0.0307 0.0376
3 0.6889 0.6615 0.0303 0.0348
2 0.2917 0.4990 0.0312 0.0428
3 0.6596 0.6616 0.0247 0.0355
1 0.2855 0.7688 0.0351 0.0367
3 0.0897 0.6097 0.0519 0.0364
2 0.3853 0.5004 0.0294 0.0389
2 0.3027 0.9835 0.0306 0.0330
2 0.1436 0.4173 0.0394 0.0419
2 0.9248 0.8519 0.0489 0.0426
