2 0.3441 0.8270 0.0312 0.0352
2 0.8666 0.7538 0.0291 0.0351
2 0.5192 0.7596 0.0350 0.0363
2 0.7046 0.8263 0.0277 0.0353
2 0.3446 0.7938 0.0321 0.0334
2 0.8974 0.7526 0.0351 0.0362
2 0.3129 0.7949 0.0309 0.0346
2 0.7735 0.9260 0.0506 0.0330
2 0.3735 0.7942 0.0290 0.0345
2 0.2832 0.8291 0.0285 0.0324
2 0.1964 0.7953 0.0316 0.0345
2 0.8985 0.7865 0.0369 0.0354
2 0.6437 0.8261 0.0297 0.0348
2 0.3750 0.8297 0.0277 0.0351
2 0.3129 0.7608 0.0322 0.0375
2 0.6426 0.7908 0.0304 0.0343
2 0.2400 0.7616 0.0524 0.0348
2 0.2824 0.7601 0.0318 0.0368
2 0.1959 0.7607 0.0327 0.0364
2 0.3441 0.7605 0.0317 0.0343
2 0.5196 0.7933 0.0340 0.0311
2 0.3738 0.7265 0.0263 0.0355
2 0.8255 0.7538 0.0524 0.0327
2 0.2827 0.7955 0.0284 0.0321
2 0.7321 0.7896 0.0312 0.0355
2 0.0629 0.7611 0.0501 0.0332
2 0.3737 0.7606 0.0283 0.0352
2 0.6727 0.7566 0.0332 0.0366
3 0.6771 0.6712 0.0209 0.0177
3 0.6769 0.6899 0.0213 0.0192
2 0.6742 0.8257 0.0317 0.0340
2 0.4153 0.8275 0.0553 0.0326
2 0.3129 0.7267 0.0324 0.0356
2 0.8664 0.8201 0.0290 0.0338
2 0.6734 0.7909 0.0313 0.0343
2 0.8984 0.8210 0.0377 0.0345
2 0.2408 0.7274 0.0526 0.0328
2 0.5201 0.8267 0.0331 0.0344
2 0.7042 0.7906 0.0275 0.0348
2 0.6426 0.7562 0.0295 0.0358
2 0.8663 0.7873 0.0261 0.0320
2 0.5550 0.7582 0.0352 0.0351
2 0.8975 0.7186 0.0359 0.0339
2 0.2822 0.7261 0.0302 0.0346
2 0.0254 0.7609 0.0258 0.0358
2 0.7716 0.7544 0.0512 0.0326
2 0.8658 0.7187 0.0285 0.0316
2 0.7730 0.8222 0.0502 0.0332
2 0.5545 0.7916 0.0343 0.0345
2 0.3454 0.7257 0.0312 0.0366
2 0.1176 0.7619 0.0552 0.0308
2 0.7330 0.9285 0.0286 0.0342
2 0.8987 0.9217 0.0341 0.0350
2 0.7324 0.8941 0.0292 0.0352
2 0.9799 0.7164 0.0255 0.0320
2 0.7051 0.9275 0.0283 0.0369
2 0.7311 0.7209 0.0301 0.0342
2 0.7333 0.9898 0.0287 0.0204
3 0.7330 0.9601 0.0271 0.0342
1 0.6408 0.7266 0.0262 0.0215
3 0.2830 0.9673 0.0282 0.0341
2 0.7324 0.8260 0.0305 0.0337
3 0.9846 0.8842 0.0229 0.0331
3 0.9823 0.8510 0.0228 0.0324
2 0.6443 0.9897 0.0288 0.0206
2 0.7314 0.7555 0.0298 0.0365
2 0.8274 0.9245 0.0555 0.0317
3 0.7740 0.8906 0.0540 0.0353
2 0.8261 0.8223 0.0532 0.0313
2 0.7029 0.7565 0.0286 0.0374
2 0.8269 0.7885 0.0537 0.0347
2 0.7732 0.7887 0.0516 0.0321
2 0.5998 0.7578 0.0529 0.0311
2 0.0629 0.7948 0.0521 0.0318
2 0.6007 0.8264 0.0555 0.0330
2 0.4724 0.7601 0.0581 0.0339
2 0.0243 0.7281 0.0263 0.0323
2 0.9426 0.8188 0.0513 0.0341
2 0.4718 0.7246 0.0584 0.0338
2 0.9426 0.7847 0.0532 0.0343
2 0.1954 0.7261 0.0336 0.0315
3 0.3716 0.9650 0.0264 0.0364
2 0.5996 0.7913 0.0541 0.0334
2 0.0233 0.7943 0.0253 0.0318
2 0.7058 0.9903 0.0263 0.0193
2 0.4727 0.7938 0.0582 0.0306
2 0.8693 0.9877 0.0277 0.0245
2 0.1623 0.7261 0.0321 0.0314
2 0.9859 0.9850 0.0281 0.0301
2 0.1167 0.7956 0.0549 0.0346
2 0.7027 0.7212 0.0286 0.0342
2 0.8298 0.9882 0.0547 0.0237
2 0.9003 0.9866 0.0358 0.0268
2 0.6025 0.9899 0.0536 0.0203
2 0.6760 0.9906 0.0318 0.0189
2 0.4148 0.7934 0.0536 0.0327
2 0.7763 0.9889 0.0520 0.0222
2 0.9446 0.9859 0.0529 0.0282
3 0.7047 0.9619 0.0291 0.0364
2 0.9807 0.7501 0.0258 0.0348
2 0.9413 0.7181 0.0510 0.0338
2 0.9818 0.7846 0.0259 0.0340
2 0.8684 0.9236 0.0259 0.0332
2 0.9835 0.9195 0.0246 0.0356
2 0.9816 0.8184 0.0257 0.0332
2 0.9970 0.7489 0.0061 0.0336
3 0.8694 0.8886 0.0291 0.0365
3 0.9454 0.8530 0.0519 0.0326
2 0.9966 0.7165 0.0068 0.0315
3 0.8698 0.9581 0.0271 0.0333
3 0.9004 0.8530 0.0374 0.0320
3 0.9860 0.9528 0.0271 0.0329
3 0.8283 0.8903 0.0547 0.0332
3 0.8690 0.8535 0.0282 0.0324
2 0.9969 0.7840 0.0062 0.0343
3 0.7727 0.9609 0.0512 0.0326
3 0.9013 0.8883 0.0372 0.0359
3 0.8278 0.9591 0.0577 0.0329
3 0.9467 0.9541 0.0527 0.0361
2 0.9977 0.9186 0.0046 0.0339
3 0.9019 0.9565 0.0369 0.0351
3 0.6446 0.9623 0.0284 0.0351
3 0.6740 0.9618 0.0281 0.0353
2 0.8250 0.7197 0.0545 0.0334
2 0.9426 0.7498 0.0531 0.0354
2 0.7051 0.8938 0.0269 0.0328
2 0.7721 0.7208 0.0511 0.0350
2 0.9440 0.9216 0.0521 0.0350
3 0.8259 0.8562 0.0516 0.0345
3 0.7327 0.8582 0.0298 0.0356
3 0.6440 0.9279 0.0290 0.0343
3 0.7737 0.8573 0.0514 0.0334
3 0.7037 0.8604 0.0283 0.0331
3 0.6429 0.8594 0.0288 0.0351
3 0.6433 0.8941 0.0290 0.0352
3 0.6733 0.8934 0.0298 0.0339
3 0.6731 0.8589 0.0303 0.0357
3 0.9452 0.8864 0.0517 0.0349
3 0.6731 0.9277 0.0283 0.0337
3 0.5551 0.9287 0.0337 0.0373
3 0.5557 0.9648 0.0343 0.0362
2 0.4745 0.8267 0.0599 0.0338
2 0.5551 0.8267 0.0356 0.0351
3 0.4722 0.9311 0.0590 0.0364
3 0.4732 0.8610 0.0601 0.0332
3 0.4145 0.8627 0.0550 0.0339
3 0.3124 0.8617 0.0319 0.0337
3 0.3728 0.8630 0.0287 0.0329
3 0.3441 0.8619 0.0318 0.0321
3 0.4723 0.8958 0.0593 0.0330
3 0.2400 0.8625 0.0544 0.0331
3 0.5992 0.8606 0.0576 0.0355
3 0.2821 0.8620 0.0308 0.0344
3 0.2409 0.9299 0.0550 0.0352
3 0.3122 0.9309 0.0322 0.0346
3 0.4145 0.9318 0.0562 0.0336
3 0.3128 0.9658 0.0317 0.0330
2 0.5209 0.9914 0.0356 0.0172
3 0.3734 0.9307 0.0278 0.0315
3 0.2411 0.9652 0.0526 0.0362
3 0.3436 0.9312 0.0305 0.0331
3 0.3450 0.9654 0.0315 0.0349
3 0.3733 0.8979 0.0276 0.0342
3 0.3439 0.8966 0.0315 0.0346
3 0.3121 0.8960 0.0326 0.0336
3 0.4143 0.8974 0.0553 0.0333
3 0.2817 0.8967 0.0303 0.0357
3 0.6000 0.9283 0.0555 0.0329
3 0.5205 0.9309 0.0360 0.0356
3 0.4150 0.9668 0.0565 0.0325
3 0.4723 0.9651 0.0595 0.0300
3 0.5200 0.8956 0.0339 0.0337
3 0.5999 0.8943 0.0568 0.0344
3 0.5537 0.8956 0.0356 0.0317
3 0.5200 0.8624 0.0335 0.0312
3 0.6012 0.9639 0.0563 0.0341
3 0.5543 0.8613 0.0348 0.0328
3 0.5201 0.9657 0.0348 0.0351
3 0.1619 0.8628 0.0344 0.0323
2 0.2400 0.8290 0.0535 0.0334
2 0.2418 0.7943 0.0555 0.0333
2 0.0621 0.8269 0.0503 0.0324
2 0.1165 0.8289 0.0570 0.0318
2 0.1963 0.8282 0.0324 0.0324
2 0.1630 0.7953 0.0352 0.0312
2 0.1622 0.7605 0.0329 0.0350
2 0.1629 0.8286 0.0344 0.0334
2 0.1170 0.7274 0.0559 0.0343
3 0.1170 0.8608 0.0565 0.0341
3 0.2824 0.9298 0.0305 0.0326
3 0.2402 0.8964 0.0558 0.0318
3 0.1956 0.8618 0.0328 0.0323
3 0.0622 0.8605 0.0502 0.0330
3 0.1951 0.8963 0.0367 0.0353
3 0.1159 0.9300 0.0570 0.0331
3 0.1958 0.9309 0.0327 0.0348
3 0.1969 0.9648 0.0339 0.0333
3 0.1160 0.8966 0.0557 0.0359
3 0.0626 0.9290 0.0492 0.0331
3 0.0622 0.8946 0.0507 0.0348
3 0.1618 0.8966 0.0349 0.0341
3 0.1621 0.9309 0.0353 0.0341
3 0.0628 0.9624 0.0511 0.0330
3 0.1164 0.9641 0.0560 0.0320
3 0.1619 0.9645 0.0368 0.0331
2 0.3128 0.8299 0.0307 0.0337
2 0.4154 0.7592 0.0538 0.0334
2 0.0634 0.7264 0.0497 0.0331
2 0.4152 0.7251 0.0544 0.0342
2 0.0054 0.7292 0.0108 0.0301
2 0.0061 0.7608 0.0121 0.0331
2 0.0051 0.7935 0.0101 0.0323
2 0.0061 0.8272 0.0121 0.0327
2 0.0242 0.8275 0.0255 0.0340
2 0.0057 0.8606 0.0114 0.0323
2 0.0245 0.8607 0.0254 0.0331
2 0.0058 0.8933 0.0116 0.0336
2 0.0055 0.9268 0.0110 0.0338
2 0.0235 0.8943 0.0251 0.0341
2 0.0240 0.9613 0.0252 0.0341
2 0.0057 0.9900 0.0115 0.0199
2 0.0242 0.9895 0.0249 0.0210
2 0.0621 0.9898 0.0525 0.0203
2 0.1175 0.9900 0.0579 0.0199
2 0.1639 0.9909 0.0347 0.0182
2 0.1976 0.9913 0.0328 0.0174
2 0.2415 0.9915 0.0544 0.0171
2 0.2837 0.9922 0.0290 0.0156
2 0.3144 0.9924 0.0323 0.0153
2 0.3458 0.9924 0.0323 0.0153
2 0.3746 0.9922 0.0271 0.0156
2 0.4167 0.9917 0.0569 0.0167
2 0.4741 0.9918 0.0596 0.0163
2 0.5563 0.9915 0.0358 0.0171
1 0.3557 0.6733 0.0172 0.0215
1 0.3561 0.6936 0.0175 0.0197
1 0.3765 0.6739 0.0221 0.0219
1 0.3762 0.6943 0.0221 0.0197
1 0.3392 0.6730 0.0164 0.0229
1 0.3389 0.6938 0.0159 0.0186
1 0.3237 0.6732 0.0139 0.0226
1 0.3237 0.6945 0.0145 0.0186
1 0.3058 0.6728 0.0219 0.0233
1 0.3057 0.6935 0.0216 0.0175
1 0.2790 0.6738 0.0298 0.0207
1 0.2796 0.6935 0.0317 0.0189
1 0.2494 0.6739 0.0287 0.0199
1 0.2492 0.6935 0.0283 0.0194
1 0.2245 0.6736 0.0199 0.0209
1 0.2246 0.6950 0.0201 0.0199
3 0.7014 0.6896 0.0262 0.0207
3 0.7010 0.6698 0.0247 0.0174
3 0.7296 0.6693 0.0300 0.0204
3 0.7298 0.6888 0.0298 0.0195
3 0.7828 0.6868 0.0299 0.0194
3 0.7823 0.6685 0.0290 0.0212
3 0.8070 0.6663 0.0199 0.0204
3 0.8072 0.6865 0.0192 0.0189
3 0.0054 0.9612 0.0109 0.0349
3 0.0244 0.9281 0.0264 0.0334
