2 0.8541 0.3860 0.1055 0.1602
2 0.8063 0.2529 0.0791 0.1342
2 0.7835 0.4347 0.0447 0.0971
2 0.9815 0.3432 0.0370 0.0827
3 0.9543 0.4341 0.0914 0.0971
2 0.4024 0.2745 0.0558 0.0508
2 0.3855 0.4428 0.0653 0.0608
2 0.3107 0.5792 0.0687 0.0738
2 0.1479 0.3245 0.0642 0.0479
2 0.8799 0.1913 0.1014 0.0670
2 0.1126 0.2741 0.0657 0.0514
2 0.0114 0.6354 0.0228 0.0539
2 0.0213 0.4358 0.0426 0.0638
2 0.9674 0.2616 0.0652 0.0806
3 0.9684 0.5433 0.0632 0.1190
2 0.7725 0.3706 0.0365 0.0934
2 0.7639 0.3142 0.0317 0.0870
2 0.1619 0.2739 0.0622 0.0524
2 0.0650 0.2751 0.0636 0.0537
2 0.0731 0.5736 0.0642 0.0734
2 0.6249 0.5180 0.0672 0.0708
3 0.7634 0.5947 0.0768 0.0778
3 0.2473 0.5784 0.0694 0.0723
2 0.6585 0.2734 0.0489 0.0582
3 0.6946 0.5923 0.0707 0.0762
2 0.7084 0.6944 0.0796 0.1238
2 0.6224 0.4482 0.0665 0.0689
2 0.6860 0.5189 0.0693 0.0689
2 0.3277 0.4407 0.0702 0.0642
3 0.3699 0.5819 0.0705 0.0730
2 0.2307 0.2733 0.1011 0.0535
3 0.7977 0.5130 0.0389 0.0872
3 0.8710 0.4610 0.1138 0.1456
2 0.6138 0.3869 0.0607 0.0581
2 0.6677 0.3865 0.0601 0.0589
2 0.6115 0.3308 0.0583 0.0542
2 0.5302 0.3850 0.1078 0.0573
3 0.8909 0.5549 0.1424 0.1431
2 0.6648 0.3284 0.0554 0.0558
2 0.4318 0.6820 0.0869 0.1198
2 0.5326 0.4473 0.1132 0.0689
2 0.4393 0.5111 0.0721 0.0735
2 0.3971 0.3280 0.0583 0.0534
2 0.8278 0.3168 0.0969 0.1333
2 0.9134 0.6528 0.1470 0.1024
2 0.9858 0.6413 0.0284 0.0872
2 0.0468 0.3264 0.0707 0.0471
2 0.0966 0.3253 0.0677 0.0495
3 0.8115 0.5868 0.0395 0.0840
2 0.4453 0.4430 0.0679 0.0634
3 0.4381 0.5855 0.0719 0.0707
2 0.5366 0.6882 0.1346 0.1205
2 0.5337 0.5152 0.1153 0.0708
3 0.0259 0.5722 0.0518 0.0730
2 0.6096 0.2752 0.0555 0.0556
2 0.5321 0.2756 0.0990 0.0516
2 0.2999 0.2756 0.0615 0.0526
2 0.3779 0.5084 0.0704 0.0720
2 0.7128 0.2745 0.0654 0.0584
2 0.4557 0.2754 0.0594 0.0526
3 0.6315 0.5903 0.0719 0.0715
2 0.6758 0.4501 0.0644 0.0651
2 0.3518 0.2739 0.0594 0.0501
2 0.1458 0.6758 0.1170 0.1165
2 0.2050 0.3806 0.1113 0.0566
2 0.0516 0.6397 0.0815 0.0587
2 0.1320 0.3791 0.0736 0.0581
2 0.3349 0.3810 0.0624 0.0558
2 0.2212 0.3249 0.1084 0.0534
2 0.7260 0.3897 0.0683 0.0636
2 0.3920 0.3830 0.0601 0.0550
2 0.4495 0.3842 0.0654 0.0558
2 0.0560 0.4371 0.0805 0.0609
2 0.1130 0.4381 0.0756 0.0590
2 0.1910 0.4388 0.1159 0.0590
2 0.2718 0.4404 0.0702 0.0596
2 0.0371 0.5013 0.0742 0.0648
2 0.0921 0.5013 0.0781 0.0675
2 0.1748 0.5039 0.1237 0.0675
2 0.2573 0.5046 0.0736 0.0675
2 0.3177 0.5078 0.0727 0.0662
2 0.2239 0.6748 0.0904 0.1172
2 0.2914 0.6787 0.0879 0.1198
2 0.3601 0.6797 0.0850 0.1217
2 0.6392 0.6914 0.0815 0.1284
2 0.7779 0.6957 0.0928 0.1224
2 0.8257 0.6750 0.0474 0.0867
2 0.7376 0.4511 0.0778 0.0689
2 0.7475 0.5213 0.0835 0.0755
2 0.5340 0.5858 0.1245 0.0746
3 0.1589 0.5776 0.1236 0.0755
2 0.9049 0.2616 0.1165 0.0821
2 0.2922 0.3272 0.0619 0.0503
2 0.3440 0.3264 0.0630 0.0534
2 0.4515 0.3276 0.0636 0.0526
2 0.0321 0.3779 0.0624 0.0573
2 0.0790 0.3787 0.0748 0.0558
2 0.2807 0.3814 0.0636 0.0566
2 0.7213 0.3308 0.0672 0.0558
2 0.5328 0.3280 0.1013 0.0550
2 0.9540 0.1877 0.0920 0.0660
2 0.9378 0.3435 0.1015 0.0767
