2 0.9163 0.5946 0.0727 0.0287
2 0.9157 0.6236 0.0708 0.0281
2 0.9162 0.6508 0.0699 0.0261
2 0.9175 0.6783 0.0701 0.0272
2 0.9196 0.7035 0.0719 0.0231
2 0.7150 0.5760 0.0321 0.0271
2 0.7150 0.6037 0.0330 0.0273
2 0.7160 0.6570 0.0317 0.0257
2 0.7158 0.6841 0.0304 0.0271
2 0.7695 0.6005 0.0736 0.0274
2 0.7702 0.6547 0.0750 0.0279
2 0.7700 0.6826 0.0753 0.0275
2 0.7710 0.7075 0.0755 0.0248
2 0.7165 0.7094 0.0297 0.0230
2 0.6795 0.5760 0.0375 0.0266
2 0.6798 0.6039 0.0381 0.0278
2 0.6799 0.6317 0.0384 0.0287
2 0.6809 0.6587 0.0364 0.0251
2 0.6812 0.6858 0.0362 0.0285
2 0.6818 0.7103 0.0361 0.0227
2 0.3702 0.6267 0.0185 0.0278
2 0.3697 0.6032 0.0189 0.0360
2 0.3696 0.5789 0.0193 0.0387
2 0.3452 0.6472 0.0301 0.0234
2 0.3449 0.6223 0.0301 0.0251
2 0.3447 0.5965 0.0290 0.0247
2 0.2909 0.5757 0.0572 0.0254
2 0.2909 0.6009 0.0587 0.0241
2 0.2923 0.6262 0.0586 0.0241
2 0.2307 0.5792 0.0617 0.0243
2 0.2305 0.6039 0.0621 0.0238
2 0.2310 0.6276 0.0627 0.0259
2 0.2323 0.6535 0.0625 0.0263
2 0.1737 0.5834 0.0533 0.0254
2 0.1734 0.6085 0.0528 0.0247
2 0.1734 0.6331 0.0545 0.0253
2 0.1736 0.6573 0.0539 0.0251
3 0.9239 0.8165 0.0730 0.0289
3 0.7920 0.9602 0.0468 0.0277
3 0.7778 0.9318 0.0758 0.0286
3 0.7194 0.8223 0.0335 0.0279
3 0.1747 0.8791 0.0542 0.0253
3 0.2324 0.8800 0.0638 0.0264
3 0.2960 0.8549 0.0644 0.0261
3 0.2959 0.8289 0.0636 0.0258
3 0.2956 0.8024 0.0631 0.0272
3 0.2954 0.7754 0.0631 0.0250
3 0.2951 0.7512 0.0636 0.0259
3 0.2938 0.7267 0.0636 0.0230
3 0.2329 0.8546 0.0633 0.0247
3 0.1746 0.8541 0.0537 0.0255
3 0.1748 0.8290 0.0535 0.0241
3 0.2329 0.8292 0.0627 0.0266
3 0.2330 0.8037 0.0629 0.0255
3 0.1748 0.8041 0.0538 0.0256
3 0.2332 0.7777 0.0632 0.0259
3 0.2324 0.7525 0.0635 0.0271
3 0.1746 0.7543 0.0523 0.0274
3 0.1749 0.7793 0.0538 0.0259
3 0.3819 0.8018 0.0375 0.0275
3 0.4243 0.8008 0.0487 0.0284
3 0.6047 0.7705 0.0315 0.0281
3 0.6406 0.7690 0.0404 0.0281
3 0.6412 0.7959 0.0410 0.0298
3 0.6418 0.8228 0.0406 0.0284
3 0.6429 0.8511 0.0410 0.0291
3 0.6436 0.8788 0.0410 0.0277
3 0.6445 0.9060 0.0421 0.0277
3 0.6052 0.7974 0.0308 0.0267
3 0.5529 0.7984 0.0738 0.0277
3 0.4829 0.7997 0.0693 0.0270
3 0.6055 0.8244 0.0326 0.0272
3 0.5531 0.8244 0.0743 0.0272
3 0.4830 0.8260 0.0677 0.0277
3 0.4832 0.8530 0.0677 0.0296
3 0.5542 0.8524 0.0725 0.0284
3 0.6061 0.8519 0.0330 0.0293
3 0.6069 0.8789 0.0324 0.0274
3 0.5543 0.8794 0.0727 0.0284
3 0.6073 0.9070 0.0311 0.0284
3 0.5548 0.9064 0.0732 0.0272
3 0.4834 0.8794 0.0682 0.0265
3 0.4841 0.9065 0.0686 0.0284
3 0.4257 0.9064 0.0482 0.0277
3 0.3830 0.9057 0.0384 0.0262
3 0.3834 0.8795 0.0376 0.0262
3 0.4250 0.8795 0.0469 0.0267
3 0.4252 0.8525 0.0482 0.0286
3 0.4246 0.8266 0.0482 0.0251
3 0.3822 0.8278 0.0378 0.0255
3 0.3827 0.8533 0.0369 0.0270
3 0.3836 0.9324 0.0376 0.0267
3 0.3838 0.9589 0.0376 0.0267
3 0.4269 0.9591 0.0491 0.0258
3 0.4270 0.9329 0.0484 0.0258
3 0.4854 0.9601 0.0688 0.0262
3 0.4850 0.9333 0.0684 0.0277
3 0.5559 0.9601 0.0725 0.0272
3 0.5556 0.9335 0.0732 0.0265
3 0.6090 0.9612 0.0328 0.0281
3 0.6078 0.9335 0.0326 0.0260
3 0.6459 0.9610 0.0432 0.0272
3 0.6450 0.9339 0.0419 0.0255
3 0.9934 0.7247 0.0131 0.0376
3 0.9939 0.7552 0.0122 0.0371
3 0.9941 0.7837 0.0118 0.0331
3 0.9950 0.8115 0.0101 0.0315
2 0.9926 0.6919 0.0148 0.0338
2 0.9925 0.6653 0.0151 0.0374
2 0.9929 0.6356 0.0142 0.0405
2 0.9925 0.6063 0.0151 0.0437
2 0.9916 0.5784 0.0168 0.0423
2 0.9908 0.5454 0.0183 0.0544
3 0.3815 0.6979 0.0399 0.0262
3 0.3809 0.7241 0.0395 0.0262
3 0.4237 0.7226 0.0476 0.0291
3 0.4812 0.7190 0.0689 0.0278
3 0.5523 0.7171 0.0717 0.0266
3 0.6036 0.7156 0.0333 0.0262
3 0.6402 0.7140 0.0414 0.0261
3 0.6030 0.6895 0.0345 0.0278
3 0.6406 0.6874 0.0422 0.0287
3 0.1738 0.7066 0.0534 0.0268
3 0.2310 0.7036 0.0646 0.0299
3 0.2925 0.7030 0.0604 0.0258
2 0.1284 0.6348 0.0345 0.0234
2 0.0990 0.6612 0.0252 0.0224
2 0.1279 0.5862 0.0360 0.0243
2 0.0984 0.5909 0.0232 0.0215
2 0.0982 0.6141 0.0259 0.0251
2 0.4090 0.6286 0.0195 0.0185
3 0.7755 0.8207 0.0771 0.0271
3 0.7758 0.8488 0.0773 0.0271
2 0.0202 0.6187 0.0237 0.0235
2 0.4086 0.6137 0.0198 0.0383
2 0.3881 0.6328 0.0148 0.0138
2 0.1290 0.6584 0.0338 0.0225
2 0.3893 0.6180 0.0174 0.0359
2 0.1284 0.6102 0.0354 0.0241
2 0.3885 0.5956 0.0167 0.0409
2 0.3467 0.6721 0.0302 0.0273
2 0.0587 0.6638 0.0550 0.0256
2 0.0987 0.6382 0.0249 0.0233
2 0.0196 0.6659 0.0234 0.0240
2 0.0591 0.6394 0.0538 0.0247
2 0.0203 0.6417 0.0228 0.0235
3 0.8485 0.7901 0.0730 0.0284
3 0.8498 0.8174 0.0733 0.0288
3 0.8514 0.8464 0.0739 0.0313
3 0.9274 0.9022 0.0759 0.0299
3 0.9306 0.9588 0.0737 0.0293
3 0.8515 0.8757 0.0739 0.0273
3 0.8526 0.9023 0.0752 0.0299
3 0.8539 0.9322 0.0744 0.0283
3 0.8553 0.9589 0.0754 0.0284
3 0.6867 0.9619 0.0385 0.0272
3 0.7224 0.9326 0.0315 0.0262
3 0.6867 0.9334 0.0380 0.0260
3 0.6856 0.9060 0.0392 0.0274
3 0.7731 0.7914 0.0751 0.0300
3 0.8478 0.7633 0.0731 0.0281
3 0.8459 0.7335 0.0723 0.0319
3 0.7736 0.7643 0.0759 0.0261
3 0.0997 0.7338 0.0240 0.0242
3 0.4829 0.7734 0.0674 0.0284
3 0.3811 0.6708 0.0373 0.0273
2 0.0194 0.5947 0.0237 0.0238
2 0.0590 0.5932 0.0546 0.0253
3 0.1298 0.7077 0.0357 0.0262
3 0.0994 0.7093 0.0240 0.0233
3 0.1293 0.6829 0.0336 0.0246
3 0.0994 0.6842 0.0260 0.0255
2 0.0140 0.9839 0.0280 0.0322
2 0.0565 0.9724 0.0582 0.0552
2 0.0910 0.9812 0.0124 0.0261
2 0.1303 0.9843 0.0346 0.0302
2 0.2973 0.9858 0.0620 0.0283
2 0.3844 0.9859 0.0350 0.0281
2 0.5569 0.9864 0.0727 0.0272
2 0.4266 0.9863 0.0486 0.0275
2 0.6092 0.9875 0.0313 0.0251
2 0.4856 0.9861 0.0674 0.0277
2 0.6457 0.9866 0.0406 0.0250
2 0.6866 0.9879 0.0389 0.0242
2 0.7241 0.9878 0.0340 0.0243
3 0.0197 0.7608 0.0251 0.0241
3 0.0594 0.7582 0.0544 0.0251
2 0.8434 0.5701 0.0726 0.0284
2 0.0590 0.6165 0.0521 0.0219
2 0.2931 0.6511 0.0581 0.0239
3 0.5521 0.7435 0.0723 0.0287
2 0.3441 0.5721 0.0286 0.0232
3 0.6044 0.7425 0.0324 0.0287
2 0.7698 0.6285 0.0734 0.0258
2 0.7158 0.6304 0.0304 0.0236
3 0.0192 0.6894 0.0233 0.0232
3 0.0588 0.6878 0.0563 0.0239
3 0.1739 0.6810 0.0544 0.0256
3 0.2318 0.6788 0.0641 0.0236
3 0.2929 0.6754 0.0580 0.0250
3 0.4813 0.6660 0.0685 0.0288
3 0.4815 0.6935 0.0681 0.0271
3 0.4224 0.6963 0.0485 0.0262
2 0.9170 0.5671 0.0711 0.0272
3 0.4235 0.7480 0.0483 0.0273
3 0.1302 0.7821 0.0357 0.0261
3 0.1000 0.7822 0.0261 0.0254
3 0.1303 0.7576 0.0366 0.0238
3 0.1000 0.8065 0.0270 0.0251
3 0.1304 0.8059 0.0362 0.0238
3 0.1004 0.8306 0.0265 0.0243
3 0.1296 0.8305 0.0347 0.0255
3 0.1001 0.8546 0.0256 0.0238
3 0.0992 0.8802 0.0259 0.0258
3 0.1303 0.8555 0.0351 0.0230
3 0.1749 0.9569 0.0541 0.0276
3 0.2339 0.9578 0.0651 0.0272
3 0.2975 0.9584 0.0630 0.0279
3 0.2970 0.9312 0.0632 0.0265
3 0.2971 0.9054 0.0643 0.0255
3 0.2338 0.9317 0.0645 0.0277
3 0.1748 0.9302 0.0539 0.0260
3 0.1755 0.9046 0.0539 0.0258
3 0.3812 0.7492 0.0370 0.0260
3 0.2334 0.9049 0.0634 0.0260
3 0.2969 0.8797 0.0630 0.0258
2 0.3467 0.8798 0.0358 0.0247
3 0.4818 0.7462 0.0687 0.0273
3 0.3470 0.9322 0.0365 0.0256
3 0.3468 0.9590 0.0351 0.0249
2 0.3470 0.9053 0.0351 0.0257
2 0.1753 0.9849 0.0550 0.0302
2 0.3476 0.9863 0.0363 0.0275
2 0.2350 0.9854 0.0627 0.0292
3 0.0201 0.7123 0.0243 0.0246
3 0.0591 0.7107 0.0559 0.0221
3 0.0596 0.7345 0.0550 0.0244
3 0.0994 0.7577 0.0253 0.0242
3 0.0200 0.7361 0.0248 0.0236
3 0.1295 0.7328 0.0371 0.0258
3 0.0596 0.7823 0.0556 0.0254
3 0.0196 0.7834 0.0248 0.0240
3 0.0200 0.8070 0.0251 0.0236
3 0.0596 0.8066 0.0552 0.0244
3 0.0597 0.8314 0.0547 0.0238
3 0.3819 0.7742 0.0360 0.0256
3 0.0205 0.8276 0.0253 0.0171
3 0.0597 0.8565 0.0550 0.0276
3 0.0161 0.8561 0.0321 0.0238
3 0.0592 0.8804 0.0550 0.0238
3 0.0600 0.9308 0.0534 0.0274
3 0.0596 0.9052 0.0547 0.0251
3 0.0163 0.8817 0.0326 0.0261
3 0.0165 0.9047 0.0330 0.0235
3 0.6030 0.6611 0.0334 0.0272
3 0.0164 0.9303 0.0329 0.0274
3 0.0142 0.9557 0.0285 0.0246
3 0.0981 0.9554 0.0261 0.0256
3 0.1300 0.9556 0.0375 0.0268
3 0.1297 0.9307 0.0388 0.0243
3 0.0989 0.9297 0.0240 0.0253
3 0.1300 0.9055 0.0375 0.0268
3 0.4246 0.7737 0.0489 0.0264
3 0.0989 0.9048 0.0243 0.0256
3 0.1297 0.8802 0.0377 0.0261
2 0.2317 0.7279 0.0612 0.0217
2 0.1749 0.7316 0.0517 0.0234
3 0.6392 0.6607 0.0401 0.0268
3 0.5530 0.7708 0.0737 0.0302
3 0.6403 0.7408 0.0404 0.0294
3 0.6812 0.7389 0.0409 0.0304
2 0.3469 0.6987 0.0291 0.0244
2 0.3472 0.7240 0.0309 0.0253
2 0.3464 0.7494 0.0299 0.0254
2 0.3476 0.7750 0.0310 0.0245
2 0.3474 0.7999 0.0322 0.0269
2 0.3480 0.8264 0.0330 0.0266
2 0.3473 0.8537 0.0350 0.0261
3 0.7173 0.7376 0.0324 0.0279
3 0.7715 0.7370 0.0733 0.0273
3 0.6815 0.7663 0.0386 0.0276
3 0.7184 0.7645 0.0307 0.0258
3 0.6816 0.7950 0.0387 0.0248
3 0.7184 0.7940 0.0305 0.0259
3 0.6815 0.8218 0.0385 0.0259
3 0.7196 0.8491 0.0329 0.0251
3 0.6842 0.8772 0.0383 0.0266
3 0.7204 0.8772 0.0317 0.0266
3 0.4236 0.6696 0.0489 0.0283
3 0.7761 0.9038 0.0761 0.0261
3 0.7759 0.8764 0.0747 0.0256
3 0.7217 0.9048 0.0319 0.0271
3 0.7234 0.9617 0.0317 0.0264
3 0.9255 0.8726 0.0740 0.0285
3 0.9750 0.8161 0.0297 0.0276
3 0.9729 0.7299 0.0285 0.0304
3 0.6834 0.8494 0.0400 0.0275
3 0.5514 0.6892 0.0717 0.0285
3 0.5502 0.6622 0.0711 0.0285
2 0.7694 0.5724 0.0754 0.0283
2 0.8437 0.5974 0.0718 0.0296
2 0.8437 0.6251 0.0731 0.0302
2 0.8443 0.6534 0.0732 0.0296
2 0.8454 0.6794 0.0737 0.0271
2 0.8461 0.7045 0.0740 0.0241
3 0.9253 0.8448 0.0737 0.0284
3 0.9219 0.7607 0.0751 0.0287
3 0.9232 0.7885 0.0744 0.0269
3 0.9678 0.5643 0.0292 0.0239
3 0.9204 0.7308 0.0761 0.0280
3 0.9684 0.5915 0.0304 0.0287
3 0.9694 0.6178 0.0325 0.0265
3 0.9698 0.6456 0.0349 0.0309
3 0.9700 0.6754 0.0329 0.0296
3 0.9700 0.7028 0.0304 0.0261
3 0.9740 0.7598 0.0268 0.0301
3 0.9743 0.7882 0.0270 0.0270
3 0.9768 0.8445 0.0287 0.0291
3 0.9778 0.8728 0.0290 0.0288
3 0.9798 0.9023 0.0279 0.0301
3 0.9820 0.9597 0.0273 0.0270
3 0.9826 0.9864 0.0296 0.0270
3 0.9807 0.9310 0.0304 0.0285
2 0.9517 0.9870 0.0293 0.0259
3 0.9284 0.9314 0.0737 0.0259
