2 0.2275 0.2348 0.0558 0.0613
2 0.2285 0.1266 0.0562 0.0662
2 0.1740 0.0847 0.0543 0.0650
3 0.2715 0.4484 0.0347 0.0584
3 0.1736 0.4584 0.0526 0.0578
3 0.2267 0.4530 0.0542 0.0563
3 0.1736 0.4065 0.0539 0.0584
3 0.1728 0.3544 0.0542 0.0584
3 0.4346 0.7784 0.0162 0.0525
3 0.8994 0.9016 0.0347 0.0533
3 0.4061 0.7213 0.0418 0.0542
3 0.3164 0.4997 0.0594 0.0589
3 0.4356 0.6120 0.0173 0.0585
3 0.9029 0.7988 0.0347 0.0568
3 0.9360 0.8018 0.0339 0.0568
3 0.6212 0.7324 0.0585 0.0516
2 0.0489 0.0638 0.0363 0.0607
2 0.0500 0.2669 0.0363 0.0577
2 0.1736 0.1911 0.0527 0.0552
3 0.2686 0.6658 0.0357 0.0537
3 0.0918 0.6173 0.0516 0.0516
3 0.2266 0.3462 0.0552 0.0645
3 0.4465 0.8805 0.0114 0.0486
3 0.8583 0.5302 0.0680 0.0546
3 0.3691 0.3800 0.0422 0.0599
3 0.1322 0.5131 0.0289 0.0527
3 0.1720 0.5108 0.0526 0.0553
3 0.0496 0.6181 0.0341 0.0500
3 0.9060 0.6915 0.0382 0.0546
3 0.3666 0.6093 0.0433 0.0570
3 0.1329 0.3591 0.0296 0.0584
3 0.2256 0.5590 0.0555 0.0526
3 0.1313 0.5649 0.0279 0.0500
3 0.0491 0.5683 0.0351 0.0526
3 0.0920 0.5667 0.0533 0.0537
3 0.5097 0.8715 0.0368 0.0469
3 0.6757 0.5825 0.0458 0.0516
3 0.1316 0.6168 0.0260 0.0506
3 0.5582 0.8745 0.0612 0.0512
3 0.0918 0.7161 0.0510 0.0490
3 0.1709 0.7174 0.0533 0.0516
3 0.2245 0.7187 0.0545 0.0532
3 0.2681 0.7203 0.0347 0.0531
3 0.4861 0.5772 0.0100 0.0516
3 0.7855 0.8442 0.0652 0.0555
3 0.2678 0.7737 0.0360 0.0537
2 0.4505 0.6702 0.0117 0.0557
3 0.4727 0.7760 0.0111 0.0503
3 0.4602 0.7767 0.0127 0.0516
3 0.0931 0.5154 0.0520 0.0532
3 0.4718 0.8259 0.0122 0.0495
3 0.0490 0.5167 0.0357 0.0475
3 0.3694 0.3242 0.0416 0.0609
2 0.2294 0.1834 0.0566 0.0705
2 0.3715 0.0941 0.0438 0.0656
3 0.5102 0.8238 0.0365 0.0469
3 0.7299 0.4778 0.0617 0.0555
3 0.2711 0.3929 0.0364 0.0589
3 0.2712 0.3371 0.0354 0.0640
3 0.0491 0.6668 0.0357 0.0475
3 0.3185 0.4416 0.0591 0.0615
3 0.0504 0.3203 0.0354 0.0531
3 0.0494 0.3686 0.0354 0.0558
3 0.0491 0.4680 0.0354 0.0511
3 0.0933 0.3149 0.0536 0.0558
3 0.0928 0.3647 0.0526 0.0584
3 0.0936 0.4145 0.0523 0.0568
3 0.1336 0.4109 0.0283 0.0568
3 0.0931 0.4651 0.0526 0.0548
3 0.1329 0.4623 0.0289 0.0563
2 0.2729 0.1718 0.0370 0.0692
3 0.6178 0.8780 0.0593 0.0538
2 0.1295 0.8980 0.0268 0.0185
3 0.6191 0.8313 0.0585 0.0534
3 0.3678 0.4388 0.0409 0.0599
3 0.4488 0.7776 0.0111 0.0524
3 0.3183 0.3315 0.0614 0.0651
3 0.3189 0.2734 0.0607 0.0635
3 0.2264 0.2886 0.0555 0.0620
3 0.1730 0.2977 0.0533 0.0584
3 0.3670 0.4956 0.0432 0.0568
3 0.2704 0.5043 0.0370 0.0558
3 0.2251 0.5069 0.0562 0.0568
3 0.3180 0.3885 0.0581 0.0615
3 0.3678 0.5521 0.0425 0.0551
3 0.2258 0.3993 0.0555 0.0594
3 0.3646 0.7210 0.0425 0.0516
3 0.3151 0.6651 0.0591 0.0552
3 0.2696 0.5562 0.0357 0.0532
3 0.1715 0.5629 0.0526 0.0531
3 0.3139 0.7208 0.0588 0.0532
3 0.1712 0.6145 0.0533 0.0532
3 0.2251 0.6137 0.0545 0.0568
3 0.2694 0.6114 0.0360 0.0562
3 0.2240 0.6666 0.0549 0.0511
3 0.1711 0.6663 0.0523 0.0526
3 0.0915 0.6671 0.0516 0.0470
3 0.0488 0.7146 0.0357 0.0480
3 0.1313 0.7169 0.0286 0.0485
3 0.1706 0.7701 0.0533 0.0526
3 0.2235 0.7724 0.0546 0.0511
3 0.3144 0.7752 0.0584 0.0546
3 0.4032 0.8343 0.0401 0.0557
3 0.3631 0.8837 0.0409 0.0550
3 0.2674 0.8264 0.0363 0.0520
3 0.7877 0.7380 0.0652 0.0503
3 0.2220 0.8749 0.0536 0.0512
3 0.4359 0.6679 0.0165 0.0533
3 0.4736 0.7253 0.0135 0.0495
3 0.9046 0.7446 0.0387 0.0516
3 0.4602 0.8279 0.0111 0.0507
3 0.4325 0.8870 0.0173 0.0469
3 0.8577 0.5829 0.0671 0.0542
3 0.4586 0.8771 0.0116 0.0486
3 0.4713 0.8741 0.0133 0.0469
3 0.9084 0.5831 0.0355 0.0538
3 0.0917 0.8142 0.0503 0.0491
3 0.0491 0.7643 0.0340 0.0520
3 0.9093 0.5287 0.0374 0.0550
3 0.0494 0.8122 0.0340 0.0480
3 0.0494 0.8566 0.0349 0.0473
3 0.9112 0.4733 0.0352 0.0542
3 0.0919 0.8607 0.0510 0.0520
3 0.4836 0.8713 0.0117 0.0473
3 0.4830 0.8245 0.0108 0.0499
3 0.4830 0.7756 0.0114 0.0511
3 0.4842 0.7266 0.0106 0.0469
3 0.5114 0.7292 0.0379 0.0512
3 0.5107 0.7771 0.0365 0.0482
2 0.7980 0.2619 0.0682 0.0557
3 0.6766 0.5307 0.0466 0.0512
2 0.1337 0.1503 0.0294 0.0516
3 0.6773 0.4782 0.0479 0.0519
2 0.9392 0.7456 0.0348 0.0527
3 0.5593 0.8268 0.0633 0.0512
3 0.7232 0.7893 0.0628 0.0585
2 0.9509 0.3083 0.0343 0.0582
3 0.5599 0.7795 0.0625 0.0520
2 0.9442 0.5286 0.0319 0.0515
3 0.5614 0.7296 0.0639 0.0520
3 0.7868 0.7923 0.0671 0.0602
3 0.8527 0.7964 0.0680 0.0580
2 0.9165 0.2536 0.0387 0.0552
2 0.7987 0.2136 0.0679 0.0519
2 0.8614 0.4226 0.0687 0.0582
2 0.8646 0.2579 0.0682 0.0578
3 0.1300 0.8171 0.0276 0.0490
2 0.6709 0.2714 0.0273 0.0519
2 0.5156 0.4342 0.0385 0.0502
3 0.6207 0.7814 0.0596 0.0533
2 0.5185 0.2899 0.0406 0.0477
2 0.6295 0.2290 0.0597 0.0481
2 0.6259 0.4291 0.0600 0.0477
3 0.4365 0.5561 0.0159 0.0550
3 0.9348 0.8521 0.0347 0.0499
3 0.1306 0.6679 0.0292 0.0495
3 0.4363 0.4998 0.0165 0.0594
3 0.9016 0.8506 0.0355 0.0546
3 0.4739 0.6243 0.0133 0.0538
2 0.4083 0.4386 0.0396 0.0619
3 0.4853 0.6784 0.0100 0.0529
3 0.4859 0.6262 0.0108 0.0534
3 0.4750 0.5232 0.0116 0.0554
3 0.8499 0.8992 0.0679 0.0555
3 0.4751 0.5733 0.0114 0.0542
2 0.4500 0.6143 0.0127 0.0604
3 0.4623 0.5688 0.0122 0.0546
3 0.7854 0.8932 0.0655 0.0572
3 0.5133 0.6305 0.0379 0.0516
3 0.3138 0.8799 0.0587 0.0542
3 0.4355 0.7225 0.0173 0.0542
3 0.4880 0.4802 0.0117 0.0520
3 0.4767 0.4748 0.0114 0.0542
3 0.4650 0.4654 0.0111 0.0594
3 0.5153 0.4834 0.0376 0.0464
3 0.5644 0.4828 0.0644 0.0469
3 0.4372 0.4449 0.0163 0.0649
3 0.6253 0.4793 0.0591 0.0512
3 0.6250 0.5312 0.0579 0.0516
3 0.4387 0.3877 0.0165 0.0623
3 0.5640 0.5322 0.0647 0.0512
3 0.5634 0.5815 0.0647 0.0482
3 0.4391 0.3327 0.0163 0.0666
3 0.6235 0.5802 0.0576 0.0525
3 0.5630 0.6318 0.0639 0.0525
3 0.6683 0.8831 0.0449 0.0567
3 0.6234 0.6333 0.0585 0.0512
3 0.6231 0.6825 0.0585 0.0525
3 0.7212 0.8880 0.0636 0.0572
3 0.5622 0.6798 0.0644 0.0521
3 0.4484 0.8300 0.0119 0.0507
3 0.7295 0.5307 0.0625 0.0538
3 0.5143 0.5324 0.0368 0.0516
3 0.7290 0.5819 0.0614 0.0538
3 0.6696 0.8338 0.0422 0.0546
3 0.6746 0.6339 0.0479 0.0503
3 0.5139 0.5813 0.0371 0.0503
3 0.7276 0.6345 0.0614 0.0516
3 0.7900 0.6343 0.0666 0.0520
3 0.7911 0.5823 0.0661 0.0555
3 0.7221 0.8386 0.0644 0.0589
3 0.7926 0.5285 0.0669 0.0538
3 0.5126 0.6787 0.0366 0.0516
3 0.7935 0.4763 0.0666 0.0559
3 0.4636 0.5144 0.0122 0.0568
3 0.8595 0.4750 0.0688 0.0568
3 0.4862 0.5275 0.0119 0.0520
3 0.8537 0.7416 0.0696 0.0525
3 0.9080 0.6371 0.0374 0.0550
3 0.9342 0.9065 0.0341 0.0538
3 0.7239 0.7360 0.0636 0.0516
3 0.6720 0.7341 0.0444 0.0520
3 0.6715 0.7848 0.0439 0.0469
3 0.6727 0.6838 0.0441 0.0494
2 0.6162 0.9346 0.0577 0.0644
2 0.6688 0.9387 0.0460 0.0601
2 0.7218 0.9430 0.0600 0.0613
2 0.7822 0.9501 0.0639 0.0669
2 0.8478 0.9551 0.0666 0.0656
2 0.8997 0.9420 0.0370 0.0296
2 0.9295 0.9594 0.0249 0.0545
3 0.2724 0.2793 0.0357 0.0599
2 0.5577 0.9256 0.0631 0.0563
2 0.5094 0.9222 0.0366 0.0557
2 0.4820 0.9238 0.0105 0.0526
2 0.4703 0.9263 0.0113 0.0576
2 0.4582 0.9321 0.0121 0.0582
2 0.4083 0.5505 0.0390 0.0557
2 0.4465 0.9365 0.0121 0.0582
2 0.4317 0.9439 0.0183 0.0594
2 0.4040 0.8863 0.0398 0.0520
2 0.4028 0.9461 0.0403 0.0624
2 0.3626 0.9455 0.0390 0.0671
2 0.3137 0.9407 0.0587 0.0679
2 0.4059 0.7778 0.0406 0.0568
2 0.2663 0.9343 0.0346 0.0611
2 0.2219 0.9225 0.0541 0.0495
2 0.1867 0.9012 0.0162 0.0146
2 0.0910 0.8952 0.0506 0.0189
2 0.0495 0.8887 0.0336 0.0164
2 0.3161 0.6095 0.0608 0.0557
2 0.4070 0.6654 0.0416 0.0588
2 0.4075 0.6073 0.0393 0.0578
2 0.4502 0.7241 0.0117 0.0553
3 0.4337 0.8343 0.0182 0.0559
2 0.4515 0.5082 0.0123 0.0619
2 0.4500 0.5611 0.0107 0.0635
2 0.4521 0.4551 0.0117 0.0650
2 0.4075 0.4958 0.0406 0.0599
2 0.4103 0.3222 0.0409 0.0604
2 0.4526 0.3996 0.0120 0.0656
2 0.4539 0.3459 0.0127 0.0656
3 0.4646 0.4076 0.0140 0.0640
2 0.4779 0.4215 0.0134 0.0599
3 0.4885 0.4282 0.0091 0.0568
3 0.4888 0.3813 0.0085 0.0578
3 0.4781 0.3730 0.0104 0.0568
3 0.4656 0.3601 0.0120 0.0589
2 0.4898 0.3292 0.0104 0.0546
2 0.4778 0.3170 0.0136 0.0645
2 0.4658 0.3034 0.0110 0.0619
2 0.4539 0.2907 0.0133 0.0645
2 0.4377 0.2706 0.0172 0.0655
2 0.4393 0.2193 0.0179 0.0795
2 0.4543 0.2365 0.0120 0.0686
2 0.4669 0.2538 0.0127 0.0619
2 0.4788 0.2670 0.0117 0.0593
2 0.4900 0.2778 0.0114 0.0562
2 0.4398 0.1633 0.0182 0.0789
2 0.4552 0.1857 0.0120 0.0660
2 0.4676 0.1984 0.0127 0.0655
2 0.4801 0.2136 0.0110 0.0681
2 0.4901 0.2254 0.0104 0.0526
2 0.5023 0.1909 0.0114 0.0516
2 0.4913 0.1795 0.0107 0.0619
2 0.4799 0.1609 0.0120 0.0660
2 0.4677 0.1455 0.0123 0.0640
2 0.4557 0.1248 0.0117 0.0578
2 0.4094 0.2649 0.0399 0.0563
2 0.3695 0.2657 0.0412 0.0547
2 0.3690 0.2095 0.0422 0.0578
2 0.4101 0.2082 0.0412 0.0583
2 0.4103 0.1498 0.0416 0.0635
2 0.3693 0.1503 0.0415 0.0625
2 0.3203 0.2162 0.0591 0.0702
2 0.3201 0.1602 0.0601 0.0697
2 0.2731 0.2272 0.0367 0.0584
3 0.3162 0.5538 0.0594 0.0568
2 0.2731 0.1163 0.0354 0.0677
2 0.2735 0.0582 0.0357 0.0496
2 0.3208 0.1042 0.0601 0.0723
2 0.4132 0.0910 0.0435 0.0625
2 0.4414 0.0993 0.0175 0.0624
2 0.4138 0.0361 0.0429 0.0526
2 0.3711 0.0389 0.0406 0.0470
2 0.3206 0.0526 0.0597 0.0640
2 0.5033 0.1449 0.0120 0.0599
2 0.4921 0.1277 0.0104 0.0573
2 0.4807 0.1137 0.0130 0.0624
2 0.4684 0.0931 0.0123 0.0593
2 0.4575 0.0732 0.0146 0.0640
2 0.4427 0.0474 0.0156 0.0774
2 0.1332 0.0480 0.0306 0.0425
2 0.1733 0.2442 0.0542 0.0510
2 0.1742 0.1342 0.0539 0.0584
2 0.2285 0.0708 0.0570 0.0699
2 0.0928 0.0623 0.0539 0.0626
2 0.0936 0.1069 0.0524 0.0644
2 0.0934 0.1585 0.0528 0.0705
2 0.0942 0.2086 0.0528 0.0638
2 0.0934 0.2599 0.0528 0.0644
2 0.0496 0.2132 0.0363 0.0510
2 0.0491 0.1658 0.0367 0.0620
2 0.0487 0.1145 0.0360 0.0589
3 0.1304 0.8638 0.0279 0.0503
2 0.4099 0.3792 0.0390 0.0568
3 0.4617 0.6227 0.0122 0.0542
3 0.1697 0.8679 0.0525 0.0516
3 0.4616 0.6743 0.0111 0.0542
3 0.8552 0.6350 0.0661 0.0542
3 0.8551 0.6879 0.0669 0.0533
3 0.4740 0.6750 0.0133 0.0477
3 0.4614 0.7255 0.0103 0.0482
3 0.7893 0.6872 0.0658 0.0512
3 0.7253 0.6844 0.0639 0.0499
3 0.2669 0.8769 0.0352 0.0516
3 0.1695 0.8210 0.0520 0.0550
3 0.2229 0.8234 0.0555 0.0555
3 0.3651 0.6658 0.0422 0.0526
3 0.3137 0.8287 0.0590 0.0585
2 0.5654 0.4331 0.0626 0.0481
2 0.5159 0.3850 0.0390 0.0489
2 0.5664 0.3827 0.0626 0.0502
2 0.6267 0.3785 0.0600 0.0519
2 0.5161 0.3353 0.0395 0.0472
2 0.5668 0.3321 0.0645 0.0570
2 0.6271 0.3260 0.0602 0.0532
2 0.6288 0.2756 0.0605 0.0561
2 0.5702 0.2387 0.0610 0.0531
2 0.5687 0.2817 0.0629 0.0582
2 0.5208 0.2439 0.0388 0.0527
2 0.6682 0.4259 0.0257 0.0515
2 0.6697 0.3747 0.0265 0.0519
2 0.6703 0.3239 0.0268 0.0506
2 0.7335 0.3720 0.0613 0.0548
2 0.7321 0.4247 0.0621 0.0523
2 0.7338 0.3184 0.0613 0.0557
2 0.7348 0.2646 0.0618 0.0527
2 0.7976 0.3165 0.0658 0.0578
2 0.7965 0.3698 0.0664 0.0557
2 0.7951 0.4228 0.0666 0.0544
2 0.8623 0.3116 0.0666 0.0581
2 0.6706 0.2250 0.0268 0.0468
2 0.7356 0.2186 0.0613 0.0485
3 0.3638 0.8326 0.0411 0.0580
2 0.8662 0.2085 0.0693 0.0519
2 0.8629 0.3669 0.0674 0.0582
2 0.9186 0.2018 0.0361 0.0502
2 0.9517 0.2016 0.0369 0.0471
2 0.9511 0.2530 0.0337 0.0557
2 0.9149 0.3087 0.0398 0.0582
2 0.9140 0.3644 0.0364 0.0582
2 0.9123 0.4194 0.0388 0.0595
2 0.9488 0.3650 0.0342 0.0552
2 0.9462 0.4202 0.0334 0.0561
2 0.9448 0.4750 0.0348 0.0506
2 0.9431 0.5832 0.0351 0.0544
2 0.9416 0.6380 0.0321 0.0561
2 0.9416 0.6929 0.0327 0.0510
2 0.1335 0.3046 0.0267 0.0480
2 0.1322 0.2536 0.0279 0.0492
2 0.1332 0.2023 0.0275 0.0474
2 0.1330 0.0978 0.0287 0.0510
3 0.0915 0.7662 0.0510 0.0500
3 0.1311 0.7675 0.0289 0.0495
3 0.8512 0.8480 0.0666 0.0555
3 0.3643 0.7780 0.0432 0.0542
3 0.0496 0.4192 0.0357 0.0558
