1 0.7504 0.9389 0.0896 0.0308
3 0.5187 0.8754 0.0772 0.0304
1 0.4276 0.8094 0.0925 0.0304
3 0.4297 0.8762 0.0943 0.0306
1 0.7573 0.7720 0.0930 0.0303
1 0.3232 0.9435 0.0985 0.0290
1 0.8513 0.7370 0.0929 0.0311
3 0.5188 0.7431 0.0832 0.0318
1 0.3301 0.7462 0.0990 0.0306
1 0.7560 0.7386 0.0933 0.0313
3 0.0097 0.8975 0.0194 0.0091
3 0.0105 0.9509 0.0201 0.0094
1 0.3327 0.7786 0.0997 0.0304
1 0.9489 0.9712 0.1021 0.0301
3 0.0088 0.9788 0.0176 0.0079
1 0.3281 0.8449 0.1034 0.0306
1 0.6351 0.9075 0.1463 0.0298
1 0.8522 0.8374 0.0890 0.0301
1 0.8534 0.8037 0.0970 0.0303
1 0.8476 0.9384 0.0929 0.0302
1 0.7546 0.9719 0.0901 0.0298
1 0.3259 0.8783 0.1019 0.0305
1 0.4259 0.9436 0.0980 0.0302
3 0.0320 0.9517 0.0218 0.0091
1 0.6374 0.7395 0.1447 0.0339
3 0.0101 0.9960 0.0201 0.0079
3 0.5196 0.8091 0.0839 0.0324
1 0.3275 0.9115 0.1002 0.0305
1 0.9493 0.7341 0.1015 0.0313
3 0.0342 0.9695 0.0316 0.0079
3 0.0292 0.9425 0.0162 0.0091
3 0.0079 0.8783 0.0158 0.0091
1 0.9505 0.7015 0.0989 0.0339
3 0.0097 0.9602 0.0195 0.0079
3 0.9495 0.7688 0.1010 0.0291
1 0.6394 0.8062 0.1521 0.0327
3 0.0109 0.9154 0.0218 0.0091
1 0.8500 0.7036 0.0954 0.0334
3 0.5191 0.8412 0.0815 0.0318
3 0.6367 0.7074 0.1505 0.0348
1 0.9500 0.8366 0.1000 0.0300
1 0.9483 0.9370 0.1033 0.0311
3 0.4246 0.9762 0.0993 0.0323
3 0.0087 0.8878 0.0174 0.0091
1 0.2276 0.7158 0.1082 0.0304
3 0.7588 0.8722 0.0884 0.0309
1 0.3208 0.9765 0.1016 0.0301
1 0.3307 0.8125 0.0991 0.0305
3 0.0366 0.9958 0.0313 0.0079
3 0.0088 0.9695 0.0176 0.0079
3 0.0332 0.9602 0.0262 0.0079
3 0.0099 0.9876 0.0199 0.0079
3 0.6368 0.9736 0.1377 0.0306
1 0.7540 0.9056 0.0876 0.0294
3 0.0105 0.9331 0.0210 0.0079
1 0.2182 0.8788 0.1065 0.0287
3 0.0340 0.9786 0.0313 0.0079
3 0.0099 0.9421 0.0199 0.0079
1 0.7594 0.8385 0.0902 0.0307
1 0.2226 0.7812 0.1087 0.0314
3 0.0363 0.9873 0.0313 0.0079
3 0.0101 0.9249 0.0203 0.0079
3 0.4280 0.7433 0.0932 0.0312
3 0.4261 0.8424 0.0926 0.0311
1 0.2182 0.9118 0.1140 0.0293
1 0.7590 0.8044 0.0879 0.0313
3 0.5205 0.7761 0.0874 0.0314
3 0.4295 0.9105 0.0991 0.0317
3 0.0099 0.9069 0.0198 0.0091
1 0.2199 0.8460 0.1084 0.0288
1 0.6387 0.7736 0.1405 0.0307
1 0.6353 0.9411 0.1428 0.0298
3 0.5172 0.7100 0.0844 0.0314
3 0.4289 0.7769 0.0929 0.0310
1 0.2221 0.8138 0.1121 0.0321
1 0.6354 0.8739 0.1508 0.0313
3 0.9483 0.9031 0.1034 0.0324
3 0.5217 0.9416 0.0770 0.0305
3 0.5229 0.9750 0.0900 0.0309
1 0.2163 0.9438 0.1095 0.0285
1 0.8505 0.8712 0.0900 0.0312
1 0.8484 0.9715 0.0905 0.0299
1 0.2258 0.7485 0.1091 0.0298
1 0.8477 0.9054 0.0929 0.0302
1 0.3303 0.7129 0.0957 0.0340
1 0.2143 0.9775 0.1069 0.0273
1 0.9521 0.8022 0.0958 0.0301
3 0.5210 0.9084 0.0797 0.0308
3 0.4271 0.7103 0.0929 0.0307
1 0.7540 0.7052 0.0946 0.0330
1 0.8511 0.7707 0.1007 0.0327
1 0.9494 0.8698 0.1012 0.0307
3 0.6374 0.8400 0.1524 0.0315
