3 0.0277 0.5992 0.0428 0.0557
3 0.5182 0.7170 0.0411 0.0618
3 0.8044 0.7256 0.0509 0.0620
3 0.8070 0.7864 0.0541 0.0636
3 0.9768 0.7349 0.0465 0.0583
3 0.0655 0.6003 0.0343 0.0579
3 0.8003 0.6663 0.0509 0.0631
3 0.8506 0.6109 0.0534 0.0647
3 0.2834 0.8329 0.0803 0.0614
3 0.0645 0.5431 0.0374 0.0596
3 0.5759 0.8387 0.0759 0.0641
3 0.5129 0.5336 0.0370 0.0530
3 0.6515 0.8391 0.0785 0.0605
3 0.7020 0.4329 0.0417 0.0604
3 0.5686 0.5966 0.0741 0.0649
2 0.9082 0.9615 0.0389 0.0509
2 0.8464 0.3831 0.0544 0.0604
3 0.3901 0.6555 0.0380 0.0615
2 0.5637 0.3095 0.0777 0.0594
3 0.1159 0.8908 0.0698 0.0627
3 0.1172 0.5999 0.0704 0.0561
3 0.8516 0.6668 0.0547 0.0620
2 0.5629 0.2564 0.0753 0.0505
3 0.1782 0.5390 0.0516 0.0498
3 0.6539 0.9014 0.0791 0.0650
3 0.4747 0.7779 0.0501 0.0619
3 0.3921 0.8360 0.0383 0.0567
2 0.3447 0.3061 0.0503 0.0654
3 0.6530 0.9553 0.0809 0.0464
2 0.9281 0.5038 0.0307 0.0583
3 0.2830 0.7742 0.0794 0.0626
3 0.3485 0.8360 0.0514 0.0614
3 0.3489 0.9625 0.0485 0.0750
3 0.3466 0.6570 0.0496 0.0615
3 0.9706 0.6204 0.0500 0.0583
2 0.8105 0.9615 0.0553 0.0551
2 0.9964 0.5687 0.0072 0.0520
2 0.9295 0.5596 0.0304 0.0636
2 0.8468 0.4390 0.0534 0.0631
3 0.2223 0.8317 0.0405 0.0626
3 0.5750 0.7786 0.0746 0.0623
3 0.9388 0.7898 0.0351 0.0620
3 0.5717 0.6589 0.0733 0.0658
3 0.9752 0.6811 0.0496 0.0620
2 0.9529 0.2969 0.0474 0.0673
3 0.7052 0.6046 0.0413 0.0622
2 0.8929 0.4997 0.0398 0.0573
3 0.9363 0.7309 0.0332 0.0599
3 0.4295 0.6552 0.0427 0.0642
2 0.7956 0.4936 0.0528 0.0610
2 0.8905 0.3879 0.0414 0.0615
2 0.0666 0.3168 0.0335 0.0582
2 0.9232 0.3908 0.0310 0.0546
3 0.9780 0.8494 0.0439 0.0604
2 0.7937 0.3789 0.0541 0.0626
3 0.9347 0.6742 0.0338 0.0588
3 0.9015 0.7877 0.0376 0.0620
3 0.4306 0.8378 0.0411 0.0604
3 0.4310 0.8977 0.0421 0.0657
3 0.3455 0.5932 0.0487 0.0663
2 0.2808 0.3703 0.0762 0.0596
3 0.3915 0.8959 0.0370 0.0652
3 0.3904 0.9642 0.0373 0.0715
3 0.4318 0.9642 0.0436 0.0715
3 0.3904 0.7148 0.0380 0.0594
3 0.7526 0.7238 0.0536 0.0626
2 0.6409 0.3159 0.0825 0.0610
3 0.4301 0.7763 0.0421 0.0626
2 0.6420 0.4314 0.0829 0.0610
2 0.9201 0.3362 0.0316 0.0599
3 0.1773 0.3699 0.0528 0.0573
3 0.2226 0.3108 0.0395 0.0588
3 0.0279 0.6584 0.0433 0.0595
2 0.4689 0.3633 0.0442 0.0568
3 0.0636 0.8323 0.0343 0.0614
3 0.0253 0.8308 0.0424 0.0619
3 0.3915 0.7766 0.0376 0.0631
3 0.3448 0.5346 0.0506 0.0541
3 0.3876 0.5338 0.0370 0.0535
3 0.6438 0.6005 0.0808 0.0573
3 0.8500 0.5525 0.0534 0.0604
2 0.5081 0.2560 0.0391 0.0467
3 0.8634 0.9067 0.0506 0.0626
3 0.2838 0.8949 0.0817 0.0654
3 0.5765 0.9014 0.0772 0.0641
3 0.5761 0.9661 0.0759 0.0679
2 0.4268 0.4191 0.0448 0.0567
3 0.2830 0.6570 0.0794 0.0647
3 0.3485 0.7763 0.0497 0.0626
3 0.7542 0.7852 0.0527 0.0611
3 0.6443 0.5436 0.0829 0.0626
2 0.4263 0.3045 0.0439 0.0621
3 0.4287 0.5926 0.0437 0.0620
2 0.3858 0.3056 0.0371 0.0643
2 0.4259 0.3643 0.0445 0.0585
3 0.7098 0.7834 0.0378 0.0582
2 0.6382 0.2607 0.0806 0.0586
3 0.4296 0.7156 0.0430 0.0642
3 0.3885 0.5963 0.0374 0.0620
2 0.3452 0.4800 0.0466 0.0552
3 0.5186 0.7793 0.0398 0.0619
2 0.2819 0.4271 0.0738 0.0598
3 0.5188 0.8371 0.0387 0.0610
2 0.2812 0.3088 0.0769 0.0661
2 0.1171 0.3137 0.0700 0.0622
3 0.6515 0.7790 0.0785 0.0588
3 0.4735 0.6569 0.0477 0.0619
3 0.4726 0.5946 0.0459 0.0627
3 0.7591 0.9668 0.0520 0.0664
3 0.7967 0.5496 0.0544 0.0610
3 0.1781 0.4847 0.0525 0.0588
3 0.7418 0.3177 0.0471 0.0617
3 0.9071 0.9059 0.0405 0.0631
3 0.2841 0.9625 0.0828 0.0750
3 0.0662 0.6582 0.0358 0.0579
3 0.1168 0.7724 0.0712 0.0610
3 0.7045 0.5487 0.0408 0.0608
3 0.7483 0.5513 0.0490 0.0622
3 0.7437 0.3766 0.0463 0.0611
3 0.0630 0.8899 0.0361 0.0610
3 0.0276 0.5442 0.0419 0.0557
3 0.2244 0.4828 0.0401 0.0626
3 0.1778 0.3123 0.0515 0.0573
3 0.2225 0.3686 0.0395 0.0567
2 0.8881 0.3317 0.0417 0.0636
3 0.2247 0.5380 0.0414 0.0488
3 0.2232 0.8927 0.0397 0.0580
3 0.1774 0.5958 0.0519 0.0636
2 0.9571 0.3494 0.0506 0.0684
2 0.7932 0.3203 0.0550 0.0631
2 0.9691 0.5642 0.0519 0.0620
3 0.8960 0.6117 0.0398 0.0610
2 0.8478 0.4974 0.0547 0.0588
3 0.7445 0.4342 0.0463 0.0592
3 0.7500 0.6057 0.0505 0.0622
2 0.9978 0.6219 0.0044 0.0514
2 0.9624 0.4009 0.0512 0.0663
3 0.3472 0.7169 0.0503 0.0573
3 0.2816 0.5921 0.0772 0.0652
3 0.8955 0.5560 0.0408 0.0610
3 0.0640 0.7731 0.0345 0.0596
3 0.5186 0.9650 0.0382 0.0701
3 0.4771 0.9643 0.0464 0.0714
2 0.9264 0.4480 0.0316 0.0631
3 0.7580 0.9020 0.0503 0.0604
3 0.5201 0.8979 0.0387 0.0623
2 0.7943 0.4353 0.0547 0.0631
3 0.9776 0.7893 0.0449 0.0599
2 0.9912 0.4120 0.0176 0.0588
3 0.9414 0.9642 0.0288 0.0567
2 0.9951 0.5151 0.0097 0.0551
2 0.0661 0.4326 0.0332 0.0546
2 0.0661 0.3753 0.0332 0.0546
2 0.9931 0.4621 0.0139 0.0562
3 0.9780 0.9674 0.0439 0.0652
3 0.2833 0.5354 0.0775 0.0535
3 0.6501 0.7207 0.0783 0.0614
3 0.4763 0.8968 0.0485 0.0636
3 0.4756 0.8360 0.0482 0.0605
3 0.7134 0.9660 0.0393 0.0655
2 0.9164 0.2832 0.0307 0.0620
3 0.1174 0.6560 0.0691 0.0614
3 0.7515 0.6656 0.0505 0.0619
3 0.7565 0.8440 0.0529 0.0585
2 0.0301 0.3788 0.0394 0.0530
3 0.7418 0.2621 0.0486 0.0573
3 0.6993 0.3180 0.0379 0.0598
3 0.5668 0.5373 0.0759 0.0594
3 0.4276 0.5333 0.0443 0.0578
3 0.0265 0.7729 0.0416 0.0583
3 0.1159 0.8317 0.0720 0.0601
2 0.9479 0.2503 0.0468 0.0599
3 0.2230 0.7129 0.0405 0.0615
3 0.1770 0.8916 0.0519 0.0603
3 0.2228 0.7731 0.0395 0.0599
2 0.0659 0.4859 0.0329 0.0519
3 0.2244 0.4264 0.0395 0.0578
2 0.9152 0.2418 0.0288 0.0387
3 0.0251 0.8884 0.0411 0.0588
2 0.7924 0.2627 0.0547 0.0615
2 0.6413 0.3731 0.0810 0.0578
2 0.8862 0.2728 0.0398 0.0668
3 0.7058 0.6634 0.0426 0.0626
2 0.5099 0.4207 0.0380 0.0615
3 0.5161 0.6573 0.0385 0.0601
3 0.8598 0.7887 0.0496 0.0673
3 0.7986 0.6079 0.0512 0.0599
3 0.1776 0.4282 0.0522 0.0594
3 0.1178 0.5427 0.0711 0.0603
3 0.9311 0.6151 0.0329 0.0541
3 0.7012 0.3753 0.0402 0.0598
3 0.4728 0.5352 0.0468 0.0551
3 0.7458 0.4917 0.0482 0.0611
3 0.9420 0.9054 0.0338 0.0588
3 0.7085 0.7250 0.0365 0.0607
3 0.7039 0.4917 0.0410 0.0598
2 0.8639 0.9610 0.0522 0.0541
3 0.9788 0.9072 0.0423 0.0541
3 0.3478 0.8949 0.0495 0.0636
3 0.7134 0.9023 0.0389 0.0648
3 0.6972 0.2614 0.0398 0.0547
3 0.5746 0.7196 0.0748 0.0601
2 0.9669 0.5098 0.0506 0.0657
2 0.9642 0.4544 0.0496 0.0652
3 0.9045 0.8476 0.0367 0.0567
3 0.5134 0.5941 0.0364 0.0672
3 0.0647 0.7146 0.0353 0.0575
3 0.2234 0.5958 0.0402 0.0636
3 0.1175 0.7150 0.0693 0.0584
3 0.0271 0.7152 0.0398 0.0579
3 0.1773 0.6554 0.0509 0.0567
3 0.2227 0.6541 0.0405 0.0573
3 0.2826 0.7156 0.0778 0.0610
2 0.6434 0.4890 0.0819 0.0562
3 0.1766 0.8327 0.0522 0.0626
3 0.1765 0.7135 0.0506 0.0615
2 0.5652 0.4230 0.0762 0.0631
3 0.8100 0.9038 0.0550 0.0620
2 0.3869 0.4767 0.0381 0.0584
2 0.3442 0.3660 0.0513 0.0565
2 0.1175 0.4848 0.0722 0.0638
2 0.1175 0.3721 0.0697 0.0535
2 0.0300 0.3191 0.0399 0.0591
3 0.8621 0.8471 0.0500 0.0620
2 0.5641 0.3662 0.0785 0.0631
3 0.4743 0.7165 0.0488 0.0627
3 0.1771 0.7728 0.0506 0.0594
2 0.8930 0.4425 0.0395 0.0626
2 0.9800 0.2625 0.0275 0.0578
2 0.9885 0.3600 0.0230 0.0578
3 0.8979 0.6708 0.0392 0.0615
2 0.9855 0.3094 0.0259 0.0573
3 0.9006 0.7299 0.0389 0.0652
2 0.0301 0.4894 0.0400 0.0546
3 0.9395 0.8479 0.0332 0.0594
2 0.0303 0.4348 0.0390 0.0557
2 0.1171 0.4259 0.0713 0.0562
2 0.3866 0.3637 0.0387 0.0562
2 0.5076 0.3078 0.0362 0.0600
2 0.4693 0.4188 0.0441 0.0529
2 0.5092 0.3639 0.0366 0.0600
2 0.5650 0.4822 0.0758 0.0615
3 0.7107 0.8419 0.0391 0.0589
2 0.4703 0.4764 0.0460 0.0607
2 0.4689 0.3068 0.0435 0.0606
3 0.8098 0.8465 0.0566 0.0642
2 0.5109 0.4803 0.0362 0.0623
2 0.8438 0.3253 0.0519 0.0636
2 0.2819 0.4812 0.0764 0.0559
2 0.4691 0.2559 0.0426 0.0433
2 0.3869 0.4205 0.0368 0.0530
2 0.4274 0.4770 0.0468 0.0654
2 0.3454 0.4217 0.0488 0.0576
2 0.8419 0.2681 0.0519 0.0625
3 0.8568 0.7294 0.0532 0.0631
3 0.6482 0.6602 0.0791 0.0657
