2 0.6815 0.3818 0.0650 0.0501
2 0.0183 0.3933 0.0365 0.0409
3 0.7755 0.5468 0.0841 0.0604
2 0.7624 0.4862 0.0813 0.0594
3 0.3076 0.5327 0.1053 0.0566
2 0.8193 0.4326 0.0763 0.0502
2 0.8083 0.3856 0.0700 0.0504
2 0.7447 0.3835 0.0742 0.0483
2 0.3317 0.3769 0.0925 0.0480
3 0.5129 0.6670 0.1315 0.0669
3 0.2395 0.5341 0.0535 0.0576
3 0.1765 0.5916 0.0581 0.0595
3 0.3016 0.5921 0.1046 0.0642
2 0.4155 0.3779 0.0872 0.0488
2 0.0432 0.3939 0.0502 0.0396
2 0.3237 0.4253 0.0978 0.0495
3 0.7105 0.6062 0.0799 0.0604
2 0.2597 0.4253 0.0548 0.0542
3 0.5147 0.3776 0.1124 0.0482
2 0.4108 0.4262 0.0884 0.0496
3 0.1270 0.6128 0.0594 0.0510
2 0.7178 0.6862 0.0900 0.1010
2 0.6938 0.4829 0.0714 0.0566
2 0.0349 0.5159 0.0580 0.0412
2 0.6313 0.6709 0.1069 0.0648
3 0.7851 0.6081 0.0933 0.0604
2 0.5152 0.3306 0.1099 0.0425
2 0.0192 0.4733 0.0383 0.0412
2 0.2703 0.3758 0.0512 0.0432
2 0.0127 0.5152 0.0254 0.0453
2 0.3809 0.6699 0.0699 0.0838
3 0.3998 0.5954 0.1046 0.0632
2 0.3172 0.4775 0.1025 0.0549
3 0.6282 0.6057 0.1018 0.0595
2 0.1493 0.5196 0.0530 0.0432
2 0.6122 0.4271 0.0806 0.0514
2 0.6157 0.4795 0.0876 0.0634
2 0.6097 0.3798 0.0785 0.0496
2 0.4059 0.4790 0.0966 0.0562
2 0.8315 0.4871 0.0749 0.0575
3 0.4037 0.5350 0.0997 0.0538
3 0.6225 0.5407 0.0975 0.0632
3 0.8593 0.6081 0.0862 0.0642
3 0.8452 0.5459 0.0778 0.0604
3 0.5147 0.5982 0.1251 0.0708
2 0.1178 0.4336 0.0831 0.0408
2 0.1631 0.6653 0.0642 0.0785
2 0.2164 0.4245 0.0601 0.0526
2 0.7528 0.4301 0.0806 0.0491
2 0.6864 0.4292 0.0679 0.0491
2 0.2488 0.4756 0.0589 0.0542
2 0.2050 0.4780 0.0548 0.0479
2 0.2276 0.3762 0.0530 0.0440
2 0.2865 0.6688 0.1202 0.0825
2 0.2097 0.6660 0.0677 0.0771
2 0.1125 0.6547 0.0477 0.0306
2 0.1378 0.5636 0.0560 0.0463
2 0.0786 0.5628 0.0884 0.0463
2 0.0916 0.5180 0.0860 0.0432
2 0.1652 0.4736 0.0577 0.0408
2 0.1069 0.4752 0.0825 0.0424
2 0.1731 0.4351 0.0548 0.0393
2 0.0645 0.4324 0.0530 0.0385
2 0.1829 0.3933 0.0501 0.0393
2 0.1304 0.3937 0.0786 0.0360
2 0.0784 0.3940 0.0521 0.0380
2 0.7946 0.6886 0.0976 0.1008
2 0.8748 0.6756 0.0848 0.0633
2 0.0246 0.5627 0.0492 0.0478
2 0.0507 0.4730 0.0560 0.0406
2 0.0281 0.4317 0.0560 0.0393
3 0.1903 0.5308 0.0560 0.0623
3 0.2271 0.5930 0.0570 0.0623
3 0.5126 0.5341 0.1237 0.0557
3 0.7038 0.5431 0.0749 0.0604
3 0.5136 0.4808 0.1202 0.0529
3 0.5129 0.4276 0.1145 0.0519
