3 0.0632 0.7938 0.0382 0.0665
1 0.9518 0.6465 0.0397 0.0639
3 0.9010 0.7791 0.0472 0.0687
3 0.1327 0.3360 0.0367 0.0569
3 0.4849 0.0926 0.0602 0.0614
3 0.7452 0.3609 0.0427 0.0602
3 0.4758 0.2859 0.0645 0.0561
1 0.1110 0.7249 0.0411 0.0642
1 0.9616 0.1656 0.0437 0.0636
3 0.6658 0.9024 0.0206 0.0528
1 0.1766 0.7994 0.0904 0.0665
1 0.5393 0.4858 0.0644 0.0682
3 0.7003 0.2993 0.0366 0.0615
1 0.1870 0.5340 0.0817 0.0630
3 0.1983 0.2774 0.0833 0.0611
3 0.4558 0.8924 0.0599 0.0573
3 0.6126 0.0941 0.0435 0.0588
3 0.4639 0.6194 0.0611 0.0674
1 0.2824 0.4760 0.0897 0.0632
3 0.7973 0.2967 0.0426 0.0613
3 0.4834 0.1579 0.0601 0.0607
3 0.7841 0.8433 0.0420 0.0640
3 0.7500 0.1606 0.0403 0.0605
3 0.1286 0.4010 0.0399 0.0595
3 0.2948 0.2174 0.0891 0.0595
3 0.6611 0.0963 0.0391 0.0660
1 0.2684 0.8079 0.0916 0.0730
3 0.2849 0.4114 0.0908 0.0618
3 0.9038 0.7135 0.0420 0.0677
3 0.7454 0.2960 0.0419 0.0579
3 0.4169 0.2214 0.0580 0.0641
3 0.8550 0.2325 0.0636 0.0651
3 0.8539 0.2987 0.0646 0.0664
3 0.9573 0.3691 0.0396 0.0620
3 0.7958 0.3636 0.0432 0.0625
3 0.8019 0.1634 0.0429 0.0608
1 0.5362 0.6217 0.0673 0.0681
3 0.2108 0.0863 0.0853 0.0625
3 0.3558 0.4143 0.0422 0.0639
3 0.3533 0.4792 0.0438 0.0653
3 0.7314 0.8393 0.0431 0.0617
3 0.8506 0.4352 0.0631 0.0690
1 0.9522 0.5750 0.0421 0.0647
3 0.9108 0.3691 0.0447 0.0662
1 0.1933 0.4721 0.0829 0.0615
3 0.6500 0.4271 0.0377 0.0581
3 0.8462 0.7077 0.0598 0.0667
3 0.2879 0.3459 0.0916 0.0621
3 0.9507 0.7159 0.0408 0.0615
3 0.7922 0.4996 0.0440 0.0690
1 0.6003 0.4879 0.0466 0.0647
3 0.1047 0.8690 0.0427 0.0775
3 0.6404 0.7675 0.0383 0.0653
3 0.0595 0.8545 0.0400 0.0485
3 0.2975 0.1539 0.0907 0.0601
3 0.3477 0.6106 0.0397 0.0617
3 0.9131 0.2327 0.0497 0.0685
3 0.5521 0.1582 0.0626 0.0639
3 0.7497 0.2287 0.0464 0.0635
3 0.7871 0.7016 0.0403 0.0591
3 0.8430 0.7785 0.0619 0.0679
3 0.8025 0.0973 0.0418 0.0633
3 0.5429 0.4188 0.0652 0.0666
1 0.1237 0.4647 0.0374 0.0612
3 0.5886 0.8334 0.0420 0.0718
3 0.3966 0.7465 0.0552 0.0568
3 0.6883 0.7036 0.0398 0.0661
1 0.1794 0.7333 0.0844 0.0615
3 0.6358 0.8341 0.0409 0.0656
3 0.3462 0.6764 0.0434 0.0634
3 0.3668 0.2188 0.0424 0.0647
3 0.7991 0.2309 0.0410 0.0627
3 0.9170 0.0971 0.0430 0.0663
1 0.5323 0.6887 0.0647 0.0669
1 0.1059 0.7944 0.0369 0.0652
3 0.3579 0.3467 0.0415 0.0627
3 0.3674 0.1538 0.0389 0.0605
3 0.9034 0.8565 0.0402 0.0687
3 0.8592 0.0987 0.0632 0.0665
3 0.6928 0.5661 0.0370 0.0602
3 0.9122 0.3014 0.0448 0.0626
1 0.5950 0.6224 0.0498 0.0701
3 0.6046 0.3555 0.0481 0.0640
3 0.6588 0.1616 0.0388 0.0616
3 0.4793 0.2244 0.0597 0.0601
3 0.3995 0.6145 0.0578 0.0609
3 0.5876 0.8944 0.0376 0.0465
3 0.6099 0.1587 0.0463 0.0603
3 0.4044 0.5494 0.0543 0.0640
3 0.0929 0.2076 0.0422 0.0591
1 0.1868 0.5980 0.0858 0.0628
3 0.3903 0.8854 0.0637 0.0643
1 0.9077 0.5054 0.0440 0.0692
3 0.4218 0.0924 0.0581 0.0610
1 0.0659 0.7216 0.0422 0.0650
3 0.4733 0.4207 0.0633 0.0634
1 0.5922 0.6937 0.0467 0.0665
1 0.0704 0.6553 0.0413 0.0641
3 0.6908 0.6349 0.0393 0.0638
1 0.0770 0.5275 0.0429 0.0637
1 0.7403 0.4970 0.0467 0.0670
3 0.0954 0.1445 0.0424 0.0599
3 0.2895 0.2798 0.0891 0.0572
3 0.8516 0.3656 0.0644 0.0688
3 0.2651 0.8835 0.0930 0.0701
1 0.9063 0.5747 0.0435 0.0680
3 0.3991 0.6789 0.0521 0.0605
3 0.3339 0.8890 0.0405 0.0791
3 0.9023 0.9383 0.0349 0.0739
3 0.0807 0.4629 0.0452 0.0615
1 0.2693 0.7372 0.0928 0.0635
1 0.1827 0.6660 0.0837 0.0611
3 0.6471 0.5600 0.0398 0.0618
3 0.7852 0.9156 0.0464 0.0589
3 0.3435 0.7431 0.0431 0.0659
3 0.6426 0.6986 0.0382 0.0661
3 0.4053 0.4803 0.0566 0.0648
1 0.5976 0.5579 0.0476 0.0663
1 0.7371 0.5625 0.0381 0.0580
3 0.1395 0.1468 0.0390 0.0584
3 0.6543 0.3608 0.0397 0.0635
3 0.9609 0.2348 0.0437 0.0636
1 0.0736 0.5933 0.0416 0.0607
3 0.7934 0.4319 0.0432 0.0631
3 0.8462 0.6413 0.0629 0.0670
3 0.9470 0.8602 0.0388 0.0681
1 0.0623 0.7920 0.0373 0.0645
3 0.7025 0.1669 0.0365 0.0635
3 0.6025 0.4202 0.0509 0.0680
3 0.1428 0.0809 0.0398 0.0576
3 0.7879 0.6346 0.0401 0.0602
3 0.7328 0.7726 0.0442 0.0668
3 0.7903 0.5687 0.0425 0.0675
3 0.0876 0.3346 0.0458 0.0596
3 0.8433 0.8495 0.0605 0.0690
3 0.6578 0.2290 0.0398 0.0615
3 0.3683 0.0896 0.0400 0.0582
3 0.2984 0.0911 0.0888 0.0593
3 0.4636 0.7489 0.0718 0.0669
3 0.5547 0.0942 0.0591 0.0629
3 0.4203 0.1555 0.0584 0.0600
3 0.7414 0.4281 0.0407 0.0609
3 0.8444 0.9245 0.0592 0.0664
3 0.4159 0.2842 0.0550 0.0626
3 0.4115 0.3517 0.0579 0.0666
1 0.7369 0.6332 0.0450 0.0624
3 0.1384 0.2114 0.0371 0.0578
3 0.9083 0.4346 0.0464 0.0625
3 0.6071 0.2250 0.0434 0.0631
3 0.5455 0.3529 0.0640 0.0655
3 0.4077 0.4166 0.0534 0.0648
3 0.9152 0.1632 0.0470 0.0583
3 0.7017 0.2327 0.0379 0.0614
3 0.1342 0.2728 0.0374 0.0579
3 0.6851 0.8385 0.0380 0.0618
3 0.6342 0.8999 0.0414 0.0546
1 0.1215 0.5322 0.0421 0.0646
3 0.9553 0.4365 0.0409 0.0623
1 0.1181 0.5941 0.0376 0.0618
1 0.2745 0.6737 0.0904 0.0657
1 0.9051 0.6445 0.0414 0.0683
3 0.6553 0.2951 0.0392 0.0601
3 0.2063 0.1505 0.0863 0.0563
3 0.9627 0.0963 0.0416 0.0661
3 0.9493 0.7873 0.0437 0.0693
1 0.1953 0.4057 0.0849 0.0621
3 0.7422 0.9021 0.0325 0.0528
3 0.6950 0.4998 0.0374 0.0634
1 0.5920 0.6935 0.0467 0.0680
3 0.6955 0.4338 0.0384 0.0650
3 0.9618 0.1658 0.0433 0.0615
3 0.4640 0.6860 0.0630 0.0618
3 0.3510 0.5445 0.0418 0.0645
1 0.9525 0.5064 0.0377 0.0569
3 0.5497 0.2250 0.0668 0.0659
3 0.6454 0.6266 0.0427 0.0675
3 0.4695 0.4863 0.0632 0.0584
3 0.7047 0.1002 0.0366 0.0623
1 0.5311 0.7576 0.0633 0.0660
3 0.7858 0.7741 0.0432 0.0651
3 0.9587 0.3040 0.0399 0.0635
3 0.6480 0.4935 0.0395 0.0631
3 0.6059 0.2929 0.0451 0.0618
3 0.8481 0.5041 0.0629 0.0686
3 0.6992 0.3643 0.0364 0.0589
3 0.7342 0.7016 0.0439 0.0656
1 0.5907 0.7581 0.0450 0.0664
3 0.0987 0.0788 0.0397 0.0597
3 0.0840 0.4005 0.0464 0.0621
3 0.5293 0.8267 0.0636 0.0692
3 0.1990 0.3398 0.0841 0.0597
3 0.8467 0.5722 0.0625 0.0692
3 0.4761 0.3546 0.0594 0.0639
3 0.4578 0.8212 0.0576 0.0642
3 0.5470 0.2895 0.0646 0.0627
3 0.3599 0.2827 0.0413 0.0625
3 0.1245 0.4676 0.0411 0.0648
3 0.0890 0.2725 0.0459 0.0622
3 0.6865 0.7725 0.0385 0.0661
3 0.1720 0.8751 0.0844 0.0759
1 0.5367 0.5534 0.0718 0.0611
3 0.2029 0.2148 0.0833 0.0625
3 0.7513 0.0962 0.0431 0.0628
1 0.4660 0.5512 0.0663 0.0646
1 0.2805 0.5395 0.0896 0.0639
3 0.3374 0.8113 0.0398 0.0616
3 0.3946 0.8149 0.0610 0.0635
1 0.1151 0.6612 0.0407 0.0678
2 0.9483 0.9498 0.0303 0.0842
1 0.2759 0.6069 0.0911 0.0630
3 0.8589 0.1645 0.0625 0.0690
