1 0.9111 0.8219 0.0869 0.0332
1 0.1897 0.7543 0.0895 0.0319
1 0.6306 0.8224 0.1802 0.0325
1 0.0655 0.6161 0.1196 0.0320
2 0.0777 0.9252 0.1211 0.0344
1 0.4727 0.5515 0.1161 0.0335
1 0.1894 0.8899 0.0877 0.0311
1 0.1884 0.8223 0.0881 0.0317
1 0.6246 0.4491 0.1768 0.0314
1 0.4710 0.5844 0.1168 0.0302
1 0.4663 0.4478 0.1139 0.0336
1 0.6338 0.7544 0.1785 0.0324
1 0.3191 0.6513 0.1759 0.0332
2 0.9168 0.9595 0.0984 0.0342
1 0.9065 0.6203 0.0907 0.0300
1 0.0620 0.4797 0.1217 0.0330
1 0.0754 0.8890 0.1176 0.0311
1 0.3158 0.6172 0.1805 0.0322
1 0.0691 0.6839 0.1204 0.0314
1 0.0741 0.7548 0.1158 0.0297
1 0.7889 0.6202 0.1324 0.0337
1 0.1751 0.5141 0.0872 0.0318
2 0.9147 0.9240 0.0954 0.0322
1 0.3244 0.8888 0.1804 0.0313
1 0.4735 0.6182 0.1234 0.0318
1 0.3151 0.5154 0.1843 0.0330
2 0.1924 0.9581 0.0885 0.0322
2 0.3297 0.9253 0.1739 0.0327
1 0.6289 0.5845 0.1841 0.0317
1 0.4781 0.8225 0.1255 0.0301
1 0.6251 0.5181 0.1830 0.0335
1 0.6286 0.8898 0.1825 0.0329
1 0.1756 0.5486 0.0848 0.0312
1 0.0768 0.8566 0.1155 0.0303
1 0.7952 0.8568 0.1343 0.0336
1 0.1746 0.4800 0.0897 0.0314
1 0.9081 0.5872 0.0938 0.0332
1 0.3133 0.4477 0.1806 0.0310
1 0.4721 0.6526 0.1214 0.0348
2 0.6321 0.9594 0.1717 0.0327
1 0.9130 0.7881 0.0876 0.0315
1 0.3161 0.5823 0.1799 0.0312
1 0.7876 0.5517 0.1349 0.0310
2 0.4799 0.9243 0.1160 0.0317
1 0.9052 0.4529 0.0906 0.0315
1 0.0766 0.8236 0.1217 0.0302
1 0.7906 0.6889 0.1321 0.0311
1 0.3229 0.7879 0.1778 0.0321
1 0.0742 0.7896 0.1160 0.0332
2 0.4779 0.9593 0.1181 0.0326
1 0.1841 0.7206 0.0894 0.0312
1 0.9091 0.8562 0.0895 0.0332
2 0.6323 0.9243 0.1776 0.0311
1 0.9066 0.5524 0.0926 0.0323
2 0.1909 0.9250 0.0907 0.0326
1 0.4730 0.7197 0.1193 0.0329
1 0.4798 0.7871 0.1222 0.0345
1 0.4729 0.6855 0.1222 0.0307
1 0.3137 0.4809 0.1806 0.0316
1 0.4693 0.5157 0.1222 0.0337
1 0.7927 0.6549 0.1320 0.0320
1 0.1747 0.4461 0.0887 0.0312
1 0.3251 0.8567 0.1798 0.0317
1 0.6256 0.4836 0.1828 0.0336
1 0.7884 0.5189 0.1349 0.0330
1 0.7893 0.5863 0.1331 0.0320
1 0.7951 0.8224 0.1361 0.0317
1 0.7948 0.7890 0.1386 0.0325
1 0.6277 0.6865 0.1818 0.0319
1 0.4766 0.8550 0.1197 0.0352
1 0.1838 0.6862 0.0898 0.0312
1 0.6314 0.7886 0.1744 0.0323
2 0.7948 0.9237 0.1347 0.0313
1 0.6266 0.6534 0.1853 0.0290
1 0.4786 0.8889 0.1206 0.0302
1 0.1776 0.6172 0.0828 0.0325
1 0.3169 0.5501 0.1815 0.0324
1 0.7933 0.7562 0.1356 0.0324
1 0.1835 0.6529 0.0886 0.0310
1 0.7883 0.4517 0.1375 0.0315
1 0.3208 0.7199 0.1685 0.0334
1 0.9106 0.7207 0.0877 0.0317
1 0.4682 0.4812 0.1203 0.0312
1 0.9079 0.6545 0.0886 0.0310
2 0.3272 0.9598 0.1642 0.0310
1 0.9058 0.5190 0.0934 0.0324
1 0.0659 0.5828 0.1139 0.0307
1 0.9078 0.6872 0.0892 0.0316
2 0.0774 0.9574 0.1258 0.0324
1 0.7926 0.7235 0.1306 0.0327
1 0.9064 0.4863 0.0921 0.0319
1 0.6243 0.5522 0.1758 0.0319
1 0.7932 0.8909 0.1319 0.0307
1 0.1767 0.5828 0.0870 0.0321
1 0.0689 0.6505 0.1209 0.0316
1 0.6325 0.8569 0.1795 0.0314
1 0.0647 0.5484 0.1180 0.0321
1 0.6282 0.7199 0.1841 0.0338
1 0.9131 0.8911 0.0945 0.0288
2 0.7920 0.9591 0.1293 0.0323
1 0.1870 0.8564 0.0876 0.0299
1 0.6281 0.6196 0.1785 0.0314
1 0.9091 0.7542 0.0911 0.0324
1 0.7895 0.4851 0.1352 0.0317
1 0.3231 0.7566 0.1756 0.0309
1 0.0653 0.5142 0.1160 0.0327
1 0.3198 0.6856 0.1724 0.0333
1 0.3250 0.8222 0.1760 0.0320
1 0.0619 0.4449 0.1165 0.0313
1 0.1875 0.7882 0.0889 0.0315
1 0.0707 0.7205 0.1187 0.0316
1 0.4790 0.7542 0.1225 0.0323
