3 0.9043 0.5571 0.0376 0.0335
2 0.9517 0.5574 0.0563 0.0353
3 0.9074 0.6257 0.0386 0.0343
2 0.2139 0.3995 0.0684 0.0690
2 0.8054 0.3856 0.0513 0.0559
1 0.1280 0.2481 0.0903 0.0835
3 0.8658 0.7170 0.0427 0.0546
3 0.6812 0.6123 0.0674 0.0631
3 0.2939 0.7742 0.0990 0.0809
3 0.9077 0.6608 0.0389 0.0342
2 0.2114 0.1767 0.0718 0.0751
3 0.5822 0.6133 0.1238 0.0603
2 0.5787 0.3030 0.1251 0.0762
2 0.4752 0.2208 0.0800 0.0701
1 0.0321 0.3879 0.0642 0.0764
3 0.9565 0.6953 0.0565 0.0357
2 0.2967 0.1238 0.0992 0.0744
3 0.5826 0.7444 0.1265 0.0684
3 0.9572 0.7225 0.0561 0.0269
2 0.9886 0.5275 0.0228 0.0335
3 0.7450 0.3179 0.0659 0.0537
3 0.6801 0.4298 0.0661 0.0596
2 0.2135 0.1103 0.0704 0.0689
2 0.8152 0.7757 0.0514 0.0212
2 0.3910 0.2768 0.0861 0.0738
1 0.0309 0.4648 0.0618 0.0742
2 0.5797 0.3649 0.1247 0.0634
3 0.4798 0.5500 0.0733 0.0590
3 0.4777 0.7525 0.0765 0.0690
2 0.9515 0.4905 0.0538 0.0307
2 0.5790 0.8268 0.1216 0.0836
3 0.0447 0.0814 0.0894 0.0689
3 0.8607 0.5538 0.0482 0.0493
1 0.0385 0.2331 0.0770 0.0729
3 0.9918 0.6929 0.0163 0.0348
3 0.7510 0.6703 0.0695 0.0655
3 0.4793 0.6173 0.0737 0.0634
2 0.2122 0.6239 0.0733 0.0684
3 0.0285 0.7861 0.0570 0.0889
2 0.9510 0.5248 0.0555 0.0345
3 0.7501 0.6108 0.0686 0.0588
1 0.0421 0.1575 0.0841 0.0756
2 0.2995 0.3286 0.1019 0.0816
2 0.2129 0.4747 0.0717 0.0677
2 0.9536 0.6250 0.0538 0.0348
2 0.2062 0.8694 0.0785 0.1014
3 0.7502 0.7302 0.0649 0.0713
2 0.3905 0.4108 0.0764 0.0607
2 0.8669 0.7882 0.0493 0.0587
2 0.5820 0.4251 0.1252 0.0589
3 0.8149 0.7224 0.0550 0.0576
3 0.3901 0.7644 0.0860 0.0808
2 0.9901 0.5916 0.0198 0.0309
3 0.2051 0.7791 0.0726 0.0732
2 0.8564 0.3336 0.0468 0.0495
3 0.1361 0.0884 0.0835 0.0711
3 0.7512 0.5530 0.0664 0.0565
2 0.4768 0.4836 0.0781 0.0613
3 0.6816 0.7878 0.0701 0.0301
2 0.2986 0.6216 0.1008 0.0730
3 0.0289 0.8904 0.0578 0.1047
3 0.9049 0.4871 0.0403 0.0321
2 0.9895 0.5583 0.0210 0.0378
3 0.6764 0.3127 0.0688 0.0589
2 0.3918 0.3426 0.0789 0.0673
2 0.3914 0.4801 0.0787 0.0670
2 0.8035 0.2764 0.0553 0.0550
3 0.8117 0.6102 0.0505 0.0495
3 0.8636 0.6612 0.0491 0.0540
3 0.5818 0.6792 0.1285 0.0652
3 0.0280 0.7024 0.0561 0.0669
3 0.5826 0.5492 0.1240 0.0600
3 0.9090 0.7273 0.0371 0.0240
3 0.2119 0.6994 0.0756 0.0681
2 0.4754 0.4187 0.0802 0.0610
3 0.8629 0.6080 0.0455 0.0488
3 0.8611 0.4966 0.0464 0.0508
3 0.0286 0.6251 0.0571 0.0762
3 0.6816 0.7340 0.0680 0.0701
3 0.6733 0.2520 0.0682 0.0602
2 0.3927 0.5505 0.0824 0.0653
3 0.2122 0.5490 0.0706 0.0691
3 0.7415 0.2039 0.0655 0.0551
2 0.4754 0.3548 0.0788 0.0603
3 0.9083 0.6977 0.0369 0.0383
3 0.6808 0.4903 0.0660 0.0612
2 0.2945 0.8662 0.1013 0.0930
3 0.8106 0.5520 0.0510 0.0506
3 0.0294 0.5437 0.0589 0.0755
2 0.3933 0.6192 0.0844 0.0671
3 0.8097 0.4952 0.0514 0.0549
3 0.3002 0.5481 0.0984 0.0626
2 0.2128 0.3248 0.0718 0.0728
2 0.5756 0.2425 0.1245 0.0757
3 0.4785 0.6823 0.0745 0.0670
3 0.9921 0.6589 0.0158 0.0323
2 0.2114 0.2486 0.0718 0.0735
2 0.5823 0.4885 0.1275 0.0602
2 0.4743 0.2872 0.0784 0.0682
2 0.8573 0.4442 0.0469 0.0529
2 0.9905 0.6245 0.0191 0.0341
2 0.4747 0.8451 0.0799 0.0866
3 0.9041 0.5221 0.0377 0.0354
3 0.1314 0.1655 0.0853 0.0819
3 0.7422 0.2612 0.0659 0.0542
3 0.7472 0.4349 0.0640 0.0543
2 0.2985 0.4046 0.1021 0.0706
2 0.3869 0.1390 0.0882 0.0786
2 0.3882 0.8472 0.0822 0.0793
3 0.6791 0.3710 0.0689 0.0580
3 0.7501 0.4938 0.0649 0.0570
2 0.2978 0.1838 0.1048 0.0927
3 0.9063 0.5918 0.0386 0.0329
2 0.2973 0.2520 0.1011 0.0787
2 0.8532 0.2851 0.0465 0.0549
2 0.3000 0.4766 0.0988 0.0712
3 0.6811 0.5516 0.0686 0.0566
3 0.6802 0.6728 0.0656 0.0687
3 0.2971 0.6946 0.0957 0.0609
3 0.8128 0.6648 0.0518 0.0562
3 0.3911 0.6887 0.0829 0.0635
2 0.8073 0.4415 0.0518 0.0530
2 0.8047 0.3307 0.0537 0.0575
2 0.8570 0.3906 0.0477 0.0586
3 0.9552 0.6608 0.0560 0.0376
2 0.9532 0.5915 0.0554 0.0330
3 0.7525 0.7813 0.0684 0.0301
3 0.6711 0.1925 0.0686 0.0592
3 0.7464 0.3763 0.0626 0.0575
2 0.3867 0.2075 0.0859 0.0753
1 0.0331 0.3091 0.0662 0.0736
