1 0.8875 0.7435 0.0464 0.0358
2 0.0681 0.5717 0.0897 0.0374
1 0.2290 0.7832 0.0873 0.0341
3 0.3490 0.7472 0.0476 0.0365
1 0.7586 0.8183 0.1069 0.0357
1 0.4290 0.8193 0.1016 0.0348
2 0.8579 0.4737 0.0125 0.0287
2 0.8425 0.4756 0.0166 0.0253
1 0.2297 0.7466 0.0890 0.0353
1 0.4303 0.8916 0.0968 0.0359
1 0.4289 0.7466 0.1036 0.0360
3 0.3016 0.6025 0.0488 0.0334
3 0.3499 0.7828 0.0492 0.0360
1 0.8863 0.8889 0.0476 0.0363
3 0.9877 0.7081 0.0245 0.0341
1 0.7581 0.6724 0.1071 0.0341
1 0.0118 0.6434 0.0236 0.0368
1 0.4285 0.7102 0.1002 0.0354
1 0.2993 0.7465 0.0455 0.0354
1 0.8391 0.8151 0.0480 0.0347
1 0.0678 0.7488 0.0909 0.0338
1 0.8877 0.5958 0.0478 0.0368
1 0.4279 0.6387 0.0979 0.0356
2 0.8912 0.9270 0.0418 0.0379
3 0.9857 0.8721 0.0287 0.0379
3 0.2999 0.7100 0.0456 0.0353
1 0.3014 0.6746 0.0473 0.0339
1 0.8387 0.6696 0.0483 0.0353
1 0.7594 0.7820 0.1063 0.0354
2 0.8036 0.5038 0.0660 0.0251
3 0.2302 0.4977 0.0908 0.0353
1 0.1496 0.6070 0.0713 0.0341
3 0.7447 0.4779 0.0486 0.0263
2 0.6676 0.9296 0.0739 0.0387
3 0.2313 0.4633 0.0914 0.0345
2 0.8867 0.4735 0.0119 0.0275
1 0.0118 0.8193 0.0235 0.0355
1 0.2310 0.5685 0.0902 0.0336
1 0.8382 0.8888 0.0481 0.0363
1 0.8382 0.7436 0.0483 0.0359
3 0.2315 0.8925 0.0920 0.0339
1 0.5080 0.8164 0.0494 0.0358
3 0.3515 0.6040 0.0492 0.0380
3 0.2984 0.5314 0.0462 0.0347
1 0.4291 0.6033 0.0968 0.0357
1 0.8868 0.8515 0.0478 0.0370
3 0.9867 0.7431 0.0266 0.0341
1 0.0117 0.7505 0.0234 0.0377
2 0.8409 0.9289 0.0547 0.0409
1 0.8881 0.6333 0.0474 0.0359
1 0.0696 0.6787 0.0914 0.0337
3 0.9872 0.7737 0.0255 0.0379
2 0.8739 0.5011 0.0154 0.0229
1 0.2299 0.6757 0.0897 0.0338
2 0.8588 0.4999 0.0125 0.0221
2 0.5792 0.7807 0.0917 0.0368
2 0.5073 0.7470 0.0520 0.0381
1 0.5073 0.5647 0.0511 0.0358
2 0.0704 0.9304 0.0846 0.0412
1 0.6655 0.8551 0.0722 0.0310
1 0.7593 0.7441 0.1032 0.0350
1 0.0101 0.6791 0.0200 0.0358
2 0.5826 0.9306 0.0844 0.0418
1 0.8382 0.7068 0.0468 0.0365
2 0.7590 0.9314 0.1004 0.0387
1 0.1508 0.5699 0.0687 0.0338
1 0.0682 0.7134 0.0909 0.0341
3 0.0119 0.8547 0.0238 0.0356
3 0.3509 0.6753 0.0472 0.0371
1 0.4299 0.8551 0.1003 0.0368
1 0.7591 0.8922 0.1036 0.0347
1 0.5783 0.5642 0.0939 0.0349
3 0.9869 0.8057 0.0262 0.0379
1 0.6657 0.7807 0.0752 0.0387
2 0.8880 0.4992 0.0128 0.0227
2 0.5877 0.4787 0.0436 0.0251
3 0.2298 0.5344 0.0912 0.0360
2 0.5798 0.6726 0.0923 0.0350
1 0.6653 0.6725 0.0717 0.0359
1 0.0677 0.7846 0.0906 0.0360
3 0.0109 0.5718 0.0215 0.0341
1 0.5802 0.7449 0.0916 0.0362
1 0.5082 0.7815 0.0503 0.0366
1 0.5077 0.7079 0.0477 0.0363
3 0.9874 0.6746 0.0252 0.0341
1 0.8882 0.8152 0.0464 0.0361
1 0.2288 0.6397 0.0881 0.0350
3 0.6428 0.4778 0.0625 0.0245
1 0.1488 0.7845 0.0685 0.0374
1 0.0679 0.6428 0.0864 0.0325
2 0.2353 0.9314 0.0902 0.0391
1 0.0671 0.8928 0.0861 0.0344
3 0.8882 0.5595 0.0465 0.0343
2 0.8447 0.5008 0.0127 0.0227
1 0.3522 0.8540 0.0497 0.0361
1 0.8877 0.7065 0.0477 0.0363
2 0.8017 0.4767 0.0616 0.0267
1 0.1492 0.6437 0.0654 0.0347
1 0.8875 0.6691 0.0477 0.0361
1 0.7587 0.6358 0.1068 0.0356
1 0.8879 0.7790 0.0461 0.0355
1 0.2312 0.8549 0.0917 0.0349
3 0.6994 0.4777 0.0486 0.0263
1 0.1496 0.7123 0.0679 0.0355
3 0.3002 0.6379 0.0494 0.0352
1 0.5790 0.8162 0.0908 0.0360
1 0.6655 0.5633 0.0727 0.0367
1 0.1494 0.6767 0.0659 0.0350
1 0.0683 0.8556 0.0913 0.0350
1 0.1490 0.8546 0.0671 0.0355
3 0.4281 0.6758 0.1010 0.0342
2 0.0688 0.5019 0.0865 0.0365
1 0.1497 0.7479 0.0695 0.0377
3 0.9879 0.5439 0.0242 0.0341
1 0.5798 0.6369 0.0947 0.0379
3 0.6987 0.5048 0.0486 0.0263
2 0.6654 0.5999 0.0776 0.0377
1 0.5769 0.8894 0.0912 0.0351
1 0.5080 0.6003 0.0485 0.0358
3 0.1486 0.5006 0.0665 0.0369
1 0.3524 0.5669 0.0511 0.0347
3 0.1506 0.8921 0.0704 0.0366
2 0.5064 0.6376 0.0543 0.0397
1 0.3502 0.7122 0.0477 0.0358
1 0.2297 0.7110 0.0923 0.0358
3 0.0104 0.4655 0.0207 0.0363
2 0.7575 0.7099 0.1064 0.0343
1 0.8375 0.8519 0.0490 0.0364
3 0.3505 0.6401 0.0485 0.0367
2 0.6643 0.8187 0.0753 0.0378
1 0.5802 0.7069 0.0912 0.0341
1 0.2306 0.6040 0.0906 0.0346
1 0.0111 0.7146 0.0222 0.0373
3 0.2994 0.5665 0.0440 0.0336
3 0.0669 0.5366 0.0909 0.0345
3 0.0137 0.8909 0.0264 0.0349
1 0.5078 0.8528 0.0479 0.0347
1 0.5779 0.8529 0.0920 0.0349
2 0.5081 0.9313 0.0503 0.0386
1 0.2988 0.7834 0.0483 0.0368
1 0.3522 0.8915 0.0510 0.0380
1 0.1487 0.8196 0.0673 0.0354
1 0.2991 0.8187 0.0446 0.0342
2 0.0701 0.4656 0.0899 0.0370
3 0.7438 0.5042 0.0486 0.0263
2 0.4297 0.9341 0.0970 0.0426
1 0.8379 0.5965 0.0487 0.0362
2 0.0141 0.9286 0.0232 0.0369
1 0.5779 0.5995 0.0916 0.0356
2 0.7565 0.8563 0.1031 0.0357
1 0.0113 0.7857 0.0225 0.0371
2 0.5895 0.5074 0.0436 0.0257
1 0.3515 0.8211 0.0502 0.0368
2 0.3025 0.9299 0.0456 0.0392
1 0.0687 0.8189 0.0932 0.0342
3 0.9860 0.8363 0.0280 0.0379
3 0.6427 0.5050 0.0604 0.0263
1 0.8392 0.7793 0.0469 0.0355
2 0.1510 0.9311 0.0686 0.0393
3 0.2996 0.8538 0.0450 0.0347
1 0.5070 0.8898 0.0515 0.0372
1 0.0115 0.6073 0.0230 0.0376
1 0.8384 0.6334 0.0490 0.0359
1 0.7596 0.5984 0.1039 0.0352
1 0.6652 0.7073 0.0752 0.0378
1 0.5073 0.6726 0.0504 0.0356
3 0.0113 0.5377 0.0220 0.0346
3 0.9881 0.6088 0.0238 0.0341
1 0.6677 0.8902 0.0777 0.0347
1 0.6664 0.7441 0.0729 0.0367
1 0.7587 0.5617 0.1049 0.0344
3 0.0110 0.5018 0.0210 0.0363
1 0.0674 0.6063 0.0893 0.0359
3 0.8382 0.5601 0.0473 0.0359
2 0.3534 0.9319 0.0505 0.0392
2 0.8733 0.4742 0.0142 0.0273
1 0.4291 0.7821 0.1019 0.0374
1 0.4310 0.5668 0.0962 0.0350
3 0.3009 0.8907 0.0449 0.0364
3 0.9874 0.5782 0.0252 0.0341
3 0.1484 0.4632 0.0670 0.0360
2 0.1488 0.5353 0.0688 0.0365
3 0.3012 0.4611 0.0405 0.0320
3 0.9883 0.6421 0.0235 0.0341
1 0.6658 0.6374 0.0730 0.0342
3 0.2991 0.4959 0.0446 0.0363
1 0.2300 0.8190 0.0923 0.0353
