1 0.7845 0.7354 0.0306 0.0722
1 0.9566 0.6262 0.0228 0.0594
1 0.9318 0.6258 0.0281 0.0570
1 0.9622 0.6884 0.0239 0.0586
1 0.9378 0.6896 0.0257 0.0642
1 0.7951 0.8116 0.0323 0.0803
1 0.8996 0.6872 0.0528 0.0674
1 0.9502 0.8156 0.0245 0.0658
1 0.9710 0.8104 0.0216 0.0666
1 0.7651 0.8092 0.0319 0.0738
1 0.7702 0.8886 0.0291 0.0867
1 0.9747 0.8730 0.0187 0.0618
1 0.7029 0.4832 0.0468 0.0574
1 0.7879 0.4346 0.0284 0.0564
1 0.7620 0.4304 0.0253 0.0618
1 0.9086 0.4552 0.0289 0.0574
1 0.8710 0.4503 0.0467 0.0604
1 0.9412 0.5147 0.0224 0.0584
1 0.9504 0.5738 0.0254 0.0599
1 0.9252 0.5706 0.0273 0.0594
1 0.9158 0.5115 0.0284 0.0589
1 0.8021 0.5534 0.0309 0.0594
1 0.7309 0.9663 0.0559 0.0674
1 0.7489 0.6066 0.0296 0.0632
1 0.7761 0.6073 0.0276 0.0590
1 0.8040 0.6097 0.0328 0.0608
1 0.7518 0.6700 0.0262 0.0627
1 0.7779 0.6696 0.0280 0.0636
1 0.8079 0.6712 0.0321 0.0650
1 0.9786 0.6860 0.0194 0.0618
1 0.8493 0.6820 0.0533 0.0618
1 0.8553 0.7454 0.0511 0.0666
1 0.8246 0.8140 0.0360 0.0738
1 0.9052 0.7522 0.0542 0.0658
1 0.8679 0.8188 0.0548 0.0770
1 0.9158 0.8212 0.0465 0.0706
1 0.9427 0.7542 0.0265 0.0682
1 0.9648 0.7482 0.0237 0.0658
1 0.9820 0.7454 0.0194 0.0698
1 0.9866 0.8076 0.0182 0.0610
1 0.9899 0.8670 0.0148 0.0610
1 0.8741 0.8927 0.0530 0.0803
1 0.9209 0.8947 0.0431 0.0730
2 0.1540 0.1179 0.0315 0.0403
2 0.1807 0.1176 0.0301 0.0410
2 0.2045 0.1193 0.0228 0.0375
2 0.2245 0.1197 0.0249 0.0367
2 0.2476 0.1207 0.0282 0.0389
2 0.4251 0.1388 0.0247 0.0438
2 0.4466 0.1409 0.0228 0.0452
2 0.4444 0.1854 0.0228 0.0438
2 0.4421 0.2303 0.0236 0.0473
2 0.4199 0.2306 0.0252 0.0466
2 0.4223 0.1826 0.0263 0.0438
2 0.3882 0.1797 0.0469 0.0410
2 0.3856 0.2257 0.0472 0.0466
2 0.3406 0.2225 0.0466 0.0445
2 0.3451 0.1759 0.0469 0.0417
2 0.3000 0.2674 0.0312 0.0466
2 0.3051 0.2218 0.0304 0.0473
2 0.3106 0.1720 0.0285 0.0452
2 0.2852 0.1699 0.0285 0.0436
2 0.2804 0.2170 0.0282 0.0471
2 0.2748 0.2653 0.0280 0.0436
2 0.2518 0.2629 0.0262 0.0448
2 0.2578 0.2149 0.0251 0.0453
2 0.2350 0.2123 0.0271 0.0459
2 0.2289 0.2605 0.0289 0.0483
2 0.2057 0.2588 0.0262 0.0448
2 0.2126 0.2111 0.0269 0.0436
2 0.1835 0.2570 0.0253 0.0448
2 0.1911 0.2096 0.0255 0.0442
2 0.1974 0.1643 0.0251 0.0465
2 0.1593 0.2552 0.0339 0.0424
2 0.1677 0.2070 0.0330 0.0448
2 0.1312 0.2529 0.0341 0.0424
2 0.1391 0.2064 0.0328 0.0436
2 0.1466 0.1604 0.0341 0.0424
2 0.1213 0.1590 0.0291 0.0418
2 0.1134 0.2031 0.0287 0.0430
2 0.1050 0.2508 0.0310 0.0477
2 0.0806 0.2485 0.0319 0.0430
2 0.0891 0.2011 0.0298 0.0400
2 0.0970 0.1557 0.0271 0.0412
2 0.6324 0.1057 0.0065 0.0716
2 0.6252 0.1470 0.0065 0.0690
2 0.6183 0.1791 0.0060 0.0412
2 0.6499 0.0820 0.0240 0.0406
2 0.6824 0.0880 0.0418 0.0435
2 0.7142 0.0932 0.0243 0.0415
2 0.7370 0.0986 0.0234 0.0409
2 0.7603 0.1034 0.0261 0.0409
2 0.7928 0.1100 0.0423 0.0437
2 0.8337 0.1183 0.0429 0.0423
2 0.8681 0.1269 0.0312 0.0423
2 0.8910 0.1317 0.0191 0.0378
2 0.9098 0.1343 0.0227 0.0366
2 0.6602 0.3144 0.0264 0.0474
2 0.6956 0.3205 0.0453 0.0532
2 0.7298 0.3254 0.0265 0.0491
2 0.7549 0.3293 0.0262 0.0470
2 0.7805 0.3342 0.0273 0.0478
2 0.8163 0.3414 0.0468 0.0540
2 0.8605 0.3483 0.0454 0.0499
2 0.8973 0.3544 0.0333 0.0474
2 0.9215 0.3596 0.0212 0.0446
2 0.9416 0.3618 0.0246 0.0450
3 0.0970 0.2973 0.0307 0.0407
3 0.1227 0.2999 0.0343 0.0400
3 0.1520 0.3037 0.0350 0.0407
3 0.1765 0.3076 0.0258 0.0436
3 0.2463 0.3129 0.0249 0.0459
3 0.2688 0.3167 0.0278 0.0418
3 0.2964 0.3182 0.0310 0.0483
3 0.3368 0.2693 0.0477 0.0424
3 0.3330 0.3212 0.0486 0.0507
3 0.3275 0.3765 0.0515 0.0518
3 0.3222 0.4306 0.0518 0.0589
3 0.3178 0.4893 0.0529 0.0571
3 0.2903 0.3706 0.0346 0.0518
3 0.2635 0.3680 0.0307 0.0512
3 0.2567 0.4236 0.0325 0.0542
3 0.2506 0.4804 0.0321 0.0572
3 0.2251 0.4769 0.0289 0.0548
3 0.2321 0.4207 0.0285 0.0565
3 0.2391 0.3659 0.0262 0.0518
3 0.2155 0.3635 0.0319 0.0518
3 0.2088 0.4160 0.0312 0.0553
3 0.1692 0.3585 0.0273 0.0501
3 0.1601 0.4118 0.0287 0.0530
3 0.0868 0.3500 0.0326 0.0471
3 0.0068 0.7506 0.0135 0.0607
3 0.0040 0.8175 0.0081 0.0695
3 0.0144 0.8263 0.0235 0.0707
3 0.3669 0.4948 0.0527 0.0566
3 0.4048 0.5013 0.0289 0.0589
3 0.4294 0.5053 0.0254 0.0573
3 0.4324 0.4454 0.0264 0.0561
3 0.4075 0.4434 0.0273 0.0561
3 0.3695 0.4368 0.0508 0.0569
3 0.3739 0.3812 0.0505 0.0528
3 0.4105 0.3865 0.0265 0.0520
3 0.4352 0.3888 0.0246 0.0499
3 0.4371 0.3354 0.0245 0.0512
3 0.4137 0.3323 0.0257 0.0516
3 0.3780 0.3268 0.0485 0.0528
3 0.3815 0.2769 0.0475 0.0487
3 0.4158 0.2804 0.0257 0.0475
3 0.4391 0.2843 0.0243 0.0471
3 0.4632 0.2867 0.0235 0.0512
3 0.5005 0.2909 0.0516 0.0507
3 0.5516 0.2974 0.0515 0.0507
3 0.5876 0.3023 0.0221 0.0507
3 0.6098 0.3060 0.0207 0.0499
3 0.6333 0.3093 0.0251 0.0508
3 0.6510 0.1246 0.0243 0.0443
3 0.6847 0.1290 0.0435 0.0477
3 0.7167 0.1345 0.0246 0.0477
3 0.7400 0.1393 0.0259 0.0481
3 0.7639 0.1446 0.0272 0.0459
3 0.7970 0.1517 0.0454 0.0492
3 0.7680 0.1886 0.0289 0.0491
3 0.8388 0.1610 0.0452 0.0495
3 0.8735 0.1667 0.0344 0.0511
3 0.8972 0.1723 0.0218 0.0466
3 0.9152 0.1761 0.0248 0.0470
3 0.9345 0.3146 0.0250 0.0437
3 0.9616 0.5204 0.0240 0.0527
1 0.1423 0.5267 0.0303 0.0577
1 0.0100 0.6878 0.0201 0.0633
1 0.2182 0.5357 0.0290 0.0584
1 0.3124 0.5497 0.0540 0.0599
1 0.2857 0.8230 0.0610 0.0752
1 0.2784 0.9037 0.0620 0.0806
1 0.3973 0.6277 0.0311 0.0677
1 0.4231 0.6334 0.0273 0.0643
1 0.4509 0.6353 0.0271 0.0613
1 0.3927 0.6947 0.0320 0.0653
1 0.4197 0.7008 0.0281 0.0677
1 0.4477 0.7053 0.0290 0.0658
1 0.3889 0.7688 0.0328 0.0682
1 0.4161 0.7730 0.0288 0.0697
1 0.4451 0.7774 0.0296 0.0697
1 0.3409 0.8324 0.0614 0.0766
1 0.3847 0.8422 0.0345 0.0756
1 0.4122 0.8478 0.0298 0.0721
1 0.4421 0.8540 0.0292 0.0687
1 0.3789 0.9234 0.0347 0.0790
1 0.4086 0.9293 0.0299 0.0770
1 0.4380 0.9337 0.0303 0.0800
1 0.4004 0.5632 0.0298 0.0589
1 0.4267 0.5665 0.0267 0.0586
1 0.4656 0.2357 0.0237 0.0467
1 0.5012 0.2404 0.0512 0.0487
1 0.5515 0.2474 0.0504 0.0512
1 0.5870 0.2525 0.0210 0.0491
1 0.6084 0.2559 0.0206 0.0487
1 0.6317 0.2590 0.0242 0.0475
1 0.4619 0.3386 0.0234 0.0520
1 0.4991 0.3422 0.0530 0.0536
1 0.5511 0.3498 0.0521 0.0532
1 0.5888 0.3558 0.0224 0.0511
1 0.6113 0.3572 0.0231 0.0540
1 0.6343 0.3611 0.0262 0.0560
1 0.4597 0.3921 0.0235 0.0544
1 0.4976 0.3983 0.0532 0.0569
1 0.5512 0.4050 0.0532 0.0581
1 0.5898 0.4097 0.0229 0.0544
1 0.6125 0.4130 0.0234 0.0528
1 0.6360 0.4165 0.0257 0.0540
1 0.4574 0.4492 0.0235 0.0556
1 0.4963 0.4543 0.0537 0.0568
1 0.5511 0.4631 0.0538 0.0622
1 0.5900 0.4660 0.0235 0.0589
1 0.6135 0.4703 0.0237 0.0585
1 0.6380 0.4733 0.0264 0.0572
1 0.4550 0.5075 0.0256 0.0560
1 0.6914 0.2689 0.0433 0.0521
1 0.4950 0.5140 0.0562 0.0626
1 0.5509 0.5220 0.0556 0.0613
1 0.5909 0.5257 0.0240 0.0605
3 0.1068 0.5815 0.0316 0.0623
1 0.6142 0.5291 0.0240 0.0568
1 0.6400 0.5334 0.0275 0.0581
1 0.6415 0.5968 0.0276 0.0622
1 0.8779 0.2125 0.0320 0.0494
1 0.6159 0.5929 0.0257 0.0609
1 0.5920 0.5895 0.0257 0.0622
1 0.5511 0.5848 0.0568 0.0667
1 0.4941 0.5768 0.0565 0.0646
1 0.4531 0.5698 0.0248 0.0589
1 0.4913 0.6408 0.0578 0.0724
1 0.5506 0.6492 0.0581 0.0679
1 0.0670 0.6422 0.0338 0.0653
1 0.5922 0.6559 0.0251 0.0634
1 0.6175 0.6590 0.0256 0.0638
1 0.6433 0.6617 0.0281 0.0642
3 0.9234 0.2216 0.0218 0.0477
1 0.6456 0.7312 0.0297 0.0667
1 0.6189 0.7287 0.0256 0.0708
1 0.5932 0.7252 0.0265 0.0687
3 0.1440 0.3550 0.0362 0.0512
1 0.5503 0.7199 0.0593 0.0736
1 0.4907 0.7109 0.0595 0.0752
1 0.4891 0.7839 0.0596 0.0761
1 0.4862 0.8608 0.0629 0.0801
1 0.4852 0.9417 0.0642 0.0851
1 0.5505 0.7925 0.0621 0.0783
1 0.5502 0.8694 0.0624 0.0824
1 0.5498 0.9513 0.0649 0.0883
1 0.5942 0.7973 0.0262 0.0713
1 0.6205 0.7990 0.0280 0.0748
1 0.6478 0.8034 0.0321 0.0730
1 0.5949 0.8750 0.0289 0.0796
1 0.6219 0.8788 0.0292 0.0754
1 0.6506 0.8826 0.0323 0.0772
1 0.5962 0.9568 0.0291 0.0864
1 0.6233 0.9597 0.0291 0.0806
1 0.6530 0.9609 0.0334 0.0782
1 0.6560 0.2170 0.0240 0.0417
1 0.6575 0.2653 0.0256 0.0450
1 0.7203 0.1804 0.0264 0.0487
1 0.7434 0.1856 0.0264 0.0474
1 0.7231 0.2275 0.0268 0.0503
1 0.7472 0.2316 0.0278 0.0511
1 0.7261 0.2745 0.0273 0.0511
1 0.7508 0.2794 0.0282 0.0544
1 0.7762 0.2846 0.0299 0.0498
1 0.8114 0.2904 0.0483 0.0573
1 0.8065 0.2427 0.0464 0.0525
1 0.8014 0.1974 0.0451 0.0511
1 0.8439 0.2067 0.0459 0.0508
1 0.8484 0.2505 0.0446 0.0484
1 0.9024 0.2178 0.0226 0.0491
1 0.9086 0.2621 0.0226 0.0484
1 0.9273 0.2674 0.0243 0.0440
1 0.9152 0.3115 0.0231 0.0470
1 0.8906 0.3049 0.0345 0.0494
1 0.8540 0.2981 0.0460 0.0494
1 0.6615 0.3669 0.0288 0.0545
1 0.6640 0.4201 0.0284 0.0579
1 0.6662 0.4778 0.0288 0.0545
1 0.6685 0.5382 0.0303 0.0574
1 0.7001 0.4255 0.0465 0.0589
1 0.7072 0.5423 0.0505 0.0638
1 0.7334 0.3767 0.0271 0.0496
1 0.7591 0.3816 0.0281 0.0515
1 0.7851 0.3843 0.0303 0.0510
1 0.7358 0.4292 0.0286 0.0594
1 0.7391 0.4866 0.0284 0.0594
1 0.8213 0.3890 0.0474 0.0486
1 0.8321 0.4979 0.0507 0.0534
1 0.8257 0.4410 0.0486 0.0564
1 0.8657 0.3966 0.0458 0.0510
1 0.9025 0.4017 0.0324 0.0554
1 0.9281 0.4062 0.0245 0.0545
1 0.9337 0.4604 0.0256 0.0599
1 0.7710 0.5488 0.0328 0.0569
1 0.7434 0.5461 0.0252 0.0584
1 0.6711 0.5994 0.0292 0.0589
1 0.7110 0.6048 0.0518 0.0648
1 0.6745 0.6659 0.0307 0.0643
1 0.7138 0.6711 0.0537 0.0707
1 0.6770 0.7346 0.0309 0.0692
1 0.7183 0.7385 0.0531 0.0731
1 0.6798 0.8075 0.0335 0.0716
1 0.7227 0.8136 0.0556 0.0721
1 0.6834 0.8870 0.0343 0.0766
1 0.7272 0.8907 0.0586 0.0800
1 0.6866 0.9639 0.0354 0.0723
1 0.7764 0.9673 0.0337 0.0654
1 0.8073 0.9700 0.0330 0.0601
1 0.8372 0.9702 0.0321 0.0597
1 0.9911 0.9257 0.0176 0.0568
1 0.9749 0.9402 0.0206 0.0671
1 0.9555 0.9526 0.0236 0.0594
1 0.9248 0.9646 0.0431 0.0708
1 0.8775 0.9682 0.0531 0.0637
1 0.8936 0.6241 0.0484 0.0556
1 0.8462 0.6178 0.0508 0.0601
1 0.8147 0.7369 0.0325 0.0738
1 0.7564 0.7404 0.0284 0.0730
1 0.8798 0.5065 0.0439 0.0558
1 0.8877 0.5655 0.0484 0.0605
1 0.8398 0.5576 0.0458 0.0628
3 0.0216 0.5640 0.0310 0.0620
1 0.0688 0.4536 0.0278 0.0568
1 0.0297 0.5097 0.0336 0.0508
3 0.0563 0.7037 0.0300 0.0702
1 0.0301 0.6981 0.0239 0.0624
1 0.1759 0.6601 0.0285 0.0619
1 0.9737 0.6266 0.0188 0.0506
3 0.0699 0.2964 0.0374 0.0448
3 0.1998 0.3085 0.0266 0.0453
3 0.2240 0.3114 0.0270 0.0453
3 0.2792 0.4849 0.0329 0.0542
3 0.2850 0.4266 0.0320 0.0555
3 0.2021 0.4737 0.0284 0.0542
3 0.1857 0.4150 0.0255 0.0560
3 0.1929 0.3600 0.0265 0.0495
3 0.0601 0.3468 0.0372 0.0479
3 0.0509 0.3999 0.0369 0.0495
3 0.2516 0.7433 0.0355 0.0693
3 0.9547 0.4656 0.0245 0.0528
3 0.9492 0.4098 0.0207 0.0514
1 0.0390 0.4556 0.0376 0.0561
1 0.2448 0.5394 0.0296 0.0550
1 0.2723 0.5453 0.0326 0.0550
1 0.3061 0.6130 0.0542 0.0629
1 0.2020 0.6645 0.0294 0.0629
1 0.3617 0.5571 0.0534 0.0637
1 0.6885 0.2215 0.0443 0.0507
1 0.7711 0.2359 0.0286 0.0532
1 0.8831 0.2587 0.0305 0.0497
1 0.7660 0.4927 0.0303 0.0620
1 0.9696 0.5733 0.0224 0.0550
1 0.0971 0.4588 0.0322 0.0579
1 0.3574 0.6185 0.0542 0.0601
1 0.6977 0.3728 0.0455 0.0518
1 0.6869 0.1745 0.0443 0.0521
1 0.7942 0.4953 0.0300 0.0606
3 0.1072 0.4014 0.0320 0.0573
3 0.1355 0.4050 0.0324 0.0576
2 0.3489 0.1311 0.0452 0.0449
2 0.3152 0.1278 0.0289 0.0428
2 0.3913 0.1336 0.0455 0.0469
2 0.1019 0.1125 0.0353 0.0492
2 0.1276 0.1161 0.0305 0.0409
2 0.2690 0.1228 0.0228 0.0429
2 0.2900 0.1244 0.0269 0.0454
1 0.3476 0.7570 0.0551 0.0772
1 0.3534 0.6847 0.0564 0.0766
1 0.2988 0.6802 0.0559 0.0648
3 0.0777 0.5770 0.0308 0.0642
3 0.0498 0.5693 0.0243 0.0620
3 0.0797 0.3994 0.0291 0.0563
3 0.0386 0.8359 0.0266 0.0763
3 0.0671 0.8489 0.0289 0.0808
3 0.0928 0.8613 0.0244 0.0844
1 0.1275 0.4618 0.0346 0.0568
1 0.0591 0.5118 0.0261 0.0612
1 0.0884 0.5167 0.0332 0.0648
1 0.1165 0.5198 0.0294 0.0657
1 0.1692 0.5273 0.0262 0.0612
1 0.1942 0.5313 0.0283 0.0628
1 0.0143 0.6278 0.0258 0.0641
1 0.0407 0.6315 0.0277 0.0656
1 0.1350 0.5856 0.0263 0.0646
1 0.1598 0.5883 0.0264 0.0631
1 0.2938 0.7472 0.0515 0.0771
1 0.1835 0.8033 0.0288 0.0794
3 0.2663 0.6024 0.0337 0.0711
3 0.0215 0.7595 0.0239 0.0688
3 0.0474 0.7679 0.0266 0.0623
3 0.0745 0.7782 0.0291 0.0764
3 0.1281 0.7937 0.0277 0.0802
1 0.1542 0.4648 0.0238 0.0602
1 0.1779 0.4681 0.0266 0.0606
1 0.1860 0.5905 0.0305 0.0656
1 0.2376 0.5986 0.0300 0.0690
1 0.2099 0.5949 0.0275 0.0686
1 0.2130 0.8054 0.0316 0.0817
3 0.0848 0.7150 0.0331 0.0672
3 0.1016 0.7916 0.0282 0.0684
3 0.1552 0.7980 0.0277 0.0756
3 0.1459 0.8725 0.0308 0.0784
1 0.0956 0.6483 0.0318 0.0648
1 0.1241 0.6522 0.0280 0.0638
1 0.1501 0.6557 0.0280 0.0629
1 0.2298 0.6684 0.0317 0.0638
1 0.2594 0.6736 0.0348 0.0643
1 0.1139 0.7178 0.0285 0.0712
1 0.1406 0.7227 0.0294 0.0692
1 0.1668 0.7288 0.0301 0.0658
1 0.1918 0.7332 0.0275 0.0668
1 0.2213 0.7379 0.0303 0.0663
3 0.1175 0.8669 0.0277 0.0792
1 0.1720 0.8799 0.0284 0.0853
1 0.2439 0.8162 0.0380 0.0740
1 0.2031 0.8847 0.0310 0.0868
3 0.2364 0.8937 0.0335 0.0867
1 0.3357 0.9089 0.0575 0.0923
1 0.6538 0.1712 0.0228 0.0482
3 0.1139 0.3439 0.0369 0.0550
2 0.1738 0.1607 0.0312 0.0430
2 0.2185 0.1629 0.0258 0.0481
2 0.2411 0.1647 0.0276 0.0480
2 0.2628 0.1674 0.0240 0.0484
1 0.8006 0.8925 0.0366 0.0879
1 0.8325 0.8923 0.0363 0.0891
1 0.9540 0.8875 0.0293 0.0731
