1 0.1086 0.2370 0.1076 0.1096
2 0.7368 0.7786 0.1897 0.1612
1 0.9511 0.3981 0.0851 0.0979
3 0.0049 0.6746 0.0099 0.0239
3 0.0180 0.6505 0.0189 0.0239
3 0.9941 0.3774 0.0118 0.0341
1 0.7169 0.3003 0.1819 0.1060
2 0.0143 0.4680 0.0189 0.0176
1 0.4134 0.4334 0.1823 0.1138
3 0.0164 0.5473 0.0189 0.0239
1 0.1110 0.3480 0.1043 0.1159
2 0.4254 0.8106 0.1880 0.1707
1 0.8404 0.0813 0.0824 0.0990
1 0.5538 0.2004 0.1165 0.1123
1 0.7273 0.5192 0.1862 0.1182
1 0.8481 0.1867 0.0818 0.1003
3 0.0148 0.4873 0.0189 0.0239
3 0.9922 0.3142 0.0157 0.0341
3 0.0047 0.6501 0.0093 0.0239
1 0.9563 0.5016 0.0859 0.1033
1 0.5511 0.0933 0.1132 0.0984
2 0.4224 0.6670 0.1897 0.1282
3 0.9933 0.3457 0.0134 0.0341
2 0.1201 0.8275 0.1209 0.1568
2 0.0126 0.4132 0.0189 0.0176
2 0.1183 0.6938 0.1180 0.1304
2 0.9574 0.6112 0.0780 0.1030
2 0.0133 0.4325 0.0189 0.0176
2 0.5841 0.7943 0.1223 0.1719
1 0.1137 0.4652 0.1057 0.1104
1 0.8543 0.2949 0.0814 0.0970
2 0.0123 0.3914 0.0189 0.0176
1 0.4175 0.5478 0.1791 0.1175
3 0.9911 0.2848 0.0178 0.0341
3 0.0158 0.5090 0.0189 0.0239
1 0.9267 0.0820 0.0807 0.1016
1 0.4091 0.3215 0.1785 0.1091
1 0.2463 0.4498 0.1475 0.1184
3 0.2320 0.0470 0.1505 0.0544
1 0.8707 0.5067 0.0951 0.1126
1 0.9340 0.1860 0.0789 0.0939
2 0.5782 0.6500 0.1202 0.1249
1 0.7105 0.1973 0.1864 0.1116
1 0.5611 0.3098 0.1149 0.1072
2 0.7319 0.6371 0.1854 0.1182
3 0.1039 0.0494 0.1115 0.0572
1 0.5740 0.5333 0.1237 0.1183
3 0.8615 0.4006 0.0868 0.0969
1 0.7039 0.0909 0.1808 0.0982
3 0.4035 0.2129 0.1779 0.1068
3 0.0172 0.5861 0.0189 0.0239
2 0.9636 0.7346 0.0728 0.1472
2 0.8804 0.7521 0.1000 0.1556
2 0.2522 0.6792 0.1517 0.1219
3 0.0166 0.6092 0.0189 0.0239
3 0.1048 0.1284 0.1059 0.1116
3 0.0166 0.5666 0.0189 0.0239
1 0.9405 0.2905 0.0815 0.1039
3 0.3970 0.0419 0.1824 0.0403
2 0.0143 0.4519 0.0189 0.0176
3 0.0049 0.5889 0.0099 0.0239
3 0.2334 0.1188 0.1484 0.1168
1 0.2407 0.3386 0.1459 0.1171
1 0.5723 0.4164 0.1184 0.1126
1 0.2472 0.5619 0.1477 0.1231
2 0.2543 0.8198 0.1512 0.1568
1 0.2349 0.2252 0.1506 0.1122
3 0.0048 0.6334 0.0096 0.0239
2 0.8724 0.6179 0.1025 0.1134
1 0.1163 0.5801 0.1057 0.1187
3 0.3988 0.1073 0.1721 0.1149
3 0.0053 0.6099 0.0107 0.0239
3 0.0183 0.6732 0.0189 0.0239
1 0.7224 0.4136 0.1844 0.1087
3 0.0164 0.5270 0.0189 0.0239
3 0.0174 0.6302 0.0189 0.0239
