3 0.7434 0.1280 0.0329 0.0541
3 0.8839 0.4761 0.0795 0.0618
2 0.8460 0.9387 0.0661 0.0783
2 0.3064 0.9030 0.0312 0.0801
3 0.3780 0.1812 0.0567 0.0491
3 0.3367 0.4415 0.0266 0.0498
1 0.1255 0.7642 0.0547 0.0482
3 0.7531 0.2978 0.0384 0.0600
3 0.0196 0.5599 0.0231 0.0444
1 0.4972 0.7817 0.0642 0.0577
3 0.9660 0.6678 0.0571 0.0675
2 0.1767 0.8860 0.0368 0.0576
3 0.7089 0.1897 0.0363 0.0579
3 0.8885 0.5350 0.0814 0.0577
3 0.1795 0.6053 0.0406 0.0477
3 0.8016 0.2922 0.0550 0.0569
3 0.7470 0.1854 0.0364 0.0593
3 0.9427 0.3474 0.0577 0.0571
3 0.0536 0.5593 0.0487 0.0480
3 0.3372 0.7738 0.0286 0.0521
3 0.3780 0.2295 0.0593 0.0496
1 0.0489 0.7088 0.0499 0.0483
3 0.5645 0.1509 0.0319 0.0516
1 0.0871 0.6589 0.0255 0.0503
1 0.3045 0.8303 0.0281 0.0517
1 0.6893 0.8519 0.0765 0.0644
1 0.0822 0.8155 0.0267 0.0530
3 0.1770 0.7125 0.0404 0.0503
3 0.3075 0.4410 0.0288 0.0493
2 0.2267 0.8917 0.0613 0.0651
3 0.1812 0.5022 0.0405 0.0472
1 0.0501 0.6580 0.0499 0.0514
3 0.3793 0.3856 0.0577 0.0509
2 0.4402 0.9131 0.0480 0.0687
3 0.3066 0.2867 0.0285 0.0512
3 0.2784 0.2896 0.0289 0.0493
3 0.3072 0.4933 0.0297 0.0505
1 0.0841 0.7618 0.0263 0.0486
1 0.1758 0.7657 0.0396 0.0478
1 0.3375 0.8334 0.0263 0.0505
1 0.7837 0.7908 0.0427 0.0700
3 0.3070 0.2371 0.0277 0.0508
3 0.8318 0.7261 0.0625 0.0653
3 0.1383 0.3136 0.0520 0.0472
3 0.0646 0.2803 0.0450 0.0472
3 0.5675 0.2584 0.0333 0.0548
3 0.9724 0.7321 0.0552 0.0581
3 0.7981 0.2364 0.0576 0.0594
3 0.6556 0.1986 0.0696 0.0562
3 0.6163 0.5385 0.0345 0.0550
3 0.0958 0.4106 0.0249 0.0486
3 0.5731 0.4247 0.0368 0.0555
1 0.4948 0.6611 0.0635 0.0582
3 0.4338 0.3811 0.0465 0.0495
3 0.3063 0.5468 0.0290 0.0496
1 0.5494 0.8447 0.0331 0.0596
3 0.5697 0.3116 0.0330 0.0539
2 0.8239 0.5976 0.0653 0.0622
1 0.5897 0.8462 0.0345 0.0615
3 0.1311 0.5547 0.0538 0.0468
3 0.4915 0.5416 0.0614 0.0520
2 0.1245 0.8786 0.0588 0.0529
3 0.3795 0.3349 0.0555 0.0539
3 0.6702 0.4813 0.0700 0.0553
3 0.0320 0.2427 0.0253 0.0462
3 0.4877 0.3799 0.0620 0.0514
1 0.2730 0.8302 0.0276 0.0525
3 0.2787 0.2427 0.0294 0.0490
3 0.1853 0.3034 0.0404 0.0484
3 0.7306 0.6008 0.0391 0.0600
3 0.2782 0.3414 0.0276 0.0468
3 0.1272 0.7116 0.0552 0.0507
1 0.1784 0.6591 0.0397 0.0498
2 0.9644 0.5969 0.0571 0.0675
3 0.5758 0.4826 0.0374 0.0540
3 0.2347 0.3502 0.0578 0.0472
2 0.7938 0.9353 0.0411 0.0720
3 0.6007 0.1462 0.0331 0.0541
3 0.0608 0.3702 0.0476 0.0488
1 0.4399 0.7787 0.0484 0.0573
3 0.7146 0.3002 0.0329 0.0577
3 0.2362 0.2055 0.0589 0.0478
3 0.7210 0.4159 0.0350 0.0619
1 0.3834 0.8413 0.0599 0.0560
2 0.6319 0.9233 0.0400 0.0685
3 0.3369 0.3330 0.0268 0.0498
1 0.1288 0.6583 0.0559 0.0508
3 0.2768 0.4960 0.0285 0.0485
3 0.5297 0.1575 0.0315 0.0515
3 0.4325 0.3246 0.0432 0.0534
3 0.2317 0.4992 0.0608 0.0477
3 0.6604 0.3089 0.0730 0.0574
2 0.5812 0.6013 0.0385 0.0578
3 0.8616 0.1748 0.0757 0.0696
1 0.3831 0.7819 0.0594 0.0543
1 0.2748 0.6593 0.0304 0.0514
3 0.2762 0.6046 0.0294 0.0508
3 0.7908 0.1243 0.0569 0.0524
3 0.0894 0.6062 0.0247 0.0485
1 0.0853 0.7091 0.0249 0.0484
3 0.8100 0.4109 0.0601 0.0600
3 0.5402 0.5392 0.0302 0.0542
3 0.4346 0.4891 0.0464 0.0493
3 0.8741 0.3517 0.0822 0.0584
1 0.5472 0.7802 0.0334 0.0610
3 0.7189 0.3585 0.0370 0.0562
3 0.7767 0.6618 0.0375 0.0628
1 0.0527 0.6061 0.0482 0.0476
3 0.3366 0.2333 0.0295 0.0512
1 0.2282 0.7130 0.0618 0.0491
3 0.1871 0.2572 0.0392 0.0473
3 0.0551 0.5105 0.0495 0.0503
1 0.2753 0.7148 0.0299 0.0491
3 0.6544 0.1431 0.0698 0.0531
1 0.7900 0.8585 0.0409 0.0668
3 0.6825 0.7237 0.0732 0.0632
3 0.1830 0.3996 0.0417 0.0484
2 0.5003 0.9128 0.0651 0.0727
3 0.8979 0.6654 0.0830 0.0607
3 0.3365 0.1844 0.0271 0.0494
1 0.9773 0.7978 0.0453 0.0600
3 0.1346 0.4550 0.0522 0.0456
3 0.3809 0.7210 0.0617 0.0526
3 0.6099 0.3667 0.0340 0.0562
3 0.3378 0.7173 0.0283 0.0540
1 0.9788 0.8696 0.0424 0.0644
3 0.6061 0.3095 0.0344 0.0562
1 0.4397 0.8425 0.0486 0.0619
3 0.0995 0.3177 0.0250 0.0457
3 0.4340 0.4357 0.0468 0.0487
1 0.8373 0.7922 0.0649 0.0731
1 0.6855 0.7864 0.0763 0.0622
1 0.0095 0.8107 0.0190 0.0493
3 0.2303 0.6038 0.0614 0.0490
3 0.3058 0.7141 0.0284 0.0534
3 0.3781 0.2791 0.0583 0.0502
3 0.6234 0.7201 0.0365 0.0608
1 0.0449 0.7617 0.0505 0.0507
3 0.8793 0.4150 0.0778 0.0616
3 0.1376 0.3613 0.0514 0.0474
3 0.9306 0.2304 0.0592 0.0548
3 0.4908 0.4885 0.0628 0.0508
3 0.4834 0.2162 0.0594 0.0513
3 0.5382 0.4819 0.0298 0.0529
3 0.0284 0.3290 0.0253 0.0462
3 0.0974 0.3623 0.0247 0.0476
3 0.9236 0.1100 0.0501 0.0634
3 0.6737 0.5990 0.0685 0.0595
2 0.7520 0.9359 0.0411 0.0766
3 0.9048 0.7320 0.0871 0.0641
2 0.6903 0.9288 0.0760 0.0766
3 0.8966 0.5982 0.0799 0.0619
1 0.4994 0.8451 0.0651 0.0568
2 0.9784 0.9416 0.0431 0.0726
3 0.3067 0.3373 0.0281 0.0513
3 0.1412 0.2213 0.0499 0.0466
3 0.2343 0.2986 0.0589 0.0478
3 0.8154 0.4723 0.0596 0.0599
3 0.4301 0.1733 0.0436 0.0563
3 0.5414 0.5997 0.0295 0.0552
2 0.3363 0.9075 0.0289 0.0759
3 0.5336 0.3172 0.0324 0.0541
1 0.6263 0.7844 0.0359 0.0620
3 0.0258 0.4180 0.0235 0.0455
3 0.2335 0.3974 0.0595 0.0472
3 0.2767 0.5498 0.0295 0.0518
3 0.0924 0.5079 0.0257 0.0478
3 0.5305 0.2114 0.0310 0.0529
3 0.2775 0.4434 0.0287 0.0492
3 0.7557 0.3569 0.0371 0.0580
3 0.3069 0.3884 0.0267 0.0500
3 0.0237 0.4630 0.0242 0.0469
3 0.7784 0.7288 0.0414 0.0690
3 0.6802 0.6634 0.0701 0.0593
2 0.9178 0.9450 0.0745 0.0738
3 0.4862 0.3247 0.0599 0.0506
3 0.2351 0.2506 0.0575 0.0469
2 0.0089 0.8674 0.0178 0.0576
3 0.3825 0.6050 0.0570 0.0535
3 0.3075 0.1878 0.0283 0.0481
3 0.7391 0.7234 0.0357 0.0635
3 0.7356 0.6605 0.0350 0.0594
3 0.5823 0.6626 0.0347 0.0596
3 0.4826 0.1659 0.0584 0.0498
3 0.4862 0.2674 0.0638 0.0517
1 0.5869 0.7819 0.0338 0.0625
3 0.2783 0.3904 0.0294 0.0483
3 0.8266 0.6612 0.0582 0.0637
3 0.5711 0.3688 0.0338 0.0527
3 0.0627 0.3257 0.0468 0.0484
3 0.3067 0.6030 0.0291 0.0508
2 0.7712 0.5983 0.0444 0.0568
3 0.6235 0.6610 0.0368 0.0589
3 0.7075 0.1330 0.0343 0.0578
3 0.3051 0.7726 0.0291 0.0546
3 0.1877 0.2092 0.0382 0.0437
1 0.6296 0.8509 0.0400 0.0646
3 0.6725 0.5399 0.0710 0.0544
3 0.1788 0.5547 0.0400 0.0469
3 0.7456 0.7902 0.0413 0.0728
3 0.9373 0.2879 0.0565 0.0550
3 0.2329 0.4477 0.0599 0.0507
1 0.3051 0.6584 0.0272 0.0498
3 0.1302 0.6054 0.0532 0.0497
2 0.2741 0.8955 0.0317 0.0708
1 0.1748 0.8216 0.0385 0.0529
3 0.9473 0.4120 0.0610 0.0595
3 0.8708 0.2914 0.0795 0.0566
3 0.7592 0.4144 0.0340 0.0617
2 0.3825 0.9067 0.0597 0.0678
3 0.8589 0.1176 0.0767 0.0717
2 0.0419 0.8702 0.0492 0.0643
3 0.6670 0.4195 0.0722 0.0583
3 0.6109 0.4207 0.0317 0.0568
3 0.1337 0.5044 0.0531 0.0470
3 0.5323 0.2628 0.0326 0.0544
3 0.3821 0.5485 0.0596 0.0505
3 0.3812 0.4935 0.0557 0.0505
3 0.0942 0.4589 0.0253 0.0480
3 0.8184 0.5367 0.0589 0.0591
3 0.8061 0.3546 0.0570 0.0564
3 0.0128 0.7074 0.0255 0.0471
3 0.2793 0.1938 0.0274 0.0480
3 0.7489 0.2412 0.0360 0.0583
3 0.1015 0.2713 0.0242 0.0466
3 0.6019 0.2005 0.0340 0.0546
3 0.3362 0.2826 0.0293 0.0526
3 0.7252 0.4784 0.0352 0.0585
1 0.0146 0.6581 0.0243 0.0498
3 0.7930 0.1814 0.0602 0.0588
3 0.1410 0.2682 0.0517 0.0472
3 0.5359 0.4267 0.0301 0.0536
3 0.3812 0.4393 0.0551 0.0515
3 0.5661 0.2048 0.0332 0.0538
3 0.8443 0.8615 0.0676 0.0809
3 0.5441 0.6603 0.0316 0.0569
1 0.4390 0.7191 0.0472 0.0528
3 0.8643 0.2347 0.0785 0.0615
3 0.3361 0.5450 0.0289 0.0512
3 0.6147 0.4787 0.0334 0.0533
3 0.0290 0.3745 0.0253 0.0462
3 0.0218 0.5111 0.0227 0.0485
3 0.6191 0.6011 0.0332 0.0573
3 0.7669 0.5380 0.0369 0.0604
3 0.9515 0.4752 0.0567 0.0548
3 0.3373 0.6020 0.0273 0.0510
3 0.0665 0.2370 0.0455 0.0482
3 0.9277 0.1734 0.0560 0.0601
3 0.6632 0.3637 0.0698 0.0569
1 0.2281 0.7703 0.0628 0.0571
1 0.0169 0.6083 0.0232 0.0490
1 0.9115 0.8005 0.0823 0.0664
3 0.4897 0.4344 0.0625 0.0524
3 0.4316 0.2747 0.0441 0.0580
3 0.7262 0.5379 0.0371 0.0539
1 0.7482 0.8554 0.0388 0.0654
2 0.5520 0.9167 0.0400 0.0793
3 0.3823 0.6626 0.0588 0.0554
3 0.4363 0.5454 0.0456 0.0557
3 0.0117 0.7584 0.0233 0.0515
3 0.6586 0.2535 0.0724 0.0586
3 0.0909 0.5567 0.0263 0.0492
3 0.1359 0.4060 0.0510 0.0463
1 0.9171 0.8687 0.0749 0.0639
2 0.5924 0.9173 0.0400 0.0780
3 0.7133 0.2458 0.0354 0.0563
1 0.2281 0.6586 0.0615 0.0519
1 0.2265 0.8281 0.0603 0.0535
1 0.0433 0.8110 0.0477 0.0503
1 0.2736 0.7710 0.0283 0.0531
3 0.1030 0.2271 0.0256 0.0492
3 0.3362 0.3864 0.0273 0.0508
3 0.0590 0.4181 0.0472 0.0485
3 0.4365 0.6037 0.0468 0.0512
3 0.6038 0.2550 0.0344 0.0578
1 0.4967 0.7210 0.0655 0.0545
3 0.5770 0.5391 0.0347 0.0497
3 0.4310 0.2243 0.0431 0.0603
3 0.4927 0.6002 0.0626 0.0548
3 0.9566 0.5358 0.0558 0.0590
3 0.1819 0.4500 0.0409 0.0487
3 0.5843 0.7229 0.0359 0.0605
3 0.1843 0.3518 0.0410 0.0458
2 0.0814 0.8739 0.0296 0.0576
3 0.3366 0.4921 0.0266 0.0498
3 0.2322 0.5510 0.0611 0.0488
3 0.0315 0.2858 0.0253 0.0462
1 0.4379 0.6612 0.0477 0.0521
3 0.7637 0.4773 0.0371 0.0605
3 0.3370 0.6579 0.0274 0.0508
1 0.5457 0.7190 0.0308 0.0547
1 0.1243 0.8205 0.0549 0.0490
3 0.0563 0.4638 0.0490 0.0488
3 0.5343 0.3709 0.0311 0.0526
