2 0.2892 0.0691 0.2124 0.0764
2 0.4937 0.0649 0.1966 0.0754
2 0.2778 0.1501 0.2397 0.0840
2 0.4977 0.1454 0.1977 0.0915
2 0.7135 0.1412 0.2340 0.0868
2 0.2613 0.2411 0.2408 0.1019
2 0.4880 0.2378 0.2102 0.1028
2 0.7169 0.2326 0.2431 0.1094
2 0.4925 0.3372 0.2238 0.1151
2 0.7294 0.3363 0.2499 0.1151
2 0.4954 0.4649 0.2499 0.1462
2 0.8194 0.8409 0.3442 0.2873
2 0.4932 0.8439 0.3133 0.2893
2 0.5050 0.6181 0.2756 0.1661
3 0.2023 0.6201 0.3345 0.1583
3 0.8159 0.6132 0.3465 0.1681
3 0.7676 0.4627 0.2924 0.1329
2 0.1691 0.8399 0.3369 0.2756
3 0.2259 0.4706 0.2874 0.1368
2 0.2506 0.3457 0.2556 0.1170
2 0.7072 0.0625 0.2398 0.0727
