1 0.3893 0.4804 0.0280 0.0296
1 0.6696 0.4934 0.0473 0.0296
1 0.4216 0.8619 0.0280 0.0296
1 0.8709 0.9248 0.0267 0.0318
1 0.9263 0.9243 0.0267 0.0318
1 0.0650 0.6982 0.0280 0.0296
1 0.8205 0.9262 0.0473 0.0296
1 0.1291 0.6659 0.0280 0.0296
1 0.7176 0.4640 0.0473 0.0296
1 0.0957 0.4692 0.0325 0.0335
1 0.2103 0.4755 0.0325 0.0335
1 0.5677 0.6713 0.0280 0.0296
1 0.3896 0.8934 0.0280 0.0296
1 0.2106 0.6993 0.0280 0.0296
1 0.9726 0.4779 0.0263 0.0275
1 0.9498 0.7174 0.0267 0.0318
1 0.8995 0.8927 0.0267 0.0318
1 0.1566 0.5674 0.0152 0.0338
1 0.8984 0.8347 0.0267 0.0318
1 0.0350 0.6618 0.0280 0.0296
1 0.3594 0.5745 0.0280 0.0296
3 0.0665 0.9660 0.0332 0.0404
1 0.8982 0.7444 0.0267 0.0318
1 0.1314 0.8340 0.0280 0.0296
1 0.3591 0.5090 0.0280 0.0296
1 0.8124 0.5602 0.0473 0.0296
1 0.9251 0.8051 0.0267 0.0318
1 0.9215 0.5649 0.0263 0.0275
1 0.1306 0.6970 0.0280 0.0296
1 0.3319 0.8010 0.0280 0.0296
1 0.6752 0.8667 0.0473 0.0296
1 0.4781 0.6084 0.0280 0.0296
1 0.6132 0.4584 0.0280 0.0323
1 0.3929 0.8301 0.0280 0.0296
1 0.3618 0.8598 0.0280 0.0296
1 0.1566 0.7945 0.0152 0.0338
1 0.9200 0.6234 0.0263 0.0275
1 0.7650 0.4654 0.0473 0.0296
1 0.2712 0.6021 0.0268 0.0286
1 0.8955 0.8017 0.0267 0.0318
1 0.1269 0.6338 0.0280 0.0296
1 0.9748 0.5663 0.0263 0.0275
1 0.3597 0.6720 0.0280 0.0296
1 0.2392 0.5073 0.0268 0.0286
1 0.8664 0.6802 0.0267 0.0318
1 0.8685 0.5914 0.0263 0.0275
1 0.0311 0.4692 0.0325 0.0335
1 0.2398 0.7329 0.0280 0.0296
1 0.3587 0.4480 0.0280 0.0296
1 0.5354 0.6419 0.0280 0.0296
1 0.1316 0.9258 0.0280 0.0296
1 0.1786 0.6335 0.0268 0.0286
1 0.3917 0.8609 0.0280 0.0296
1 0.4462 0.5107 0.0280 0.0296
1 0.4201 0.6070 0.0280 0.0296
1 0.4191 0.4501 0.0280 0.0296
1 0.8118 0.4675 0.0473 0.0296
1 0.3014 0.6054 0.0280 0.0296
1 0.2685 0.5073 0.0268 0.0286
1 0.9207 0.5335 0.0263 0.0275
1 0.7709 0.8353 0.0473 0.0296
1 0.5074 0.7961 0.0280 0.0296
1 0.7179 0.5252 0.0473 0.0296
1 0.6142 0.6153 0.0279 0.0323
1 0.5647 0.5166 0.0280 0.0296
1 0.8680 0.6518 0.0263 0.0275
1 0.7668 0.6203 0.0473 0.0296
1 0.4766 0.7650 0.0280 0.0296
1 0.6740 0.7730 0.0473 0.0296
1 0.5360 0.7360 0.0280 0.0296
1 0.6179 0.8681 0.0280 0.0323
1 0.4509 0.8944 0.0280 0.0296
1 0.6721 0.6793 0.0473 0.0296
1 0.0313 0.6009 0.0280 0.0296
1 0.7737 0.9269 0.0473 0.0296
1 0.2404 0.6017 0.0268 0.0286
1 0.3599 0.4790 0.0280 0.0296
1 0.4222 0.7364 0.0280 0.0296
1 0.4219 0.9245 0.0280 0.0296
1 0.8936 0.5627 0.0263 0.0275
1 0.1562 0.4725 0.0152 0.0338
1 0.0672 0.7676 0.0280 0.0296
1 0.5065 0.5454 0.0280 0.0296
1 0.0652 0.5676 0.0280 0.0296
1 0.5672 0.6087 0.0280 0.0296
1 0.4195 0.5139 0.0280 0.0296
3 0.3320 0.9664 0.0290 0.0404
1 0.3313 0.7682 0.0280 0.0296
1 0.5122 0.9245 0.0280 0.0296
1 0.5372 0.5772 0.0280 0.0296
1 0.4500 0.8297 0.0280 0.0296
1 0.6690 0.4605 0.0473 0.0296
1 0.2414 0.7969 0.0280 0.0296
1 0.6156 0.5827 0.0280 0.0323
1 0.6170 0.7112 0.0279 0.0323
1 0.4778 0.7063 0.0280 0.0296
1 0.6189 0.9278 0.0280 0.0323
1 0.4474 0.4854 0.0280 0.0296
1 0.3297 0.5734 0.0280 0.0296
1 0.3006 0.4427 0.0280 0.0296
1 0.9215 0.7150 0.0267 0.0318
1 0.1334 0.7308 0.0280 0.0296
1 0.2115 0.9252 0.0280 0.0296
1 0.0328 0.9279 0.0280 0.0296
1 0.6167 0.8031 0.0279 0.0323
1 0.0994 0.6979 0.0280 0.0296
1 0.3002 0.7008 0.0280 0.0296
1 0.1284 0.5694 0.0280 0.0296
1 0.2719 0.7671 0.0280 0.0296
1 0.4477 0.5760 0.0280 0.0296
3 0.7245 0.9658 0.0473 0.0411
1 0.1567 0.6336 0.0152 0.0338
1 0.5674 0.7685 0.0280 0.0296
1 0.2097 0.7311 0.0280 0.0296
1 0.0328 0.5671 0.0280 0.0296
3 0.1565 0.9651 0.0152 0.0401
1 0.2425 0.4752 0.0325 0.0335
3 0.2732 0.9667 0.0290 0.0404
1 0.6736 0.7440 0.0473 0.0296
1 0.4778 0.6710 0.0280 0.0296
1 0.6172 0.8351 0.0280 0.0323
1 0.7719 0.8975 0.0473 0.0296
1 0.1560 0.4401 0.0152 0.0338
1 0.9513 0.8663 0.0267 0.0318
1 0.8949 0.5918 0.0263 0.0275
1 0.2112 0.6003 0.0268 0.0286
1 0.3023 0.9245 0.0280 0.0296
1 0.9808 0.8357 0.0267 0.0318
1 0.5394 0.8315 0.0280 0.0296
1 0.9477 0.6807 0.0267 0.0318
1 0.9764 0.7184 0.0267 0.0318
1 0.5686 0.9238 0.0280 0.0296
1 0.1290 0.4378 0.0325 0.0335
1 0.3294 0.4810 0.0280 0.0296
1 0.9188 0.5034 0.0263 0.0275
1 0.5627 0.4559 0.0280 0.0296
1 0.7662 0.5899 0.0473 0.0296
1 0.0977 0.6685 0.0280 0.0296
1 0.6132 0.4920 0.0280 0.0323
1 0.4524 0.8595 0.0280 0.0296
1 0.9515 0.7771 0.0267 0.0318
1 0.2401 0.8283 0.0280 0.0296
1 0.9525 0.9241 0.0267 0.0318
1 0.1293 0.5035 0.0325 0.0335
1 0.5357 0.6090 0.0280 0.0296
1 0.5061 0.6111 0.0280 0.0296
1 0.7206 0.5853 0.0473 0.0296
1 0.2993 0.5109 0.0280 0.0296
1 0.3328 0.8609 0.0280 0.0296
1 0.3597 0.6063 0.0280 0.0296
1 0.4207 0.6675 0.0280 0.0296
1 0.3010 0.5425 0.0280 0.0296
1 0.5107 0.8920 0.0280 0.0296
1 0.2993 0.6688 0.0280 0.0296
1 0.2731 0.8322 0.0280 0.0296
1 0.3630 0.9266 0.0280 0.0296
1 0.8118 0.4990 0.0473 0.0296
1 0.4820 0.8598 0.0280 0.0296
1 0.4784 0.6370 0.0280 0.0296
1 0.0682 0.6656 0.0280 0.0296
1 0.9207 0.5933 0.0263 0.0275
1 0.5680 0.6391 0.0280 0.0296
1 0.5083 0.8601 0.0280 0.0296
1 0.8148 0.7441 0.0473 0.0296
1 0.3292 0.6052 0.0280 0.0296
1 0.0700 0.8349 0.0280 0.0296
3 0.0983 0.9653 0.0332 0.0404
1 0.4515 0.7979 0.0280 0.0296
1 0.6733 0.6150 0.0473 0.0296
1 0.4784 0.7367 0.0280 0.0296
1 0.2441 0.8927 0.0280 0.0296
1 0.7694 0.7730 0.0473 0.0296
1 0.7647 0.5273 0.0473 0.0296
1 0.9714 0.5059 0.0263 0.0275
1 0.3000 0.6345 0.0280 0.0296
1 0.6717 0.5846 0.0473 0.0296
1 0.3328 0.9252 0.0280 0.0296
1 0.7719 0.8664 0.0473 0.0296
1 0.7209 0.6483 0.0473 0.0296
1 0.9263 0.9622 0.0263 0.0357
1 0.0337 0.9662 0.0280 0.0390
1 0.5394 0.9231 0.0280 0.0296
1 0.3905 0.6087 0.0280 0.0296
1 0.1789 0.5363 0.0268 0.0286
1 0.5068 0.5783 0.0280 0.0296
1 0.1567 0.9235 0.0152 0.0338
1 0.0665 0.6335 0.0280 0.0296
1 0.1576 0.8277 0.0152 0.0338
1 0.9800 0.9233 0.0267 0.0318
1 0.2722 0.7993 0.0280 0.0296
1 0.3292 0.8325 0.0280 0.0296
1 0.7218 0.7427 0.0473 0.0296
1 0.8168 0.7723 0.0473 0.0296
1 0.3609 0.7969 0.0280 0.0296
1 0.3914 0.7332 0.0280 0.0296
1 0.4207 0.7017 0.0280 0.0296
1 0.5366 0.7045 0.0280 0.0296
1 0.6161 0.6772 0.0279 0.0323
1 0.2124 0.8951 0.0280 0.0296
1 0.9276 0.8949 0.0267 0.0318
1 0.7228 0.6189 0.0473 0.0296
1 0.0318 0.4355 0.0325 0.0335
1 0.2727 0.4745 0.0325 0.0335
1 0.9783 0.7769 0.0267 0.0318
1 0.8162 0.8048 0.0473 0.0296
1 0.8118 0.5923 0.0473 0.0296
1 0.7214 0.7720 0.0473 0.0296
1 0.9492 0.6535 0.0263 0.0275
1 0.6767 0.9300 0.0473 0.0296
1 0.3876 0.4483 0.0280 0.0296
1 0.8908 0.4721 0.0263 0.0275
1 0.8934 0.5318 0.0263 0.0275
1 0.4802 0.8315 0.0280 0.0296
1 0.1801 0.7643 0.0280 0.0296
1 0.9783 0.7473 0.0267 0.0318
1 0.6736 0.6479 0.0473 0.0296
1 0.9511 0.8048 0.0267 0.0318
1 0.3010 0.4779 0.0280 0.0296
1 0.2100 0.7972 0.0280 0.0296
1 0.4479 0.6713 0.0280 0.0296
1 0.0315 0.6973 0.0280 0.0296
1 0.3292 0.7339 0.0280 0.0296
1 0.1784 0.5052 0.0268 0.0286
1 0.7686 0.6808 0.0473 0.0296
1 0.2703 0.6351 0.0298 0.0296
1 0.0652 0.7314 0.0280 0.0296
1 0.9448 0.5348 0.0263 0.0275
1 0.5055 0.5177 0.0280 0.0296
1 0.5665 0.7339 0.0280 0.0296
1 0.7677 0.6518 0.0473 0.0296
1 0.5061 0.4524 0.0280 0.0296
1 0.9267 0.7754 0.0267 0.0318
1 0.1564 0.5081 0.0152 0.0338
1 0.2709 0.5391 0.0268 0.0286
1 0.5699 0.8920 0.0280 0.0296
1 0.8127 0.7119 0.0473 0.0296
1 0.0353 0.7658 0.0280 0.0296
1 0.0632 0.5994 0.0280 0.0296
3 0.3024 0.9667 0.0290 0.0404
1 0.6743 0.9588 0.0473 0.0227
1 0.0640 0.5374 0.0325 0.0335
1 0.5391 0.8916 0.0280 0.0296
1 0.3292 0.5413 0.0280 0.0296
1 0.0987 0.6335 0.0280 0.0296
1 0.5076 0.6419 0.0280 0.0296
1 0.1810 0.9266 0.0280 0.0296
1 0.1001 0.9272 0.0280 0.0296
1 0.1311 0.5360 0.0325 0.0335
1 0.5689 0.8301 0.0280 0.0296
1 0.3627 0.7654 0.0280 0.0296
1 0.8133 0.6833 0.0473 0.0296
1 0.2094 0.6689 0.0280 0.0296
1 0.9796 0.8668 0.0267 0.0318
1 0.8124 0.5294 0.0473 0.0296
1 0.2691 0.6989 0.0280 0.0296
1 0.1557 0.7307 0.0153 0.0338
1 0.4192 0.5428 0.0280 0.0296
1 0.0323 0.8025 0.0280 0.0296
1 0.7238 0.9293 0.0473 0.0296
1 0.4787 0.7940 0.0280 0.0296
1 0.6151 0.7412 0.0280 0.0323
1 0.6748 0.7119 0.0473 0.0296
1 0.0666 0.7996 0.0280 0.0296
1 0.3600 0.7350 0.0280 0.0296
1 0.3913 0.5440 0.0280 0.0296
1 0.7638 0.4958 0.0473 0.0296
1 0.6195 0.9000 0.0279 0.0323
1 0.7699 0.7427 0.0473 0.0296
1 0.3941 0.7668 0.0280 0.0296
3 0.2451 0.9664 0.0332 0.0404
1 0.3023 0.8951 0.0280 0.0296
1 0.9253 0.7475 0.0267 0.0318
1 0.1792 0.4740 0.0325 0.0335
1 0.0673 0.8983 0.0280 0.0296
3 0.4815 0.9639 0.0290 0.0404
1 0.5667 0.5798 0.0280 0.0296
1 0.9804 0.8940 0.0267 0.0318
1 0.8193 0.8349 0.0473 0.0296
1 0.8976 0.8638 0.0267 0.0318
1 0.1573 0.7631 0.0152 0.0338
1 0.9225 0.6533 0.0263 0.0275
1 0.1789 0.8948 0.0280 0.0296
1 0.4761 0.5139 0.0280 0.0296
1 0.6708 0.5238 0.0473 0.0296
1 0.1324 0.7644 0.0280 0.0296
1 0.1780 0.5671 0.0268 0.0286
1 0.9760 0.6550 0.0263 0.0275
3 0.4528 0.9650 0.0290 0.0404
1 0.3932 0.7972 0.0280 0.0296
1 0.0949 0.5997 0.0280 0.0296
1 0.1325 0.7989 0.0280 0.0296
1 0.1581 0.8590 0.0153 0.0338
1 0.4479 0.6395 0.0280 0.0296
1 0.1580 0.8926 0.0152 0.0338
1 0.8699 0.8031 0.0267 0.0318
1 0.4202 0.4819 0.0280 0.0296
1 0.1813 0.8273 0.0280 0.0296
1 0.6146 0.6462 0.0279 0.0323
1 0.2392 0.6668 0.0280 0.0296
1 0.2423 0.9245 0.0280 0.0296
1 0.4763 0.4845 0.0280 0.0296
1 0.9810 0.9627 0.0263 0.0357
1 0.1810 0.6993 0.0280 0.0296
1 0.5692 0.8584 0.0280 0.0296
3 0.4220 0.9650 0.0290 0.0404
1 0.2121 0.8591 0.0280 0.0296
1 0.6154 0.5509 0.0280 0.0323
1 0.9249 0.8665 0.0267 0.0318
1 0.0992 0.7644 0.0280 0.0296
1 0.7194 0.6801 0.0473 0.0296
1 0.5354 0.6727 0.0280 0.0296
1 0.3286 0.7024 0.0280 0.0296
1 0.4512 0.7678 0.0280 0.0296
1 0.2712 0.9245 0.0280 0.0296
1 0.5055 0.4822 0.0280 0.0296
1 0.7709 0.8055 0.0473 0.0296
1 0.9455 0.4755 0.0263 0.0275
1 0.1566 0.5374 0.0152 0.0338
1 0.3298 0.6671 0.0280 0.0296
1 0.8190 0.8958 0.0473 0.0296
1 0.9743 0.5377 0.0263 0.0275
1 0.6708 0.5528 0.0473 0.0296
1 0.4796 0.9245 0.0280 0.0296
1 0.9525 0.9622 0.0263 0.0357
1 0.8682 0.7142 0.0267 0.0318
1 0.0628 0.4367 0.0325 0.0335
1 0.9444 0.5646 0.0263 0.0275
1 0.2694 0.4409 0.0325 0.0335
1 0.3014 0.8630 0.0280 0.0296
1 0.1788 0.4406 0.0325 0.0335
1 0.0625 0.4692 0.0325 0.0335
1 0.5645 0.4856 0.0280 0.0296
1 0.0954 0.4378 0.0325 0.0335
1 0.3941 0.9224 0.0280 0.0296
1 0.5717 0.7993 0.0280 0.0296
1 0.2995 0.7331 0.0280 0.0296
1 0.8926 0.5029 0.0263 0.0275
1 0.0330 0.6312 0.0280 0.0296
1 0.5391 0.8605 0.0280 0.0296
1 0.4201 0.6367 0.0280 0.0296
1 0.3014 0.7671 0.0280 0.0296
1 0.3274 0.5069 0.0280 0.0296
1 0.9525 0.8954 0.0267 0.0318
1 0.6144 0.5214 0.0280 0.0323
1 0.4472 0.5431 0.0280 0.0296
1 0.9450 0.5042 0.0263 0.0275
1 0.1314 0.8967 0.0280 0.0296
1 0.2383 0.6350 0.0298 0.0299
1 0.2700 0.6673 0.0280 0.0296
1 0.1287 0.4699 0.0325 0.0335
1 0.0951 0.5032 0.0325 0.0335
1 0.1015 0.8658 0.0280 0.0296
1 0.4485 0.7028 0.0280 0.0296
1 0.0992 0.7314 0.0280 0.0296
1 0.2097 0.7643 0.0280 0.0296
1 0.2112 0.5388 0.0268 0.0286
1 0.4769 0.4515 0.0280 0.0296
1 0.8951 0.7155 0.0267 0.0318
1 0.1819 0.8612 0.0280 0.0296
1 0.0992 0.8323 0.0280 0.0296
1 0.2700 0.7322 0.0280 0.0296
1 0.8982 0.7757 0.0267 0.0318
1 0.4222 0.7636 0.0280 0.0296
1 0.9798 0.8053 0.0267 0.0318
1 0.7244 0.8982 0.0473 0.0296
1 0.3606 0.7021 0.0280 0.0296
3 0.3625 0.9653 0.0290 0.0404
1 0.1786 0.7979 0.0280 0.0296
3 0.2131 0.9653 0.0332 0.0404
1 0.8695 0.8320 0.0267 0.0318
1 0.5347 0.4842 0.0280 0.0296
1 0.8136 0.6535 0.0473 0.0296
1 0.3011 0.8004 0.0280 0.0296
1 0.5654 0.5495 0.0280 0.0296
1 0.5362 0.5475 0.0280 0.0296
1 0.3012 0.5711 0.0280 0.0296
1 0.4204 0.8297 0.0280 0.0296
1 0.5367 0.5151 0.0280 0.0296
1 0.7209 0.7109 0.0473 0.0296
1 0.2423 0.8619 0.0280 0.0296
1 0.3899 0.6703 0.0280 0.0296
1 0.9259 0.8354 0.0267 0.0318
1 0.0333 0.7323 0.0280 0.0296
1 0.2392 0.4406 0.0325 0.0335
1 0.0992 0.7982 0.0280 0.0296
1 0.2087 0.5066 0.0268 0.0286
1 0.3893 0.6374 0.0280 0.0296
1 0.2399 0.5706 0.0268 0.0286
1 0.1571 0.5986 0.0152 0.0338
1 0.3612 0.8283 0.0280 0.0296
1 0.3906 0.5743 0.0280 0.0296
1 0.1798 0.6000 0.0268 0.0286
1 0.7164 0.4941 0.0473 0.0296
1 0.9454 0.6232 0.0263 0.0275
1 0.0672 0.9265 0.0280 0.0296
3 0.5394 0.9625 0.0290 0.0404
1 0.2389 0.6989 0.0280 0.0296
1 0.4500 0.6080 0.0280 0.0296
1 0.0680 0.8649 0.0280 0.0296
1 0.8718 0.9605 0.0263 0.0275
1 0.8993 0.9253 0.0267 0.0318
1 0.9733 0.5955 0.0263 0.0275
1 0.4490 0.4507 0.0280 0.0296
1 0.0338 0.8299 0.0280 0.0296
1 0.3011 0.8297 0.0280 0.0296
1 0.1000 0.8977 0.0280 0.0296
3 0.5099 0.9632 0.0290 0.0404
1 0.1281 0.6006 0.0280 0.0296
1 0.8653 0.5318 0.0263 0.0275
1 0.9506 0.8359 0.0267 0.0318
1 0.6161 0.7717 0.0279 0.0323
3 0.1802 0.9667 0.0332 0.0404
1 0.3920 0.7021 0.0280 0.0296
1 0.3895 0.5090 0.0280 0.0296
1 0.5058 0.6695 0.0280 0.0296
1 0.9525 0.7458 0.0267 0.0318
1 0.2731 0.8615 0.0280 0.0296
1 0.8697 0.8932 0.0267 0.0318
1 0.3292 0.4469 0.0280 0.0296
1 0.5061 0.7031 0.0280 0.0296
1 0.2094 0.8304 0.0280 0.0296
1 0.1571 0.6660 0.0152 0.0338
1 0.7197 0.5560 0.0473 0.0296
1 0.7689 0.7109 0.0473 0.0296
1 0.4192 0.5748 0.0280 0.0296
1 0.5378 0.7990 0.0280 0.0296
1 0.8976 0.6802 0.0267 0.0318
1 0.0964 0.5685 0.0280 0.0296
1 0.7656 0.5584 0.0473 0.0296
1 0.9446 0.5952 0.0263 0.0275
1 0.5345 0.4530 0.0280 0.0296
1 0.8653 0.5012 0.0263 0.0275
3 0.1316 0.9646 0.0332 0.0404
1 0.2090 0.4413 0.0325 0.0335
1 0.1804 0.6703 0.0280 0.0296
1 0.2106 0.5699 0.0268 0.0286
1 0.7226 0.8027 0.0473 0.0296
1 0.4758 0.5766 0.0280 0.0296
1 0.0979 0.5374 0.0325 0.0335
1 0.6752 0.8972 0.0473 0.0296
1 0.5089 0.8308 0.0280 0.0296
1 0.9741 0.6241 0.0263 0.0275
1 0.8984 0.9630 0.0263 0.0357
1 0.1804 0.7329 0.0280 0.0296
1 0.4216 0.8916 0.0280 0.0296
3 0.3918 0.9653 0.0290 0.0404
1 0.4793 0.8920 0.0280 0.0296
1 0.2719 0.8916 0.0280 0.0296
1 0.8942 0.6207 0.0263 0.0275
1 0.9186 0.4747 0.0263 0.0275
1 0.3627 0.8958 0.0280 0.0296
1 0.0631 0.5035 0.0325 0.0335
1 0.6749 0.8038 0.0473 0.0296
1 0.4503 0.7367 0.0280 0.0296
1 0.2404 0.7640 0.0280 0.0296
1 0.7232 0.8671 0.0473 0.0296
1 0.3597 0.6353 0.0280 0.0296
1 0.8193 0.8657 0.0473 0.0296
1 0.8124 0.6242 0.0473 0.0296
1 0.0317 0.5053 0.0325 0.0335
1 0.6761 0.8342 0.0473 0.0296
1 0.6183 0.9649 0.0280 0.0323
1 0.3328 0.8930 0.0280 0.0296
1 0.0335 0.8649 0.0280 0.0296
1 0.3591 0.5413 0.0280 0.0296
1 0.5689 0.7028 0.0280 0.0296
1 0.2060 0.6332 0.0268 0.0286
1 0.5391 0.7699 0.0280 0.0296
1 0.8674 0.5632 0.0263 0.0275
1 0.1324 0.8635 0.0280 0.0296
1 0.7725 0.9676 0.0473 0.0411
1 0.8668 0.7427 0.0267 0.0318
1 0.8657 0.6227 0.0263 0.0275
1 0.1573 0.7002 0.0152 0.0338
1 0.0340 0.8987 0.0280 0.0296
1 0.4198 0.7961 0.0280 0.0296
1 0.5049 0.7350 0.0280 0.0296
1 0.9781 0.6817 0.0267 0.0318
1 0.8207 0.9651 0.0473 0.0411
1 0.2404 0.5381 0.0268 0.0286
1 0.4756 0.5419 0.0280 0.0296
1 0.0329 0.5360 0.0325 0.0335
1 0.8953 0.6518 0.0263 0.0275
1 0.8699 0.8646 0.0267 0.0318
1 0.7232 0.8339 0.0473 0.0296
1 0.5055 0.7654 0.0280 0.0296
1 0.9228 0.6805 0.0267 0.0318
1 0.2694 0.5713 0.0268 0.0286
1 0.8649 0.4696 0.0263 0.0275
1 0.4515 0.9241 0.0280 0.0296
1 0.3292 0.6346 0.0280 0.0296
1 0.8674 0.7754 0.0267 0.0318
