2 0.2408 0.9035 0.2065 0.1929
2 0.0832 0.9252 0.1167 0.1496
2 0.9493 0.6278 0.0091 0.0034
2 0.5681 0.8693 0.1609 0.2613
2 0.4183 0.8890 0.1436 0.2182
2 0.6691 0.5695 0.0801 0.2905
2 0.9580 0.2800 0.0819 0.1944
2 0.8371 0.8403 0.1265 0.3193
2 0.4130 0.2966 0.1427 0.2958
2 0.0935 0.6756 0.1223 0.3785
2 0.8908 0.2834 0.0911 0.2080
2 0.1031 0.3175 0.1132 0.3376
2 0.5581 0.5954 0.1618 0.3342
2 0.4125 0.6295 0.1436 0.3615
2 0.7316 0.5596 0.0779 0.2694
2 0.2416 0.6500 0.1983 0.3751
2 0.6808 0.8608 0.0871 0.2784
2 0.5546 0.2902 0.1508 0.2830
2 0.2477 0.3090 0.1922 0.3205
2 0.7194 0.2919 0.0739 0.2524
2 0.8154 0.5392 0.1245 0.2762
2 0.9661 0.4829 0.0677 0.2251
2 0.9100 0.5153 0.0950 0.2626
2 0.9723 0.7548 0.0555 0.3368
2 0.8023 0.2864 0.1204 0.2413
2 0.7486 0.8500 0.0850 0.2978
2 0.9168 0.7927 0.0795 0.3626
2 0.6582 0.2902 0.0749 0.2558
