3 0.6806 0.8703 0.1613 0.0288
3 0.3733 0.7433 0.1770 0.0277
2 0.2476 0.9693 0.0848 0.0346
3 0.5232 0.8704 0.1140 0.0267
3 0.5167 0.6827 0.1065 0.0279
3 0.8366 0.8673 0.1113 0.0292
3 0.2287 0.5531 0.0852 0.0270
3 0.8334 0.8071 0.1053 0.0284
3 0.6766 0.7752 0.1704 0.0287
2 0.9522 0.9603 0.0810 0.0282
3 0.8243 0.6804 0.1195 0.0273
3 0.3801 0.9338 0.1627 0.0284
3 0.5275 0.8994 0.1079 0.0275
3 0.6763 0.8053 0.1694 0.0274
3 0.2458 0.8395 0.0807 0.0281
3 0.6781 0.9003 0.1634 0.0274
3 0.8252 0.7415 0.1219 0.0281
3 0.1208 0.6177 0.1135 0.0274
3 0.3738 0.7764 0.1693 0.0286
3 0.6630 0.5550 0.1670 0.0291
3 0.5213 0.7131 0.1068 0.0293
3 0.2415 0.7753 0.0794 0.0273
3 0.8331 0.8367 0.1082 0.0279
3 0.6627 0.5873 0.1727 0.0277
3 0.1371 0.8712 0.1130 0.0273
3 0.9503 0.6205 0.0927 0.0316
3 0.2364 0.6181 0.0803 0.0265
3 0.3736 0.7123 0.1792 0.0284
3 0.5146 0.6488 0.1220 0.0265
3 0.9464 0.7104 0.0706 0.0275
2 0.3794 0.9689 0.1578 0.0346
3 0.2500 0.9337 0.0810 0.0285
3 0.9560 0.8982 0.0794 0.0293
3 0.3641 0.5879 0.1660 0.0324
3 0.2454 0.8088 0.0733 0.0294
3 0.6669 0.6194 0.1760 0.0316
3 0.9364 0.5541 0.0894 0.0293
3 0.1245 0.7123 0.1194 0.0271
3 0.8357 0.9304 0.1262 0.0286
3 0.9544 0.8678 0.0760 0.0288
3 0.8390 0.8989 0.1218 0.0282
2 0.8331 0.9623 0.1328 0.0310
2 0.6799 0.9685 0.1576 0.0345
2 0.5263 0.9686 0.1099 0.0338
3 0.1247 0.7749 0.1263 0.0277
3 0.3683 0.6492 0.1636 0.0288
3 0.6721 0.6489 0.1711 0.0260
3 0.3687 0.6189 0.1568 0.0290
3 0.6808 0.9316 0.1552 0.0326
3 0.9447 0.6482 0.0684 0.0252
3 0.1271 0.7429 0.1174 0.0279
3 0.5198 0.7754 0.1121 0.0261
3 0.9484 0.7433 0.0715 0.0274
3 0.6773 0.8375 0.1684 0.0278
3 0.5095 0.5855 0.1142 0.0297
3 0.1294 0.8062 0.1224 0.0278
3 0.1195 0.5889 0.1110 0.0317
3 0.2340 0.6491 0.0752 0.0269
3 0.8268 0.6486 0.1126 0.0264
3 0.1335 0.8395 0.1175 0.0282
3 0.1402 0.9334 0.1175 0.0315
2 0.1440 0.9713 0.1096 0.0350
3 0.5306 0.9322 0.1093 0.0267
3 0.6758 0.7121 0.1725 0.0279
3 0.3764 0.8389 0.1696 0.0282
3 0.5091 0.5545 0.1121 0.0284
3 0.8228 0.7120 0.1137 0.0278
3 0.3678 0.6811 0.1657 0.0280
3 0.5198 0.7454 0.1144 0.0286
3 0.2459 0.8707 0.0794 0.0269
3 0.2495 0.9016 0.0820 0.0268
3 0.5097 0.6187 0.1191 0.0279
3 0.1213 0.6820 0.1236 0.0285
3 0.3764 0.8703 0.1618 0.0280
3 0.1214 0.6471 0.1204 0.0265
3 0.1368 0.9009 0.1195 0.0263
3 0.2388 0.7129 0.0765 0.0278
3 0.9502 0.8063 0.0710 0.0276
3 0.8292 0.7748 0.1049 0.0275
3 0.6721 0.6800 0.1677 0.0280
3 0.9578 0.9294 0.0729 0.0283
3 0.2280 0.5873 0.0828 0.0327
3 0.6724 0.7430 0.1683 0.0269
3 0.5203 0.8400 0.1111 0.0271
3 0.5225 0.8070 0.1087 0.0283
3 0.8160 0.5539 0.1273 0.0299
3 0.9528 0.8374 0.0729 0.0278
3 0.2365 0.6811 0.0790 0.0278
3 0.9380 0.5858 0.0849 0.0286
3 0.9443 0.6786 0.0717 0.0273
3 0.8188 0.5854 0.1206 0.0277
3 0.8306 0.6197 0.1163 0.0362
3 0.3595 0.5534 0.1630 0.0277
3 0.3801 0.9015 0.1656 0.0283
3 0.3781 0.8078 0.1700 0.0287
3 0.2409 0.7444 0.0794 0.0275
3 0.9500 0.7747 0.0753 0.0267
3 0.1167 0.5526 0.1225 0.0292
