2 0.1941 0.4446 0.0460 0.0433
3 0.9044 0.7344 0.0191 0.0368
3 0.8986 0.5096 0.0184 0.0358
3 0.7663 0.5350 0.0225 0.0396
3 0.2219 0.8947 0.0402 0.0377
3 0.8243 0.5416 0.0430 0.0396
3 0.1019 0.9352 0.0662 0.0471
3 0.9000 0.5473 0.0198 0.0377
3 0.7919 0.6156 0.0232 0.0349
3 0.1684 0.8928 0.0669 0.0415
3 0.4273 0.8956 0.0321 0.0434
3 0.9102 0.9224 0.0213 0.0397
3 0.7739 0.9278 0.0205 0.0357
3 0.7698 0.8114 0.0237 0.0369
1 0.3904 0.7222 0.0300 0.0405
3 0.8256 0.5798 0.0457 0.0368
3 0.6368 0.8924 0.0344 0.0385
3 0.8925 0.3612 0.0125 0.0382
1 0.6765 0.8133 0.0508 0.0407
2 0.2287 0.4448 0.0324 0.0437
3 0.4273 0.9385 0.0348 0.0386
1 0.6347 0.8110 0.0360 0.0407
3 0.9567 0.4445 0.0401 0.0339
3 0.8979 0.4337 0.0198 0.0330
3 0.7968 0.8472 0.0254 0.0362
3 0.1046 0.4779 0.0635 0.0463
2 0.9353 0.9580 0.0275 0.0354
1 0.2220 0.8513 0.0389 0.0434
3 0.9283 0.4038 0.0137 0.0355
3 0.7632 0.3832 0.0246 0.0379
1 0.2219 0.7132 0.0396 0.0396
3 0.8716 0.8878 0.0358 0.0383
3 0.9849 0.4115 0.0191 0.0339
2 0.4579 0.9732 0.0285 0.0284
1 0.3113 0.7184 0.0600 0.0424
1 0.1680 0.7114 0.0682 0.0471
1 0.2621 0.7156 0.0382 0.0462
3 0.9614 0.5157 0.0375 0.0330
1 0.0537 0.7971 0.0295 0.0464
3 0.3935 0.9391 0.0327 0.0437
3 0.8699 0.8483 0.0324 0.0385
3 0.1708 0.4843 0.0666 0.0451
1 0.3566 0.7632 0.0311 0.0396
1 0.3585 0.7194 0.0324 0.0444
3 0.2619 0.9380 0.0382 0.0452
2 0.2316 0.9770 0.0232 0.0320
3 0.8710 0.6957 0.0421 0.0391
1 0.3909 0.8078 0.0344 0.0385
1 0.4965 0.8095 0.0573 0.0373
3 0.7642 0.4582 0.0239 0.0386
3 0.9094 0.8834 0.0213 0.0317
3 0.6016 0.8924 0.0344 0.0385
3 0.0198 0.6103 0.0374 0.0465
3 0.9651 0.4097 0.0205 0.0339
3 0.3107 0.6728 0.0583 0.0471
3 0.4240 0.6352 0.0327 0.0452
3 0.6802 0.9307 0.0508 0.0344
1 0.1011 0.7090 0.0641 0.0481
3 0.6745 0.6488 0.0516 0.0399
3 0.6333 0.6861 0.0327 0.0412
1 0.0527 0.7048 0.0300 0.0415
3 0.7937 0.6937 0.0257 0.0405
3 0.9340 0.9200 0.0295 0.0370
1 0.1675 0.8029 0.0671 0.0505
3 0.9359 0.8834 0.0301 0.0339
3 0.8312 0.8091 0.0434 0.0369
1 0.0195 0.7023 0.0362 0.0415
3 0.9586 0.7329 0.0279 0.0341
1 0.3111 0.8061 0.0598 0.0418
3 0.7902 0.5374 0.0252 0.0368
3 0.9237 0.4748 0.0277 0.0356
3 0.4573 0.9380 0.0307 0.0396
2 0.6367 0.9666 0.0341 0.0233
3 0.4966 0.6397 0.0540 0.0399
3 0.6372 0.9342 0.0336 0.0409
3 0.3925 0.8951 0.0362 0.0424
3 0.2612 0.6696 0.0379 0.0432
3 0.3568 0.6752 0.0324 0.0434
3 0.4576 0.8951 0.0287 0.0443
3 0.9331 0.8093 0.0310 0.0373
3 0.1015 0.8918 0.0628 0.0396
3 0.3130 0.8951 0.0600 0.0424
2 0.3924 0.9761 0.0335 0.0319
3 0.3594 0.8961 0.0314 0.0405
3 0.2622 0.8937 0.0403 0.0396
3 0.8654 0.4332 0.0426 0.0377
2 0.7963 0.9703 0.0246 0.0434
3 0.6728 0.5661 0.0532 0.0415
3 0.6794 0.8930 0.0508 0.0396
3 0.9299 0.6973 0.0277 0.0354
3 0.9894 0.5878 0.0143 0.0358
3 0.6745 0.6066 0.0512 0.0415
3 0.9842 0.3757 0.0218 0.0358
3 0.0187 0.8890 0.0362 0.0415
3 0.9711 0.8823 0.0381 0.0358
3 0.9890 0.5529 0.0150 0.0339
1 0.4548 0.7665 0.0262 0.0396
1 0.6334 0.7274 0.0318 0.0383
3 0.1011 0.9799 0.0612 0.0403
3 0.8729 0.7340 0.0449 0.0364
3 0.1023 0.6627 0.0649 0.0452
3 0.5441 0.9733 0.0324 0.0296
1 0.1016 0.7999 0.0630 0.0452
3 0.4561 0.6804 0.0300 0.0434
3 0.9037 0.6599 0.0246 0.0386
1 0.6024 0.8523 0.0352 0.0351
3 0.9221 0.3647 0.0237 0.0378
1 0.2604 0.8039 0.0385 0.0418
1 0.7433 0.7701 0.0284 0.0410
3 0.8202 0.3517 0.0416 0.0405
1 0.4549 0.8504 0.0246 0.0396
3 0.9706 0.5520 0.0232 0.0339
3 0.9900 0.6655 0.0143 0.0405
3 0.8633 0.3560 0.0440 0.0432
3 0.7137 0.6085 0.0273 0.0396
3 0.8708 0.6569 0.0410 0.0386
2 0.8319 0.9709 0.0436 0.0456
3 0.7417 0.6118 0.0300 0.0386
3 0.9046 0.6971 0.0249 0.0339
3 0.2226 0.6679 0.0403 0.0452
3 0.7131 0.5694 0.0273 0.0386
3 0.9273 0.6227 0.0293 0.0358
3 0.9027 0.6222 0.0198 0.0368
3 0.5541 0.6002 0.0587 0.0434
3 0.9220 0.4398 0.0255 0.0331
3 0.2226 0.4889 0.0391 0.0426
3 0.9756 0.6258 0.0140 0.0337
3 0.6322 0.6024 0.0334 0.0424
3 0.0531 0.8904 0.0341 0.0386
2 0.5002 0.9752 0.0548 0.0284
3 0.5995 0.5996 0.0321 0.0443
3 0.8222 0.5016 0.0457 0.0349
3 0.9691 0.8095 0.0369 0.0351
3 0.8963 0.3990 0.0192 0.0371
3 0.6725 0.5242 0.0539 0.0443
3 0.7124 0.5284 0.0259 0.0415
3 0.9061 0.8076 0.0213 0.0317
1 0.6368 0.8517 0.0336 0.0385
3 0.8996 0.4714 0.0205 0.0368
2 0.0535 0.9371 0.0363 0.0502
3 0.4961 0.5993 0.0559 0.0396
3 0.4545 0.5927 0.0273 0.0415
3 0.1686 0.6656 0.0668 0.0432
3 0.5561 0.9371 0.0580 0.0396
3 0.7881 0.4987 0.0239 0.0349
3 0.9861 0.4455 0.0201 0.0320
3 0.8671 0.4709 0.0432 0.0377
1 0.7428 0.8121 0.0262 0.0407
3 0.1688 0.6198 0.0673 0.0471
1 0.6756 0.7291 0.0514 0.0373
3 0.3123 0.5852 0.0594 0.0434
1 0.3584 0.8527 0.0307 0.0424
1 0.3908 0.8518 0.0314 0.0443
1 0.2615 0.8508 0.0389 0.0443
3 0.0200 0.5635 0.0368 0.0471
3 0.0554 0.5654 0.0314 0.0434
3 0.1700 0.5748 0.0669 0.0434
1 0.5547 0.7686 0.0571 0.0424
3 0.4245 0.5484 0.0327 0.0434
3 0.0200 0.8428 0.0375 0.0471
3 0.4968 0.5545 0.0559 0.0462
3 0.4552 0.5498 0.0273 0.0424
3 0.1707 0.5291 0.0669 0.0443
3 0.2236 0.5324 0.0389 0.0415
3 0.7649 0.4959 0.0225 0.0368
3 0.8684 0.5435 0.0440 0.0377
3 0.8675 0.5052 0.0449 0.0403
3 0.9208 0.5105 0.0245 0.0377
1 0.1024 0.8475 0.0641 0.0452
1 0.7162 0.8127 0.0303 0.0396
3 0.8746 0.7721 0.0418 0.0373
3 0.8271 0.6560 0.0451 0.0377
3 0.0191 0.6575 0.0370 0.0439
3 0.0561 0.5187 0.0314 0.0443
2 0.2640 0.9803 0.0350 0.0373
2 0.4265 0.9743 0.0345 0.0308
3 0.4248 0.5045 0.0314 0.0460
3 0.3907 0.5023 0.0336 0.0452
3 0.3571 0.5432 0.0327 0.0419
3 0.7968 0.8868 0.0254 0.0407
3 0.3581 0.4974 0.0317 0.0497
3 0.7150 0.6897 0.0275 0.0432
1 0.1684 0.8494 0.0696 0.0434
3 0.3916 0.6770 0.0323 0.0446
3 0.9339 0.8466 0.0310 0.0328
3 0.7684 0.6517 0.0243 0.0409
3 0.9656 0.7707 0.0368 0.0401
1 0.4957 0.7682 0.0557 0.0430
3 0.5005 0.8942 0.0581 0.0423
1 0.1003 0.7552 0.0655 0.0441
3 0.7714 0.8523 0.0237 0.0396
3 0.9086 0.8478 0.0213 0.0373
3 0.8304 0.7720 0.0450 0.0396
3 0.9252 0.5850 0.0266 0.0377
1 0.2217 0.8055 0.0381 0.0428
3 0.7680 0.5760 0.0218 0.0386
3 0.5540 0.6851 0.0570 0.0458
3 0.0538 0.8457 0.0327 0.0490
3 0.0532 0.6591 0.0332 0.0445
3 0.9880 0.5180 0.0143 0.0320
3 0.8751 0.8093 0.0444 0.0355
1 0.4973 0.7262 0.0542 0.0391
3 0.8212 0.3899 0.0423 0.0377
3 0.8289 0.7337 0.0424 0.0341
2 0.3588 0.9760 0.0322 0.0287
1 0.3119 0.7620 0.0614 0.0396
1 0.3905 0.7660 0.0336 0.0407
1 0.5546 0.7280 0.0607 0.0376
3 0.7140 0.6485 0.0265 0.0393
3 0.7420 0.6510 0.0276 0.0386
1 0.4252 0.8508 0.0362 0.0424
1 0.1670 0.7581 0.0663 0.0407
3 0.7867 0.3856 0.0252 0.0386
3 0.6754 0.6891 0.0516 0.0419
3 0.0180 0.9801 0.0360 0.0385
3 0.7178 0.8517 0.0278 0.0385
3 0.1673 0.9804 0.0647 0.0391
3 0.8222 0.4639 0.0443 0.0368
3 0.1035 0.6159 0.0663 0.0458
3 0.4241 0.6800 0.0327 0.0424
3 0.8650 0.3959 0.0448 0.0369
3 0.9061 0.7716 0.0211 0.0358
3 0.9246 0.5491 0.0281 0.0358
3 0.7881 0.4596 0.0239 0.0396
1 0.4253 0.7688 0.0327 0.0418
3 0.8281 0.6951 0.0431 0.0414
3 0.0215 0.4698 0.0366 0.0479
1 0.4549 0.7245 0.0266 0.0395
3 0.4544 0.6366 0.0293 0.0424
2 0.3493 0.4560 0.0489 0.0401
3 0.7908 0.5779 0.0252 0.0386
3 0.3908 0.5901 0.0336 0.0434
3 0.9595 0.4803 0.0413 0.0358
1 0.7150 0.7714 0.0262 0.0407
1 0.6789 0.8517 0.0524 0.0385
3 0.8741 0.9269 0.0376 0.0396
1 0.6016 0.7278 0.0352 0.0349
3 0.0180 0.9347 0.0360 0.0481
3 0.7470 0.9315 0.0289 0.0396
3 0.9297 0.7362 0.0273 0.0405
3 0.9873 0.4808 0.0143 0.0349
1 0.0528 0.7513 0.0295 0.0430
1 0.5999 0.8116 0.0352 0.0418
1 0.6004 0.7674 0.0348 0.0421
3 0.9747 0.5878 0.0150 0.0339
3 0.7463 0.8918 0.0307 0.0372
1 0.4984 0.8512 0.0577 0.0430
3 0.7622 0.3437 0.0246 0.0434
1 0.2616 0.7609 0.0393 0.0441
3 0.4237 0.7229 0.0321 0.0452
2 0.7174 0.9765 0.0261 0.0439
3 0.7981 0.9281 0.0262 0.0328
1 0.6753 0.7693 0.0516 0.0433
3 0.8324 0.9275 0.0442 0.0385
3 0.2230 0.9361 0.0409 0.0452
3 0.7920 0.6523 0.0237 0.0377
3 0.8324 0.8489 0.0442 0.0373
3 0.7460 0.8531 0.0305 0.0399
3 0.7692 0.6917 0.0234 0.0382
3 0.7432 0.6910 0.0293 0.0386
3 0.7952 0.7324 0.0250 0.0350
2 0.0184 0.7949 0.0367 0.0434
3 0.0571 0.4722 0.0306 0.0473
3 0.6003 0.6858 0.0341 0.0419
3 0.5005 0.9380 0.0548 0.0429
3 0.2615 0.6251 0.0393 0.0471
2 0.3070 0.4496 0.0369 0.0439
3 0.6325 0.6452 0.0332 0.0419
3 0.3608 0.9399 0.0355 0.0433
1 0.3110 0.8504 0.0587 0.0471
2 0.2670 0.4472 0.0443 0.0429
3 0.7695 0.7306 0.0257 0.0395
1 0.5541 0.8117 0.0564 0.0399
2 0.6031 0.9677 0.0333 0.0230
3 0.3581 0.5847 0.0309 0.0405
3 0.8695 0.5817 0.0420 0.0349
3 0.9700 0.8460 0.0373 0.0364
2 0.0583 0.9800 0.0217 0.0401
3 0.7414 0.5722 0.0293 0.0424
3 0.3114 0.6277 0.0597 0.0406
2 0.3921 0.4595 0.0388 0.0401
1 0.3578 0.8073 0.0303 0.0418
3 0.5991 0.6419 0.0327 0.0406
3 0.4980 0.6825 0.0540 0.0432
3 0.5532 0.6416 0.0583 0.0373
3 0.1042 0.5687 0.0648 0.0481
2 0.3114 0.9749 0.0590 0.0249
2 0.0177 0.7478 0.0353 0.0489
3 0.5573 0.8964 0.0556 0.0441
3 0.9020 0.5845 0.0198 0.0330
3 0.7702 0.7701 0.0230 0.0405
1 0.7422 0.7300 0.0275 0.0376
3 0.7680 0.6132 0.0218 0.0339
3 0.7867 0.4219 0.0239 0.0358
3 0.3118 0.9401 0.0624 0.0475
3 0.0213 0.5173 0.0382 0.0434
3 0.8263 0.6180 0.0457 0.0377
3 0.3906 0.5473 0.0328 0.0425
3 0.2626 0.4931 0.0387 0.0491
3 0.3121 0.4951 0.0606 0.0504
3 0.6028 0.9350 0.0352 0.0417
3 0.8320 0.8890 0.0450 0.0385
3 0.7731 0.8885 0.0205 0.0396
3 0.7404 0.5308 0.0287 0.0424
3 0.4545 0.5055 0.0281 0.0453
3 0.1042 0.5220 0.0648 0.0452
3 0.4962 0.5105 0.0537 0.0442
3 0.5529 0.5137 0.0588 0.0431
3 0.5985 0.5192 0.0332 0.0485
3 0.6300 0.5216 0.0300 0.0480
3 0.2211 0.7586 0.0389 0.0434
1 0.5556 0.8532 0.0573 0.0403
3 0.5529 0.5571 0.0588 0.0414
3 0.5988 0.5612 0.0324 0.0344
3 0.6306 0.5639 0.0296 0.0365
3 0.2628 0.5385 0.0382 0.0424
1 0.7146 0.7307 0.0270 0.0385
3 0.9301 0.6613 0.0269 0.0415
3 0.8219 0.4271 0.0450 0.0349
3 0.3913 0.6332 0.0317 0.0399
3 0.7964 0.8099 0.0262 0.0362
3 0.9906 0.7030 0.0132 0.0331
3 0.7170 0.9326 0.0278 0.0373
3 0.2239 0.5767 0.0396 0.0452
3 0.2625 0.5814 0.0389 0.0396
3 0.3583 0.6295 0.0318 0.0427
3 0.4242 0.5918 0.0334 0.0396
3 0.7948 0.7720 0.0262 0.0373
3 0.2221 0.6218 0.0384 0.0445
3 0.0547 0.6120 0.0332 0.0484
3 0.9887 0.6255 0.0130 0.0377
1 0.4245 0.8090 0.0344 0.0362
1 0.6335 0.7692 0.0319 0.0407
3 0.7871 0.3465 0.0239 0.0414
3 0.7178 0.8930 0.0262 0.0396
3 0.1687 0.9376 0.0662 0.0462
3 0.0349 0.6627 0.0017 0.0023
3 0.9631 0.3738 0.0218 0.0377
3 0.3116 0.5418 0.0594 0.0434
3 0.8697 0.6203 0.0408 0.0349
1 0.4564 0.8107 0.0262 0.0396
3 0.9303 0.7735 0.0273 0.0377
3 0.7635 0.4214 0.0239 0.0368
