2 0.2816 0.5859 0.0829 0.1545
2 0.1962 0.7240 0.0892 0.1529
2 0.9841 0.4804 0.0318 0.1440
2 0.9837 0.6311 0.0325 0.1635
2 0.9827 0.7848 0.0345 0.1529
2 0.9841 0.9306 0.0318 0.1387
2 0.3483 0.8964 0.0674 0.1888
2 0.1931 0.9010 0.0983 0.1980
2 0.2830 0.4376 0.0829 0.1607
2 0.1980 0.5804 0.0871 0.1373
2 0.1966 0.4345 0.0885 0.1514
2 0.4230 0.7349 0.0850 0.1342
2 0.2808 0.7271 0.0800 0.1342
2 0.3518 0.5906 0.0618 0.1420
2 0.3514 0.4517 0.0611 0.1420
2 0.3507 0.7263 0.0639 0.1358
2 0.1239 0.5775 0.0625 0.1400
2 0.4199 0.8987 0.0885 0.1841
2 0.2770 0.8941 0.0878 0.1935
2 0.4248 0.5960 0.0814 0.1436
2 0.4244 0.4517 0.0822 0.1420
2 0.5315 0.4618 0.1334 0.1436
2 0.5315 0.6023 0.1320 0.1404
2 0.5305 0.7404 0.1299 0.1264
2 0.5294 0.9019 0.1292 0.1935
2 0.6361 0.9073 0.0800 0.1855
2 0.6347 0.7458 0.0815 0.1373
2 0.6372 0.6085 0.0793 0.1498
2 0.7155 0.6163 0.0772 0.1404
2 0.8282 0.4759 0.1425 0.1529
2 0.1219 0.7241 0.0608 0.1495
2 0.1220 0.8994 0.0594 0.2011
2 0.1226 0.4291 0.0610 0.1467
2 0.6311 0.4647 0.0644 0.1462
2 0.8264 0.9205 0.1432 0.1590
2 0.9318 0.9299 0.0703 0.1403
2 0.9311 0.7840 0.0744 0.1638
2 0.9322 0.6319 0.0696 0.1560
2 0.7201 0.4760 0.0751 0.1407
2 0.9332 0.4805 0.0689 0.1562
2 0.8254 0.7700 0.1397 0.1576
2 0.7155 0.7536 0.0786 0.1342
2 0.8257 0.6210 0.1418 0.1436
2 0.7144 0.9111 0.0779 0.1777
