2 0.5764 0.4865 0.0610 0.1620
2 0.8049 0.0766 0.0411 0.0298
2 0.7978 0.8188 0.0616 0.1296
2 0.2545 0.6275 0.0283 0.1481
2 0.8649 0.6690 0.0517 0.1380
2 0.7037 0.0647 0.0479 0.0975
2 0.1547 0.4091 0.0416 0.1494
3 0.0709 0.3541 0.0376 0.1465
2 0.5680 0.0456 0.0473 0.0912
3 0.2974 0.5365 0.0572 0.1632
3 0.9552 0.0397 0.0433 0.0794
2 0.4097 0.7402 0.0479 0.1456
3 0.8517 0.0343 0.0503 0.0686
3 0.4118 0.5897 0.0530 0.1576
3 0.6924 0.6802 0.0700 0.1589
3 0.3181 0.0128 0.0222 0.0256
2 0.9071 0.8237 0.0519 0.1267
2 0.8919 0.0867 0.0346 0.0253
2 0.3970 0.0261 0.0383 0.0522
3 0.4605 0.0273 0.0511 0.0547
2 0.2552 0.5033 0.0263 0.1216
2 0.4145 0.4293 0.0528 0.1650
2 0.9214 0.1180 0.0236 0.0854
3 0.2051 0.4450 0.0534 0.1594
3 0.9879 0.0394 0.0243 0.0787
2 0.4678 0.4533 0.0499 0.1650
3 0.6358 0.5053 0.0603 0.1562
2 0.7439 0.8144 0.0503 0.1452
2 0.8568 0.8230 0.0531 0.1334
2 0.3574 0.5632 0.0482 0.1565
3 0.9749 0.5131 0.0481 0.1418
2 0.5688 0.6498 0.0603 0.1559
2 0.9169 0.6710 0.0527 0.1381
2 0.6133 0.0474 0.0436 0.0949
2 0.1124 0.5238 0.0412 0.1408
3 0.8735 0.5150 0.0521 0.1533
3 0.3574 0.4015 0.0520 0.1577
2 0.6210 0.8247 0.0595 0.1442
3 0.5110 0.0343 0.0511 0.0686
3 0.8085 0.6631 0.0673 0.1487
2 0.0743 0.4906 0.0378 0.1408
2 0.2056 0.5922 0.0515 0.1633
3 0.6979 0.5182 0.0725 0.1712
2 0.6294 0.6683 0.0595 0.1610
2 0.2554 0.3399 0.0276 0.2318
3 0.3666 0.0232 0.0246 0.0465
2 0.7493 0.6944 0.0507 0.1245
2 0.5121 0.7870 0.0480 0.1386
2 0.9550 0.8196 0.0478 0.1256
2 0.5161 0.6326 0.0511 0.1621
3 0.5219 0.4713 0.0493 0.1653
2 0.6579 0.0536 0.0468 0.0990
2 0.9529 0.1276 0.0450 0.0987
2 0.4626 0.7601 0.0471 0.1380
2 0.3549 0.7174 0.0480 0.1577
2 0.1556 0.5493 0.0412 0.1408
2 0.5659 0.8046 0.0556 0.1502
3 0.4661 0.6162 0.0480 0.1584
3 0.8933 0.0374 0.0360 0.0748
2 0.6874 0.8398 0.0689 0.1595
2 0.2797 0.6533 0.0240 0.1133
2 0.9260 0.5130 0.0529 0.1436
3 0.4255 0.0195 0.0180 0.0391
2 0.1112 0.3837 0.0389 0.1517
2 0.7576 0.5153 0.0535 0.2164
2 0.7494 0.0539 0.0451 0.0536
3 0.8501 0.0809 0.0518 0.0320
2 0.9848 0.1298 0.0305 0.0987
2 0.9645 0.6690 0.0488 0.1381
3 0.2998 0.3772 0.0578 0.1466
2 0.3410 0.0203 0.0252 0.0406
3 0.8082 0.0318 0.0426 0.0636
3 0.8144 0.5154 0.0670 0.1561
