3 0.2180 0.5024 0.0295 0.0440
3 0.4865 0.7119 0.0488 0.0422
3 0.7720 0.3164 0.0724 0.0563
3 0.4259 0.5335 0.0616 0.0447
3 0.3654 0.7206 0.0600 0.0454
3 0.6408 0.1553 0.0781 0.0531
1 0.7796 0.7770 0.0726 0.0518
1 0.7123 0.5508 0.0489 0.0553
3 0.0580 0.8633 0.0382 0.0278
2 0.2815 0.1786 0.0332 0.0447
1 0.0074 0.4090 0.0148 0.0579
3 0.9770 0.3749 0.0393 0.0545
3 0.5244 0.1662 0.0420 0.0570
3 0.2888 0.6788 0.0316 0.0453
2 0.2818 0.2263 0.0332 0.0447
3 0.3604 0.3127 0.0592 0.0458
3 0.7055 0.0362 0.0483 0.0562
3 0.5727 0.0481 0.0559 0.0596
3 0.8823 0.5410 0.0540 0.0571
1 0.0071 0.4592 0.0143 0.0558
3 0.3200 0.6758 0.0282 0.0420
3 0.2866 0.5883 0.0333 0.0436
1 0.5792 0.5587 0.0577 0.0611
3 0.6503 0.8410 0.0769 0.0527
3 0.5220 0.0502 0.0433 0.0523
3 0.9758 0.3187 0.0393 0.0545
3 0.5786 0.4982 0.0583 0.0584
3 0.4255 0.5812 0.0626 0.0432
3 0.3631 0.5364 0.0592 0.0476
3 0.3596 0.2659 0.0595 0.0442
1 0.8345 0.6028 0.0384 0.0536
3 0.7050 0.1506 0.0487 0.0568
3 0.2862 0.4974 0.0316 0.0442
1 0.1885 0.6836 0.0343 0.0443
1 0.0081 0.7179 0.0157 0.0554
3 0.5343 0.9052 0.0405 0.0621
3 0.5274 0.4477 0.0386 0.0553
3 0.3222 0.8519 0.0300 0.0305
3 0.0260 0.5587 0.0205 0.0451
3 0.3188 0.5843 0.0296 0.0445
2 0.2836 0.3173 0.0313 0.0453
1 0.8339 0.5409 0.0389 0.0536
3 0.9781 0.4731 0.0393 0.0545
3 0.0525 0.4672 0.0386 0.0432
3 0.1335 0.4621 0.0651 0.0420
3 0.7072 0.2639 0.0474 0.0568
3 0.4800 0.2997 0.0487 0.0441
3 0.5755 0.3307 0.0575 0.0542
3 0.3621 0.4904 0.0593 0.0443
1 0.7121 0.6079 0.0495 0.0567
3 0.5246 0.2767 0.0367 0.0530
3 0.8298 0.2560 0.0368 0.0520
3 0.5828 0.7863 0.0560 0.0578
1 0.7746 0.5456 0.0712 0.0551
1 0.6477 0.6100 0.0755 0.0546
3 0.1851 0.5509 0.0383 0.0443
3 0.7050 0.0939 0.0480 0.0578
3 0.8819 0.4823 0.0524 0.0546
3 0.7728 0.3742 0.0740 0.0555
3 0.0269 0.6029 0.0200 0.0438
1 0.0275 0.7846 0.0195 0.0470
3 0.0858 0.4195 0.0296 0.0474
1 0.6476 0.5534 0.0779 0.0549
3 0.5286 0.5040 0.0391 0.0541
3 0.4235 0.3969 0.0611 0.0427
3 0.0936 0.8614 0.0310 0.0282
3 0.0888 0.5970 0.0284 0.0442
1 0.8841 0.6587 0.0527 0.0528
1 0.2529 0.6798 0.0355 0.0459
1 0.0087 0.8199 0.0168 0.0496
1 0.2202 0.6362 0.0267 0.0425
3 0.4784 0.1605 0.0487 0.0476
3 0.1856 0.5062 0.0363 0.0443
3 0.8742 0.0259 0.0492 0.0517
3 0.4838 0.5737 0.0514 0.0443
3 0.8778 0.3090 0.0523 0.0529
3 0.4865 0.7567 0.0505 0.0446
3 0.7106 0.4924 0.0472 0.0588
1 0.2544 0.7248 0.0342 0.0433
3 0.0900 0.6873 0.0280 0.0434
1 0.0084 0.7670 0.0168 0.0496
1 0.0265 0.7397 0.0195 0.0470
3 0.3614 0.4012 0.0604 0.0459
3 0.8761 0.1957 0.0515 0.0520
2 0.1956 0.9201 0.0639 0.0471
3 0.5777 0.3864 0.0540 0.0563
3 0.4280 0.7607 0.0617 0.0420
2 0.1345 0.5543 0.0639 0.0440
1 0.7118 0.6641 0.0499 0.0575
3 0.3580 0.1735 0.0593 0.0474
2 0.7170 0.8856 0.0501 0.0364
2 0.2834 0.3619 0.0320 0.0459
1 0.0066 0.3561 0.0131 0.0571
3 0.0912 0.7778 0.0275 0.0430
3 0.7701 0.2042 0.0737 0.0566
3 0.4235 0.3521 0.0626 0.0417
1 0.7780 0.7224 0.0726 0.0528
1 0.0258 0.6934 0.0183 0.0458
1 0.1362 0.6409 0.0654 0.0422
1 0.8851 0.7728 0.0531 0.0580
3 0.2841 0.4074 0.0312 0.0458
1 0.7761 0.6041 0.0722 0.0522
3 0.4220 0.1661 0.0618 0.0529
3 0.3189 0.6289 0.0286 0.0445
3 0.0274 0.8625 0.0194 0.0286
3 0.5220 0.0120 0.0433 0.0239
3 0.7740 0.4876 0.0707 0.0547
1 0.8853 0.8306 0.0524 0.0522
3 0.6399 0.0417 0.0782 0.0561
3 0.6467 0.4973 0.0784 0.0555
1 0.0063 0.2539 0.0126 0.0575
3 0.2519 0.5893 0.0358 0.0440
3 0.4217 0.3106 0.0642 0.0492
1 0.5800 0.6738 0.0554 0.0593
3 0.8271 0.0272 0.0380 0.0529
3 0.8303 0.4268 0.0426 0.0536
3 0.0907 0.7327 0.0297 0.0423
1 0.5817 0.7304 0.0562 0.0536
3 0.1445 0.9231 0.0346 0.0490
3 0.3146 0.2231 0.0255 0.0445
3 0.3600 0.3558 0.0576 0.0473
3 0.7078 0.4355 0.0474 0.0554
3 0.9784 0.4244 0.0393 0.0545
1 0.2225 0.7719 0.0266 0.0425
2 0.2824 0.2722 0.0313 0.0421
3 0.8264 0.0832 0.0361 0.0510
3 0.3664 0.8125 0.0581 0.0453
3 0.9810 0.6254 0.0379 0.0545
3 0.4283 0.6717 0.0618 0.0435
3 0.2873 0.6333 0.0309 0.0440
3 0.3132 0.1779 0.0268 0.0440
3 0.4821 0.4372 0.0505 0.0458
1 0.0066 0.2032 0.0131 0.0550
1 0.1897 0.8176 0.0334 0.0455
3 0.3162 0.4049 0.0283 0.0419
3 0.0534 0.5133 0.0396 0.0435
3 0.8315 0.3693 0.0392 0.0577
3 0.9812 0.6774 0.0376 0.0545
3 0.6419 0.3266 0.0766 0.0560
3 0.7059 0.2071 0.0472 0.0568
1 0.1403 0.8239 0.0621 0.0396
1 0.6496 0.7249 0.0753 0.0560
3 0.6396 0.1000 0.0795 0.0578
2 0.2902 0.8533 0.0330 0.0277
3 0.4285 0.7153 0.0623 0.0430
3 0.7730 0.4310 0.0708 0.0551
3 0.2862 0.5423 0.0333 0.0429
2 0.3675 0.8488 0.0591 0.0268
1 0.2219 0.8165 0.0284 0.0428
1 0.2544 0.8152 0.0343 0.0428
3 0.5731 0.1059 0.0544 0.0587
3 0.3222 0.8119 0.0273 0.0430
3 0.0243 0.5142 0.0183 0.0458
3 0.7710 0.2601 0.0706 0.0553
3 0.3205 0.7215 0.0275 0.0457
3 0.0878 0.5528 0.0278 0.0427
3 0.2497 0.4546 0.0338 0.0440
3 0.1846 0.4137 0.0344 0.0429
3 0.8802 0.4252 0.0498 0.0538
1 0.5297 0.5584 0.0378 0.0568
1 0.0078 0.6638 0.0157 0.0554
1 0.2220 0.7262 0.0268 0.0425
3 0.4292 0.8108 0.0618 0.0466
3 0.0924 0.8234 0.0296 0.0423
3 0.6430 0.3828 0.0784 0.0570
3 0.1369 0.5981 0.0659 0.0428
1 0.7139 0.7211 0.0482 0.0555
1 0.5314 0.6718 0.0407 0.0534
3 0.5264 0.3896 0.0400 0.0521
3 0.3162 0.4486 0.0255 0.0437
3 0.8737 0.0802 0.0497 0.0556
3 0.4847 0.6197 0.0487 0.0427
3 0.4791 0.2087 0.0495 0.0441
3 0.0398 0.9246 0.0423 0.0562
3 0.3614 0.4467 0.0597 0.0410
3 0.3649 0.6292 0.0591 0.0426
1 0.1363 0.6849 0.0641 0.0439
3 0.6441 0.4399 0.0764 0.0554
1 0.8859 0.7148 0.0522 0.0536
3 0.3179 0.5373 0.0275 0.0424
3 0.8372 0.8920 0.0388 0.0562
3 0.4794 0.2550 0.0489 0.0452
3 0.3170 0.4935 0.0267 0.0428
1 0.8370 0.7741 0.0391 0.0541
3 0.1838 0.4594 0.0347 0.0435
1 0.5310 0.6153 0.0382 0.0526
3 0.3156 0.9202 0.0278 0.0562
3 0.4292 0.8480 0.0630 0.0261
3 0.8752 0.1395 0.0490 0.0541
3 0.3658 0.7660 0.0588 0.0440
3 0.4224 0.2174 0.0612 0.0431
3 0.2509 0.5454 0.0357 0.0449
1 0.0275 0.8289 0.0195 0.0470
1 0.0076 0.5614 0.0140 0.0554
1 0.1907 0.7738 0.0353 0.0414
1 0.0063 0.1570 0.0126 0.0449
1 0.2552 0.7695 0.0338 0.0428
2 0.1408 0.8582 0.0638 0.0288
1 0.0068 0.3035 0.0137 0.0550
1 0.5329 0.8443 0.0391 0.0531
3 0.7686 0.0888 0.0694 0.0534
3 0.1865 0.5940 0.0318 0.0444
3 0.0236 0.4237 0.0183 0.0458
3 0.8284 0.1405 0.0382 0.0569
3 0.5842 0.9040 0.0547 0.0641
3 0.0094 0.9246 0.0189 0.0562
1 0.1892 0.7279 0.0346 0.0480
3 0.4267 0.6272 0.0612 0.0420
3 0.4717 0.9066 0.0394 0.0562
1 0.7151 0.7780 0.0551 0.0587
3 0.0860 0.4631 0.0278 0.0421
3 0.8293 0.3128 0.0369 0.0559
3 0.8792 0.3672 0.0517 0.0541
3 0.3151 0.3604 0.0280 0.0428
3 0.0874 0.5084 0.0273 0.0417
3 0.2161 0.4553 0.0281 0.0424
3 0.7811 0.8875 0.0775 0.0445
3 0.3562 0.9153 0.0484 0.0562
3 0.8282 0.1967 0.0388 0.0551
3 0.4832 0.4819 0.0501 0.0448
3 0.7687 0.1481 0.0738 0.0600
3 0.2500 0.4090 0.0331 0.0458
1 0.8350 0.6576 0.0388 0.0538
3 0.4253 0.4877 0.0626 0.0426
1 0.1389 0.7768 0.0628 0.0439
3 0.3636 0.5843 0.0585 0.0439
3 0.2897 0.8152 0.0328 0.0467
3 0.7804 0.8348 0.0734 0.0549
3 0.0925 0.9237 0.0642 0.0562
1 0.0253 0.6485 0.0183 0.0458
3 0.4169 0.9082 0.0690 0.0463
3 0.2526 0.6347 0.0353 0.0457
3 0.0560 0.7360 0.0380 0.0454
3 0.5256 0.3335 0.0390 0.0501
3 0.8319 0.4848 0.0423 0.0562
1 0.7190 0.8353 0.0407 0.0545
1 0.5329 0.7315 0.0406 0.0516
1 0.2208 0.6832 0.0282 0.0429
3 0.6517 0.8987 0.0744 0.0555
3 0.2904 0.7699 0.0322 0.0441
1 0.6486 0.6678 0.0734 0.0527
3 0.5240 0.1073 0.0378 0.0563
2 0.2180 0.5477 0.0287 0.0481
3 0.5727 0.1593 0.0541 0.0575
3 0.5249 0.2219 0.0389 0.0541
1 0.0070 0.5087 0.0140 0.0554
3 0.4807 0.3457 0.0485 0.0449
3 0.0556 0.6896 0.0390 0.0439
3 0.5743 0.2739 0.0560 0.0543
3 0.0517 0.4220 0.0386 0.0458
3 0.7682 0.0342 0.0728 0.0574
3 0.4875 0.8056 0.0504 0.0457
3 0.2494 0.4996 0.0334 0.0446
3 0.9817 0.7282 0.0365 0.0486
3 0.6418 0.2133 0.0772 0.0540
3 0.9823 0.8319 0.0354 0.0486
3 0.4840 0.5282 0.0497 0.0440
1 0.0090 0.8615 0.0168 0.0337
3 0.0574 0.7790 0.0381 0.0437
3 0.5766 0.4427 0.0572 0.0562
3 0.6490 0.7845 0.0753 0.0593
3 0.1340 0.5078 0.0644 0.0430
3 0.2853 0.4527 0.0307 0.0447
3 0.0888 0.6422 0.0267 0.0412
1 0.5799 0.6156 0.0585 0.0487
3 0.3647 0.6752 0.0592 0.0430
3 0.2231 0.8553 0.0284 0.0288
3 0.0236 0.4680 0.0183 0.0458
1 0.0073 0.6126 0.0140 0.0554
1 0.1389 0.7321 0.0616 0.0452
1 0.1873 0.6386 0.0341 0.0454
3 0.5830 0.8433 0.0547 0.0542
3 0.3150 0.3162 0.0287 0.0464
3 0.9805 0.5738 0.0390 0.0545
2 0.2651 0.9201 0.0720 0.0497
3 0.7080 0.3203 0.0521 0.0538
3 0.1892 0.8558 0.0362 0.0310
3 0.0558 0.6435 0.0400 0.0452
3 0.3217 0.7660 0.0267 0.0426
3 0.4233 0.4417 0.0630 0.0446
3 0.2171 0.4120 0.0280 0.0425
3 0.5325 0.7873 0.0392 0.0586
3 0.4218 0.2631 0.0645 0.0436
3 0.5739 0.2183 0.0554 0.0554
1 0.8833 0.5980 0.0544 0.0545
3 0.2897 0.7252 0.0316 0.0453
3 0.3590 0.2193 0.0594 0.0457
3 0.0574 0.8242 0.0383 0.0438
3 0.5719 0.0096 0.0558 0.0192
3 0.8765 0.2519 0.0512 0.0530
1 0.7766 0.6619 0.0718 0.0551
3 0.8851 0.8863 0.0545 0.0562
3 0.0546 0.6001 0.0397 0.0427
3 0.4852 0.6673 0.0489 0.0433
3 0.7071 0.3778 0.0480 0.0542
3 0.2188 0.5909 0.0298 0.0425
3 0.0546 0.5567 0.0384 0.0439
1 0.8363 0.7163 0.0401 0.0568
3 0.9826 0.7803 0.0348 0.0486
3 0.6417 0.2695 0.0756 0.0528
3 0.4805 0.3910 0.0482 0.0432
3 0.2547 0.8532 0.0328 0.0297
3 0.3151 0.2683 0.0257 0.0427
3 0.1338 0.4143 0.0645 0.0486
1 0.8379 0.8318 0.0374 0.0547
3 0.9781 0.5243 0.0393 0.0545
