3 0.9173 0.5688 0.1654 0.0567
3 0.5754 0.6454 0.1979 0.0557
3 0.4026 0.7083 0.1828 0.0451
3 0.5883 0.6966 0.1987 0.0450
1 0.8648 0.4017 0.0975 0.0268
1 0.8529 0.3438 0.0997 0.0293
3 0.1838 0.6629 0.1832 0.0605
3 0.3756 0.6536 0.2130 0.0642
2 0.7661 0.6399 0.1697 0.0483
3 0.0581 0.7201 0.1108 0.0389
1 0.9540 0.3971 0.0919 0.0233
1 0.8683 0.4302 0.0947 0.0290
1 0.9614 0.4242 0.0772 0.0241
1 0.9570 0.3684 0.0861 0.0276
1 0.9503 0.3097 0.0995 0.0280
3 0.9248 0.6208 0.1504 0.0531
3 0.9404 0.6726 0.1192 0.0470
1 0.8550 0.3720 0.1070 0.0287
3 0.0338 0.6212 0.0675 0.0561
1 0.8474 0.3134 0.0948 0.0294
3 0.1541 0.6127 0.2023 0.0684
3 0.3596 0.6020 0.1894 0.0604
1 0.9507 0.3386 0.0986 0.0279
3 0.9280 0.8754 0.0419 0.0203
3 0.2178 0.7153 0.1779 0.0579
2 0.7510 0.5778 0.1910 0.0740
2 0.7806 0.6849 0.1662 0.0389
3 0.5500 0.5930 0.2216 0.0639
3 0.0574 0.6742 0.1147 0.0579
