2 0.9477 0.9853 0.0439 0.0264
2 0.4730 0.7947 0.0577 0.0305
2 0.7034 0.8223 0.0286 0.0376
2 0.4138 0.8277 0.0538 0.0331
3 0.6739 0.8574 0.0271 0.0323
2 0.1655 0.7283 0.0317 0.0310
2 0.8685 0.9868 0.0249 0.0263
2 0.9530 0.7491 0.0278 0.0326
3 0.2411 0.9289 0.0528 0.0309
2 0.8272 0.8891 0.0513 0.0325
3 0.2409 0.8978 0.0521 0.0321
3 0.5206 0.8619 0.0362 0.0301
2 0.9839 0.9174 0.0271 0.0311
2 0.3436 0.7601 0.0323 0.0373
2 0.8254 0.8237 0.0503 0.0301
3 0.3429 0.8621 0.0286 0.0340
2 0.0642 0.7285 0.0500 0.0328
2 0.3736 0.7277 0.0263 0.0325
2 0.7009 0.9906 0.0291 0.0188
2 0.8662 0.8882 0.0249 0.0310
3 0.1981 0.9302 0.0248 0.0305
2 0.8973 0.7508 0.0360 0.0349
3 0.9561 0.9537 0.0290 0.0294
2 0.3740 0.7611 0.0273 0.0369
2 0.9806 0.7831 0.0271 0.0361
2 0.7350 0.9895 0.0284 0.0210
3 0.3129 0.9671 0.0285 0.0344
3 0.1646 0.8621 0.0398 0.0286
3 0.6720 0.9630 0.0216 0.0339
3 0.2823 0.9301 0.0264 0.0292
2 0.0198 0.7290 0.0387 0.0338
2 0.7341 0.9265 0.0296 0.0353
2 0.1649 0.8286 0.0366 0.0281
2 0.9819 0.8179 0.0271 0.0311
3 0.7306 0.8566 0.0254 0.0348
3 0.1160 0.9293 0.0532 0.0304
3 0.6437 0.8923 0.0247 0.0356
3 0.5545 0.8617 0.0298 0.0281
3 0.1159 0.9642 0.0561 0.0298
2 0.6733 0.8252 0.0341 0.0352
2 0.2404 0.7624 0.0518 0.0327
3 0.8282 0.8542 0.0512 0.0300
2 0.7029 0.7560 0.0296 0.0354
2 0.8269 0.7541 0.0503 0.0297
2 0.1191 0.7280 0.0579 0.0337
3 0.5188 0.9680 0.0322 0.0367
2 0.5540 0.7902 0.0363 0.0342
3 0.2828 0.9675 0.0293 0.0331
2 0.3125 0.7264 0.0315 0.0367
2 0.3735 0.8296 0.0270 0.0341
2 0.0252 0.7974 0.0225 0.0318
2 0.4721 0.7606 0.0567 0.0306
3 0.3451 0.9648 0.0278 0.0316
2 0.1149 0.9911 0.0593 0.0177
3 0.7063 0.9649 0.0278 0.0308
2 0.0644 0.7635 0.0491 0.0318
3 0.8291 0.9561 0.0538 0.0286
2 0.1639 0.9897 0.0340 0.0166
2 0.8658 0.9239 0.0277 0.0334
3 0.6436 0.8581 0.0265 0.0310
2 0.1966 0.7264 0.0306 0.0336
2 0.1959 0.9912 0.0321 0.0136
2 0.5384 0.9911 0.0711 0.0168
2 0.0055 0.9279 0.0110 0.0292
2 0.0222 0.8614 0.0224 0.0292
3 0.2822 0.8625 0.0264 0.0335
2 0.1983 0.8304 0.0278 0.0317
3 0.7035 0.8573 0.0267 0.0362
3 0.1654 0.9645 0.0382 0.0301
3 0.4727 0.9665 0.0540 0.0300
3 0.3128 0.8624 0.0260 0.0332
3 0.1965 0.9633 0.0242 0.0305
3 0.4154 0.9640 0.0540 0.0330
2 0.9029 0.8870 0.0417 0.0336
2 0.7694 0.7872 0.0482 0.0322
2 0.1180 0.8308 0.0540 0.0294
2 0.9835 0.8834 0.0271 0.0311
3 0.7743 0.9590 0.0512 0.0305
2 0.0052 0.8953 0.0104 0.0292
3 0.5602 0.9633 0.0212 0.0325
2 0.3729 0.7951 0.0291 0.0341
2 0.2818 0.7263 0.0302 0.0359
2 0.1176 0.7977 0.0531 0.0298
2 0.0056 0.8623 0.0113 0.0292
2 0.9795 0.7480 0.0262 0.0341
2 0.7045 0.8921 0.0275 0.0358
2 0.2403 0.7276 0.0521 0.0352
3 0.9847 0.9511 0.0290 0.0294
3 0.9822 0.8494 0.0276 0.0336
2 0.8267 0.7877 0.0528 0.0307
2 0.6711 0.9919 0.0248 0.0162
3 0.7333 0.9588 0.0253 0.0317
2 0.8666 0.7850 0.0259 0.0305
2 0.0219 0.7628 0.0363 0.0381
2 0.2820 0.8307 0.0275 0.0341
3 0.6039 0.9271 0.0471 0.0307
2 0.3128 0.7952 0.0316 0.0355
2 0.1967 0.7611 0.0309 0.0356
3 0.3120 0.9316 0.0285 0.0318
2 0.9524 0.7838 0.0291 0.0354
3 0.6055 0.8586 0.0420 0.0318
3 0.5209 0.9294 0.0349 0.0308
2 0.3471 0.9906 0.0249 0.0187
3 0.2405 0.9632 0.0534 0.0305
3 0.7735 0.8550 0.0497 0.0322
3 0.3718 0.8626 0.0265 0.0336
2 0.2400 0.7956 0.0536 0.0314
3 0.3122 0.8974 0.0287 0.0330
3 0.6456 0.9620 0.0277 0.0339
2 0.7307 0.7552 0.0306 0.0356
2 0.0226 0.8308 0.0224 0.0292
3 0.0631 0.8959 0.0484 0.0297
2 0.9555 0.8849 0.0282 0.0352
2 0.5182 0.7604 0.0366 0.0319
3 0.0624 0.9621 0.0480 0.0304
2 0.6062 0.7922 0.0409 0.0354
2 0.6724 0.7902 0.0324 0.0358
2 0.2995 0.9920 0.0655 0.0161
3 0.3731 0.9299 0.0259 0.0297
2 0.7317 0.8214 0.0313 0.0351
2 0.9537 0.8187 0.0286 0.0282
3 0.1976 0.8970 0.0249 0.0347
2 0.6407 0.7565 0.0296 0.0345
2 0.8646 0.8204 0.0249 0.0310
2 0.6414 0.7904 0.0299 0.0347
2 0.6726 0.7565 0.0323 0.0357
2 0.3754 0.9909 0.0302 0.0182
2 0.1170 0.7644 0.0530 0.0314
2 0.4148 0.7601 0.0534 0.0316
2 0.0219 0.8946 0.0224 0.0292
3 0.1634 0.9291 0.0411 0.0297
3 0.0641 0.8614 0.0497 0.0301
2 0.1641 0.7633 0.0347 0.0324
3 0.9014 0.9540 0.0410 0.0296
3 0.6729 0.8908 0.0283 0.0295
2 0.6433 0.9914 0.0274 0.0171
2 0.9027 0.9862 0.0415 0.0275
2 0.3123 0.8304 0.0305 0.0337
3 0.6066 0.9624 0.0467 0.0349
3 0.4152 0.9301 0.0549 0.0325
3 0.4728 0.8624 0.0557 0.0315
2 0.2411 0.9911 0.0512 0.0177
2 0.7053 0.9271 0.0290 0.0372
2 0.7723 0.8906 0.0505 0.0322
3 0.8663 0.8535 0.0253 0.0337
3 0.4727 0.9298 0.0554 0.0291
3 0.6442 0.9268 0.0267 0.0327
2 0.4732 0.9922 0.0537 0.0155
2 0.7318 0.8935 0.0291 0.0351
2 0.3124 0.7612 0.0324 0.0349
2 0.5530 0.7572 0.0384 0.0334
3 0.3722 0.8964 0.0262 0.0337
2 0.2817 0.7947 0.0307 0.0349
2 0.5172 0.8269 0.0311 0.0341
2 0.8278 0.9249 0.0514 0.0352
2 0.6420 0.8237 0.0264 0.0323
2 0.0608 0.8295 0.0555 0.0331
3 0.1169 0.8973 0.0522 0.0337
2 0.7738 0.9885 0.0465 0.0227
3 0.2836 0.8975 0.0274 0.0358
2 0.7749 0.9273 0.0529 0.0369
2 0.7703 0.7541 0.0483 0.0325
2 0.6079 0.7577 0.0334 0.0337
3 0.2389 0.8649 0.0542 0.0326
2 0.9564 0.9185 0.0303 0.0311
3 0.3435 0.8971 0.0277 0.0358
2 0.0617 0.7958 0.0534 0.0325
3 0.4729 0.8963 0.0562 0.0361
2 0.9870 0.9837 0.0261 0.0326
2 0.3440 0.8269 0.0318 0.0348
2 0.6071 0.9905 0.0404 0.0160
2 0.4172 0.9913 0.0519 0.0173
3 0.3722 0.9641 0.0261 0.0333
2 0.4731 0.8309 0.0552 0.0323
3 0.0636 0.9295 0.0516 0.0327
2 0.9003 0.7844 0.0415 0.0320
3 0.4155 0.8965 0.0542 0.0344
3 0.3440 0.9299 0.0280 0.0305
2 0.3454 0.7260 0.0322 0.0353
3 0.4157 0.8625 0.0539 0.0330
3 0.5567 0.9346 0.0288 0.0264
2 0.9032 0.9190 0.0439 0.0313
2 0.0056 0.8306 0.0113 0.0292
2 0.2815 0.7606 0.0312 0.0367
2 0.8278 0.9874 0.0546 0.0251
2 0.7041 0.7884 0.0276 0.0314
3 0.1166 0.8625 0.0517 0.0307
2 0.0629 0.9901 0.0447 0.0197
3 0.1974 0.8618 0.0231 0.0312
2 0.0061 0.7988 0.0121 0.0292
2 0.5577 0.8253 0.0410 0.0339
2 0.4746 0.7264 0.0613 0.0307
3 0.1646 0.8961 0.0403 0.0328
2 0.9013 0.8202 0.0431 0.0311
2 0.7722 0.8203 0.0509 0.0354
3 0.8678 0.9565 0.0261 0.0310
3 0.9558 0.8488 0.0276 0.0336
2 0.4143 0.7946 0.0530 0.0304
2 0.7317 0.7866 0.0292 0.0314
2 0.8657 0.7518 0.0261 0.0341
3 0.9008 0.8526 0.0379 0.0321
2 0.3442 0.7944 0.0316 0.0326
2 0.1642 0.7965 0.0346 0.0327
3 0.6059 0.8946 0.0453 0.0349
3 0.5187 0.8937 0.0354 0.0310
2 0.1971 0.7957 0.0302 0.0321
2 0.6085 0.8289 0.0413 0.0307
2 0.4136 0.7268 0.0511 0.0328
2 0.2393 0.8294 0.0517 0.0320
3 0.6736 0.9263 0.0256 0.0347
3 0.5559 0.9031 0.0331 0.0349
2 0.5194 0.7925 0.0316 0.0332
