2 0.0288 0.4919 0.0576 0.0503
2 0.1795 0.4934 0.0836 0.0472
2 0.3483 0.5424 0.0838 0.0537
2 0.6094 0.2901 0.0636 0.0557
2 0.6067 0.2321 0.0664 0.0602
2 0.6803 0.3464 0.0764 0.0669
2 0.8247 0.2764 0.1385 0.0643
2 0.1913 0.4447 0.0820 0.0482
2 0.9172 0.6915 0.1656 0.1517
3 0.2452 0.5981 0.1191 0.0613
3 0.2848 0.3965 0.0968 0.0439
3 0.2892 0.3575 0.0992 0.0471
2 0.6121 0.3484 0.0686 0.0631
2 0.8832 0.4850 0.1641 0.0801
2 0.7722 0.4874 0.0891 0.0792
2 0.9701 0.4832 0.0594 0.0820
2 0.8079 0.6877 0.1125 0.1499
2 0.7345 0.2816 0.0728 0.0615
2 0.5107 0.6560 0.0285 0.0437
2 0.3714 0.3479 0.0726 0.0469
2 0.1022 0.4041 0.0622 0.0425
2 0.0694 0.3655 0.0530 0.0387
2 0.6735 0.2866 0.0707 0.0573
2 0.9236 0.2687 0.0877 0.0624
2 0.5485 0.5430 0.0488 0.0584
2 0.8453 0.3362 0.1492 0.0652
3 0.7061 0.5675 0.0886 0.0775
2 0.9468 0.3339 0.1019 0.0681
2 0.5024 0.4320 0.0434 0.0476
2 0.9060 0.2095 0.0792 0.0648
2 0.1588 0.3611 0.0481 0.0399
3 0.6267 0.5695 0.0845 0.0816
3 0.0945 0.5922 0.0541 0.0495
2 0.6184 0.4161 0.0729 0.0686
2 0.4996 0.4841 0.0434 0.0613
2 0.2118 0.3576 0.0792 0.0470
2 0.5013 0.5411 0.0457 0.0546
3 0.0479 0.5905 0.0626 0.0432
2 0.9729 0.2683 0.0542 0.0638
2 0.5467 0.4832 0.0496 0.0575
2 0.6870 0.4120 0.0799 0.0716
2 0.4077 0.6745 0.0702 0.0903
2 0.5478 0.4304 0.0474 0.0518
3 0.4283 0.5999 0.0976 0.0570
2 0.3609 0.4370 0.0775 0.0481
2 0.0195 0.5421 0.0372 0.0503
3 0.9829 0.5696 0.0342 0.0893
3 0.9005 0.5719 0.1639 0.0897
3 0.3437 0.6005 0.0882 0.0613
2 0.4317 0.5435 0.0924 0.0539
2 0.7841 0.5703 0.0889 0.0829
2 0.7584 0.4102 0.0835 0.0748
2 0.1160 0.3634 0.0601 0.0392
2 0.6656 0.2300 0.0679 0.0613
2 0.8620 0.4077 0.1583 0.0781
2 0.7253 0.2240 0.0686 0.0622
2 0.0579 0.5413 0.0701 0.0456
2 0.9614 0.2023 0.0772 0.0728
2 0.5485 0.6816 0.0488 0.0999
2 0.1351 0.4461 0.0544 0.0453
3 0.5011 0.6037 0.0468 0.0582
3 0.5489 0.6013 0.0490 0.0581
2 0.5034 0.3403 0.0385 0.0488
2 0.1668 0.5421 0.0913 0.0488
2 0.5025 0.3881 0.0404 0.0483
2 0.1353 0.6658 0.0967 0.0809
2 0.1209 0.4946 0.0536 0.0464
2 0.8158 0.2184 0.1294 0.0634
2 0.4355 0.4879 0.0859 0.0556
2 0.4446 0.3898 0.0787 0.0462
2 0.4463 0.3437 0.0764 0.0469
2 0.4391 0.4357 0.0860 0.0451
2 0.7220 0.6853 0.1047 0.1508
2 0.1475 0.4027 0.0495 0.0378
2 0.6227 0.4888 0.0757 0.0763
2 0.9592 0.4049 0.0799 0.0745
2 0.7453 0.3394 0.0778 0.0603
3 0.2774 0.4439 0.0958 0.0484
3 0.2644 0.4933 0.1051 0.0504
3 0.2570 0.5418 0.1041 0.0478
3 0.2296 0.6720 0.1267 0.0848
2 0.0570 0.4051 0.0580 0.0406
2 0.2015 0.4008 0.0785 0.0397
2 0.0418 0.4484 0.0558 0.0463
2 0.1082 0.5425 0.0554 0.0464
2 0.0892 0.4465 0.0615 0.0406
2 0.5477 0.3875 0.0517 0.0415
2 0.3669 0.3908 0.0740 0.0443
2 0.3353 0.6760 0.0890 0.0887
2 0.3548 0.4874 0.0828 0.0509
2 0.0755 0.4930 0.0677 0.0496
2 0.5467 0.3408 0.0496 0.0500
2 0.6962 0.4883 0.0842 0.0754
3 0.1563 0.5954 0.0907 0.0558
2 0.9831 0.3337 0.0337 0.0708
2 0.6382 0.6825 0.0927 0.1414
