3 0.5610 0.5212 0.0873 0.0398
3 0.9012 0.8435 0.1563 0.0407
3 0.5173 0.7494 0.1165 0.0399
3 0.7326 0.7780 0.1594 0.0413
3 0.8832 0.7336 0.1570 0.0357
3 0.7218 0.7005 0.1608 0.0404
3 0.3667 0.7153 0.1753 0.0403
3 0.2167 0.8350 0.1890 0.0398
3 0.2223 0.8747 0.1869 0.0385
3 0.7108 0.6654 0.1694 0.0366
3 0.3550 0.6762 0.1693 0.0383
3 0.1871 0.7185 0.1991 0.0416
3 0.2093 0.7961 0.2006 0.0413
3 0.3806 0.7533 0.1715 0.0377
3 0.3921 0.8309 0.1708 0.0438
3 0.8732 0.6978 0.1570 0.0349
3 0.7277 0.7383 0.1571 0.0406
1 0.8868 0.7688 0.1559 0.0365
3 0.7403 0.8145 0.1532 0.0356
1 0.7483 0.8461 0.1568 0.0371
3 0.2286 0.9161 0.1858 0.0463
3 0.7654 0.9205 0.1574 0.0379
1 0.7607 0.8850 0.1512 0.0399
3 0.5717 0.5593 0.0812 0.0387
3 0.8567 0.6260 0.1686 0.0365
3 0.6660 0.4471 0.1540 0.0358
3 0.5452 0.4098 0.0782 0.0387
3 0.1636 0.6049 0.1954 0.0419
3 0.1213 0.4532 0.1800 0.0373
3 0.3029 0.4503 0.1800 0.0380
3 0.1201 0.4121 0.1839 0.0434
3 0.3044 0.4120 0.1816 0.0416
3 0.4542 0.4480 0.1210 0.0369
3 0.5546 0.4474 0.0843 0.0358
3 0.8168 0.4458 0.1540 0.0376
3 0.8134 0.4095 0.1502 0.0366
3 0.4510 0.4102 0.1165 0.0401
3 0.6617 0.4089 0.1517 0.0369
3 0.1406 0.5284 0.1831 0.0365
3 0.1463 0.5679 0.1885 0.0380
3 0.3180 0.5250 0.1796 0.0410
3 0.3286 0.5632 0.1824 0.0398
3 0.3368 0.6016 0.1727 0.0391
3 0.1708 0.6442 0.1961 0.0405
3 0.1777 0.6826 0.1977 0.0391
3 0.3452 0.6405 0.1711 0.0408
3 0.4648 0.5232 0.1371 0.0401
3 0.6759 0.5199 0.1532 0.0423
3 0.8341 0.5185 0.1586 0.0394
3 0.4756 0.5620 0.1264 0.0376
3 0.6863 0.5572 0.1617 0.0380
3 0.8384 0.5545 0.1701 0.0369
3 0.8487 0.5900 0.1693 0.0383
3 0.8640 0.6631 0.1632 0.0369
3 0.6912 0.5920 0.1686 0.0380
3 0.7023 0.6292 0.1663 0.0373
3 0.5817 0.5961 0.0873 0.0391
3 0.5870 0.6326 0.0935 0.0383
3 0.4825 0.5989 0.1295 0.0369
3 0.4913 0.6364 0.1302 0.0387
3 0.5966 0.6708 0.0896 0.0416
3 0.1932 0.7591 0.1931 0.0441
3 0.5078 0.7107 0.1188 0.0434
3 0.5373 0.8211 0.1241 0.0419
3 0.6043 0.7072 0.0820 0.0416
3 0.6108 0.7441 0.0782 0.0430
3 0.6280 0.8180 0.0728 0.0416
3 0.6361 0.8558 0.0735 0.0426
3 0.5403 0.8604 0.1195 0.0434
3 0.6415 0.8921 0.0811 0.0427
3 0.6513 0.9287 0.0708 0.0416
3 0.6200 0.7811 0.0720 0.0423
3 0.5262 0.7851 0.1173 0.0430
3 0.4997 0.6737 0.1302 0.0416
2 0.5568 0.4829 0.0865 0.0352
2 0.6716 0.4828 0.1497 0.0349
2 0.1331 0.4898 0.1692 0.0375
2 0.3049 0.4879 0.1725 0.0381
2 0.4527 0.4845 0.1253 0.0345
2 0.5616 0.9939 0.1203 0.0123
2 0.6652 0.9906 0.0815 0.0188
2 0.8240 0.4824 0.1641 0.0353
3 0.2367 0.9837 0.1780 0.0325
3 0.4085 0.9798 0.1693 0.0404
3 0.5577 0.9712 0.1341 0.0388
3 0.6578 0.9654 0.0822 0.0377
2 0.7785 0.9876 0.1441 0.0248
2 0.9226 0.9822 0.1441 0.0356
3 0.7719 0.9558 0.1476 0.0373
3 0.9184 0.9485 0.1500 0.0351
3 0.3850 0.7908 0.1690 0.0357
1 0.9066 0.8748 0.1539 0.0375
1 0.8935 0.8051 0.1532 0.0374
3 0.4012 0.8619 0.1722 0.0389
3 0.4116 0.9380 0.1772 0.0410
1 0.5545 0.9311 0.1181 0.0405
1 0.9190 0.9109 0.1511 0.0383
1 0.4077 0.9000 0.1771 0.0402
1 0.5514 0.8932 0.1119 0.0382
1 0.2360 0.9511 0.1818 0.0330
