3 0.6850 0.5743 0.1358 0.0733
2 0.4589 0.5052 0.0721 0.0669
2 0.8709 0.3637 0.0746 0.0658
2 0.8238 0.4310 0.0857 0.0632
2 0.3997 0.3810 0.0636 0.0617
3 0.4565 0.5759 0.0770 0.0733
3 0.2104 0.5759 0.0684 0.0700
3 0.1532 0.5788 0.0794 0.0733
3 0.2922 0.5759 0.1197 0.0700
3 0.9252 0.5759 0.0769 0.0831
2 0.0650 0.6686 0.0917 0.0995
3 0.5231 0.5751 0.0611 0.0749
2 0.6901 0.6398 0.1307 0.0486
2 0.5917 0.6743 0.0646 0.1176
2 0.4518 0.6731 0.0866 0.1154
2 0.1316 0.6680 0.0908 0.1029
2 0.2470 0.3897 0.0602 0.0601
2 0.1965 0.3908 0.0662 0.0628
2 0.5227 0.3784 0.0551 0.0647
2 0.9453 0.3595 0.1086 0.0674
2 0.6656 0.3695 0.1188 0.0699
2 0.0206 0.6680 0.0412 0.0954
3 0.8495 0.5759 0.0886 0.0831
2 0.3893 0.5071 0.0756 0.0669
2 0.8876 0.4262 0.0763 0.0645
2 0.8774 0.6793 0.1085 0.1251
2 0.9540 0.6829 0.0919 0.1270
2 0.2246 0.5094 0.0672 0.0622
2 0.9525 0.4266 0.0925 0.0667
2 0.3027 0.5085 0.1159 0.0641
3 0.7845 0.5767 0.0757 0.0782
2 0.3199 0.3868 0.1060 0.0625
3 0.8382 0.4972 0.0940 0.0716
2 0.5829 0.4392 0.0568 0.0750
2 0.7474 0.3658 0.0654 0.0672
2 0.5786 0.3756 0.0568 0.0680
2 0.4629 0.3801 0.0662 0.0636
3 0.9790 0.5751 0.0420 0.0847
2 0.0595 0.5633 0.0278 0.0181
2 0.0814 0.5663 0.0266 0.0208
2 0.1838 0.4509 0.0679 0.0554
2 0.2368 0.4486 0.0602 0.0577
2 0.3127 0.4458 0.1086 0.0633
2 0.3958 0.4424 0.0696 0.0633
2 0.4603 0.4413 0.0679 0.0611
2 0.5218 0.4413 0.0585 0.0633
2 0.6719 0.4356 0.1248 0.0611
2 0.7567 0.4322 0.0688 0.0656
2 0.5850 0.5086 0.0611 0.0622
2 0.5892 0.5764 0.0696 0.0713
2 0.1918 0.6669 0.0806 0.1007
2 0.2801 0.6714 0.1315 0.1120
2 0.3746 0.6726 0.0900 0.1142
2 0.5247 0.6720 0.0679 0.1154
2 0.8013 0.6782 0.0934 0.1255
2 0.7696 0.4981 0.0756 0.0697
3 0.3850 0.5751 0.0806 0.0717
2 0.1686 0.5109 0.0728 0.0622
2 0.5236 0.5071 0.0587 0.0650
2 0.6791 0.5014 0.1336 0.0669
2 0.9082 0.4967 0.0841 0.0726
2 0.9627 0.4967 0.0745 0.0707
2 0.0362 0.5611 0.0303 0.0191
2 0.0310 0.5818 0.0282 0.0213
2 0.0546 0.5824 0.0270 0.0180
2 0.0760 0.5810 0.0290 0.0262
2 0.1092 0.5701 0.0356 0.0218
2 0.1045 0.5876 0.0352 0.0240
2 0.0996 0.6034 0.0360 0.0207
2 0.8089 0.3638 0.0832 0.0679
