1 0.3534 0.1544 0.1149 0.0243
1 0.3407 0.1771 0.1194 0.0234
1 0.2181 0.2020 0.1239 0.0269
1 0.3228 0.2010 0.1264 0.0272
1 0.1957 0.2284 0.1239 0.0264
1 0.2875 0.2547 0.1383 0.0305
1 0.3059 0.2278 0.1323 0.0275
1 0.8592 0.3544 0.1244 0.0404
1 0.8779 0.7982 0.1898 0.0898
1 0.7189 0.1589 0.1548 0.0327
1 0.0663 0.3930 0.1189 0.0387
1 0.0353 0.4839 0.0567 0.0513
1 0.1987 0.3945 0.1627 0.0416
1 0.0389 0.7414 0.0777 0.0742
1 0.0512 0.4356 0.0895 0.0454
1 0.3723 0.3949 0.1905 0.0422
1 0.3848 0.3552 0.1875 0.0378
1 0.2096 0.7506 0.2643 0.0924
1 0.2977 0.5487 0.2318 0.0637
1 0.2432 0.6761 0.2500 0.0784
1 0.4782 0.1465 0.1477 0.0265
1 0.4667 0.1698 0.1577 0.0260
1 0.0863 0.3540 0.1368 0.0393
1 0.4524 0.1939 0.1627 0.0273
1 0.3460 0.4415 0.2064 0.0498
1 0.5249 0.3966 0.1542 0.0428
1 0.5373 0.3553 0.1502 0.0393
1 0.6921 0.4487 0.2239 0.0584
1 0.8580 0.3169 0.1129 0.0369
1 0.9463 0.3569 0.0497 0.0442
1 0.9423 0.3152 0.0557 0.0381
1 0.8560 0.2790 0.1120 0.0390
1 0.1683 0.4368 0.1786 0.0454
1 0.1383 0.4874 0.1978 0.0536
1 0.7065 0.3163 0.1890 0.0375
1 0.1060 0.5404 0.1949 0.0591
1 0.0842 0.6024 0.1612 0.0684
1 0.0673 0.6703 0.1189 0.0658
2 0.3863 0.8736 0.2229 0.1391
1 0.5483 0.3174 0.1393 0.0384
1 0.6233 0.8969 0.3344 0.1559
1 0.8735 0.9204 0.1934 0.1554
1 0.6039 0.1221 0.1082 0.0291
1 0.8382 0.1098 0.0924 0.0257
1 0.9256 0.1041 0.0924 0.0287
1 0.9259 0.1280 0.0903 0.0299
1 0.9410 0.2775 0.0572 0.0407
1 0.9313 0.1480 0.0810 0.0371
1 0.8367 0.1301 0.0910 0.0291
1 0.7075 0.2802 0.1841 0.0366
1 0.7117 0.2453 0.1756 0.0431
1 0.8428 0.1569 0.0946 0.0329
1 0.9366 0.2398 0.0731 0.0343
1 0.5935 0.1647 0.1075 0.0291
1 0.8503 0.2412 0.1045 0.0366
1 0.5689 0.2494 0.1269 0.0337
1 0.5734 0.2204 0.1189 0.0343
1 0.7152 0.2157 0.1677 0.0319
1 0.7196 0.1335 0.1534 0.0284
1 0.7236 0.1128 0.1526 0.0225
1 0.5964 0.1412 0.1118 0.0252
1 0.1547 0.8554 0.3075 0.1470
3 0.9506 0.4445 0.0424 0.0591
1 0.5582 0.2835 0.1274 0.0340
1 0.6978 0.3973 0.2045 0.0443
1 0.4270 0.2540 0.1726 0.0317
1 0.4166 0.2839 0.1826 0.0340
1 0.7142 0.1875 0.1627 0.0317
1 0.8500 0.2078 0.1030 0.0296
1 0.9358 0.2072 0.0696 0.0302
1 0.8632 0.3975 0.1214 0.0446
1 0.9478 0.3969 0.0477 0.0352
1 0.5130 0.4426 0.1654 0.0482
1 0.8709 0.4468 0.1338 0.0552
1 0.4966 0.4951 0.1731 0.0563
1 0.6873 0.5030 0.2490 0.0545
1 0.8882 0.5049 0.1660 0.0591
1 0.8861 0.5679 0.1678 0.0682
1 0.6778 0.5642 0.2525 0.0693
1 0.4742 0.5559 0.1773 0.0654
1 0.6670 0.6369 0.2708 0.0776
1 0.8833 0.6369 0.1734 0.0683
1 0.8819 0.7126 0.1777 0.0839
1 0.6598 0.7139 0.2851 0.0839
1 0.4366 0.6875 0.1970 0.0624
1 0.4234 0.7596 0.2178 0.0869
2 0.2460 0.3177 0.1489 0.0356
2 0.1249 0.3176 0.1458 0.0350
1 0.9316 0.1803 0.0791 0.0273
1 0.3225 0.4913 0.2136 0.0504
1 0.2683 0.2852 0.1487 0.0328
1 0.1782 0.2555 0.1281 0.0290
1 0.2216 0.3543 0.1637 0.0398
1 0.1507 0.2852 0.1352 0.0305
1 0.6465 0.7795 0.2973 0.0810
1 0.4405 0.2236 0.1677 0.0311
1 0.4857 0.1249 0.1394 0.0234
1 0.7000 0.3563 0.2020 0.0443
1 0.8433 0.1832 0.0985 0.0256
1 0.2717 0.6060 0.2325 0.0694
1 0.4649 0.6228 0.1906 0.0679
1 0.5846 0.1898 0.1134 0.0258
1 0.2402 0.1776 0.1134 0.0232
1 0.3949 0.3185 0.1920 0.0369
1 0.2731 0.1351 0.1134 0.0237
1 0.3683 0.1316 0.1129 0.0243
1 0.2566 0.1566 0.1134 0.0252
