3 0.7434 0.8107 0.1569 0.0400
2 0.1441 0.4912 0.1573 0.0358
3 0.1308 0.4510 0.1823 0.0377
3 0.1228 0.4113 0.1872 0.0388
1 0.8995 0.8396 0.1388 0.0392
1 0.8858 0.7691 0.1381 0.0426
1 0.9182 0.9092 0.1412 0.0382
1 0.7593 0.8841 0.1571 0.0408
1 0.7510 0.8480 0.1548 0.0418
3 0.2268 0.8722 0.1740 0.0432
2 0.7771 0.9878 0.1433 0.0244
1 0.5517 0.9317 0.1253 0.0407
1 0.5445 0.8948 0.1253 0.0404
3 0.5081 0.7098 0.1141 0.0398
3 0.1741 0.6435 0.1984 0.0423
3 0.1593 0.5679 0.1877 0.0376
3 0.2045 0.7951 0.1902 0.0429
3 0.1909 0.7198 0.1987 0.0431
3 0.3887 0.8260 0.1625 0.0414
3 0.3825 0.7895 0.1615 0.0427
3 0.3778 0.7519 0.1672 0.0418
3 0.3981 0.9022 0.1587 0.0427
3 0.1521 0.5287 0.1728 0.0370
3 0.3976 0.8640 0.1615 0.0432
3 0.3692 0.7147 0.1632 0.0451
1 0.2354 0.9470 0.1724 0.0410
3 0.2307 0.9098 0.1708 0.0446
3 0.2127 0.8335 0.1863 0.0438
3 0.1979 0.7573 0.1860 0.0438
3 0.1808 0.6826 0.1919 0.0453
3 0.1631 0.6049 0.1935 0.0409
3 0.5395 0.8586 0.1181 0.0391
3 0.7669 0.9215 0.1598 0.0379
3 0.6204 0.7803 0.0763 0.0416
3 0.7354 0.7752 0.1551 0.0409
1 0.9070 0.8746 0.1429 0.0399
1 0.8923 0.8061 0.1373 0.0328
3 0.7255 0.7013 0.1580 0.0419
3 0.2374 0.9837 0.1738 0.0326
3 0.4109 0.9788 0.1746 0.0424
3 0.5575 0.9720 0.1227 0.0442
3 0.6592 0.9640 0.0794 0.0380
3 0.7704 0.9579 0.1443 0.0429
3 0.9177 0.9484 0.1437 0.0442
3 0.4042 0.9389 0.1653 0.0402
3 0.3608 0.6756 0.1634 0.0420
3 0.3575 0.6405 0.1682 0.0451
3 0.3461 0.6018 0.1700 0.0402
3 0.3395 0.5647 0.1663 0.0384
3 0.5320 0.8221 0.1174 0.0442
3 0.5241 0.7844 0.1174 0.0436
3 0.5195 0.7479 0.1148 0.0430
3 0.4998 0.6727 0.1109 0.0423
3 0.4956 0.6351 0.1050 0.0414
3 0.4864 0.5981 0.1102 0.0423
3 0.4772 0.5612 0.1115 0.0408
3 0.6511 0.9281 0.0732 0.0405
3 0.6421 0.8924 0.0724 0.0398
3 0.6373 0.8545 0.0723 0.0427
3 0.6275 0.8176 0.0716 0.0405
3 0.8807 0.7345 0.1317 0.0418
3 0.7319 0.7397 0.1596 0.0433
3 0.6134 0.7446 0.0790 0.0388
3 0.8759 0.6987 0.1381 0.0426
3 0.8596 0.6266 0.1404 0.0403
3 0.8500 0.5904 0.1437 0.0388
3 0.8408 0.5552 0.1445 0.0384
3 0.7047 0.6296 0.1596 0.0411
3 0.7139 0.6671 0.1588 0.0452
3 0.8671 0.6614 0.1381 0.0403
3 0.6968 0.5947 0.1596 0.0407
3 0.6908 0.5574 0.1572 0.0384
3 0.6034 0.7075 0.0782 0.0377
3 0.5950 0.6696 0.0758 0.0388
3 0.5866 0.6330 0.0750 0.0373
3 0.5806 0.5955 0.0726 0.0377
3 0.5739 0.5582 0.0766 0.0377
3 0.8288 0.5184 0.1445 0.0351
3 0.6816 0.5203 0.1404 0.0373
3 0.5663 0.5214 0.0790 0.0358
3 0.4661 0.5244 0.1117 0.0373
3 0.3241 0.5270 0.1708 0.0381
2 0.3065 0.4889 0.1708 0.0374
2 0.4498 0.4863 0.1269 0.0358
2 0.5575 0.4839 0.0934 0.0355
2 0.6736 0.4822 0.1532 0.0351
2 0.8209 0.4824 0.1572 0.0318
3 0.3066 0.4498 0.1722 0.0371
3 0.4497 0.4498 0.1248 0.0384
3 0.4449 0.4108 0.1216 0.0380
3 0.5508 0.4479 0.0857 0.0354
3 0.2996 0.4112 0.1699 0.0393
3 0.6645 0.4472 0.1563 0.0354
3 0.8176 0.4466 0.1499 0.0362
3 0.8094 0.4087 0.1544 0.0388
3 0.6597 0.4090 0.1604 0.0386
3 0.5438 0.4092 0.0834 0.0390
2 0.9252 0.9794 0.1497 0.0411
2 0.6625 0.9903 0.0874 0.0195
2 0.5618 0.9930 0.1205 0.0139
