1 0.9004 0.8447 0.1407 0.0472
2 0.4510 0.4867 0.1200 0.0379
3 0.1582 0.6034 0.1783 0.0337
3 0.5326 0.8226 0.1281 0.0380
3 0.8130 0.4448 0.1535 0.0356
3 0.1224 0.4497 0.1922 0.0380
1 0.3999 0.8687 0.1512 0.0483
3 0.5575 0.9706 0.1056 0.0389
1 0.2242 0.9147 0.1909 0.0436
3 0.8788 0.7347 0.1506 0.0350
3 0.7371 0.8134 0.1512 0.0353
3 0.5841 0.6334 0.0699 0.0357
3 0.4673 0.5608 0.1219 0.0356
2 0.8310 0.5529 0.1601 0.0345
3 0.3488 0.6403 0.1644 0.0365
3 0.4167 0.9767 0.1684 0.0406
3 0.1181 0.4105 0.1899 0.0440
3 0.8726 0.6994 0.1471 0.0351
3 0.5157 0.7469 0.1124 0.0357
2 0.6689 0.4837 0.1465 0.0373
3 0.8881 0.7713 0.1495 0.0358
3 0.8658 0.6621 0.1521 0.0332
3 0.5694 0.5579 0.0801 0.0322
1 0.2346 0.9534 0.1841 0.0479
3 0.5999 0.7084 0.0686 0.0372
3 0.5747 0.5953 0.0698 0.0367
3 0.5366 0.4087 0.0783 0.0391
3 0.8814 0.9471 0.0690 0.0369
1 0.7638 0.9217 0.1522 0.0387
3 0.4909 0.6340 0.1004 0.0370
3 0.8589 0.6263 0.1530 0.0340
1 0.7479 0.8512 0.1560 0.0371
3 0.6074 0.7444 0.0710 0.0375
3 0.8414 0.5898 0.1617 0.0324
3 0.1744 0.6823 0.1795 0.0344
3 0.4852 0.5983 0.1116 0.0369
3 0.6157 0.7805 0.0683 0.0365
3 0.1830 0.7190 0.1767 0.0378
2 0.9083 0.9811 0.1033 0.0358
3 0.5469 0.8951 0.1157 0.0351
3 0.5319 0.8586 0.1296 0.0400
3 0.5426 0.4474 0.0735 0.0376
2 0.7741 0.9868 0.1473 0.0258
3 0.5221 0.7841 0.1159 0.0384
3 0.3033 0.4492 0.1671 0.0434
3 0.1662 0.6432 0.1791 0.0372
1 0.2050 0.8353 0.1948 0.0407
3 0.3175 0.5656 0.1717 0.0360
3 0.9567 0.9434 0.0741 0.0353
3 0.3852 0.8288 0.1526 0.0450
3 0.8105 0.4081 0.1484 0.0371
2 0.8171 0.4807 0.1486 0.0339
3 0.7212 0.7398 0.1482 0.0353
3 0.3379 0.6021 0.1639 0.0359
2 0.6748 0.5205 0.1524 0.0373
3 0.6389 0.8908 0.0684 0.0363
3 0.6226 0.8187 0.0705 0.0392
3 0.2422 0.9816 0.1780 0.0368
3 0.5096 0.7096 0.1012 0.0352
3 0.6885 0.5942 0.1379 0.0338
3 0.7005 0.6316 0.1499 0.0369
3 0.6592 0.4463 0.1520 0.0391
2 0.5635 0.5217 0.0870 0.0374
3 0.3550 0.6777 0.1640 0.0391
3 0.3680 0.7165 0.1704 0.0367
1 0.9118 0.8804 0.1399 0.0453
3 0.8936 0.8064 0.1477 0.0348
1 0.9158 0.9137 0.1452 0.0418
2 0.5570 0.4849 0.0841 0.0356
3 0.7296 0.7777 0.1545 0.0386
1 0.5493 0.9313 0.1204 0.0340
3 0.1549 0.5668 0.1351 0.0402
1 0.2222 0.8763 0.1961 0.0375
3 0.3739 0.7553 0.1614 0.0412
3 0.7987 0.9545 0.0759 0.0353
3 0.7264 0.9587 0.0669 0.0380
2 0.9768 0.9794 0.0396 0.0402
3 0.4503 0.4466 0.1179 0.0396
1 0.7525 0.8854 0.1564 0.0392
2 0.5651 0.9942 0.1092 0.0115
3 0.6564 0.4090 0.1634 0.0360
2 0.1462 0.4896 0.1446 0.0357
3 0.1935 0.7587 0.1870 0.0354
3 0.6517 0.9634 0.0756 0.0375
1 0.4040 0.9037 0.1591 0.0453
2 0.6658 0.9910 0.0916 0.0180
3 0.7169 0.7051 0.1538 0.0380
3 0.2986 0.4082 0.1645 0.0418
3 0.5030 0.6727 0.1085 0.0350
3 0.5921 0.6708 0.0686 0.0364
3 0.4411 0.4087 0.1156 0.0375
1 0.4096 0.9442 0.1559 0.0498
2 0.3118 0.5271 0.1836 0.0381
2 0.4609 0.5242 0.1237 0.0359
1 0.1988 0.7961 0.1838 0.0372
3 0.6460 0.9267 0.0690 0.0350
2 0.1510 0.5275 0.1349 0.0364
3 0.3807 0.7946 0.1601 0.0411
3 0.6308 0.8560 0.0702 0.0401
3 0.7084 0.6667 0.1498 0.0337
2 0.8261 0.5167 0.1539 0.0373
2 0.3039 0.4889 0.1806 0.0382
2 0.6801 0.5566 0.1391 0.0369
