3 0.8988 0.6979 0.1118 0.0455
3 0.4045 0.5280 0.1444 0.0420
3 0.9005 0.5257 0.1130 0.0438
3 0.2048 0.5300 0.1001 0.0423
3 0.4033 0.5707 0.1432 0.0420
3 0.2948 0.6975 0.0809 0.0420
3 0.9002 0.5691 0.1147 0.0437
3 0.2933 0.6547 0.0780 0.0430
3 0.2927 0.6130 0.0792 0.0412
3 0.2051 0.6553 0.0972 0.0427
3 0.6542 0.9816 0.1538 0.0144
3 0.2047 0.8668 0.0984 0.0441
3 0.9034 0.9556 0.1130 0.0434
3 0.4059 0.9522 0.1415 0.0423
3 0.9034 0.9825 0.1119 0.0126
3 0.5244 0.6538 0.1013 0.0427
3 0.2944 0.9787 0.0781 0.0129
3 0.2059 0.9515 0.0979 0.0395
3 0.7887 0.9832 0.1188 0.0140
3 0.5290 0.9802 0.1014 0.0115
3 0.2941 0.9101 0.0804 0.0455
3 0.2926 0.8245 0.0752 0.0412
3 0.2053 0.9105 0.1008 0.0455
3 0.6536 0.8691 0.1532 0.0438
3 0.4038 0.8664 0.1462 0.0448
3 0.4050 0.9108 0.1462 0.0448
3 0.5258 0.8250 0.1025 0.0445
3 0.5275 0.9106 0.1013 0.0452
3 0.9007 0.7829 0.1107 0.0434
3 0.4024 0.7395 0.1421 0.0434
3 0.7890 0.9128 0.1165 0.0459
3 0.9007 0.8696 0.1107 0.0434
3 0.2915 0.7399 0.0775 0.0434
3 0.6510 0.7836 0.1526 0.0448
3 0.7869 0.7834 0.1194 0.0416
3 0.4047 0.7818 0.1444 0.0427
3 0.2056 0.7824 0.1002 0.0423
3 0.2037 0.6137 0.1001 0.0427
3 0.6513 0.7403 0.1543 0.0448
3 0.5241 0.7406 0.1002 0.0441
3 0.7869 0.7412 0.1194 0.0423
3 0.5247 0.5700 0.1007 0.0412
3 0.2051 0.5727 0.0984 0.0409
3 0.4016 0.6540 0.1444 0.0430
3 0.2039 0.6974 0.1007 0.0423
3 0.6505 0.6538 0.1508 0.0441
3 0.6505 0.5692 0.1508 0.0420
3 0.7844 0.5689 0.1170 0.0427
3 0.6511 0.6972 0.1531 0.0455
3 0.7850 0.6538 0.1182 0.0448
3 0.8976 0.6117 0.1141 0.0438
3 0.6522 0.5268 0.1519 0.0416
3 0.9040 0.4404 0.1106 0.0423
3 0.2939 0.4867 0.0803 0.0416
3 0.2057 0.4877 0.0984 0.0409
3 0.5268 0.4861 0.1013 0.0420
3 0.7861 0.4838 0.1193 0.0416
3 0.0340 0.7819 0.0680 0.0251
2 0.7906 0.3963 0.1208 0.0490
3 0.4051 0.4438 0.1444 0.0434
3 0.0355 0.8083 0.0709 0.0269
3 0.0337 0.9597 0.0674 0.0251
3 0.0357 0.9091 0.0715 0.0258
3 0.0349 0.8584 0.0698 0.0255
3 0.0884 0.8346 0.0373 0.0251
2 0.5266 0.3980 0.1013 0.0439
2 0.0881 0.7582 0.0392 0.0271
2 0.0346 0.7580 0.0678 0.0224
2 0.0339 0.7316 0.0678 0.0305
2 0.2929 0.4038 0.0810 0.0391
2 0.4064 0.3576 0.1460 0.0490
2 0.9077 0.3490 0.1146 0.0439
2 0.6558 0.3527 0.1572 0.0495
2 0.5287 0.3548 0.1055 0.0494
2 0.7927 0.3496 0.1209 0.0460
2 0.9042 0.3950 0.1118 0.0447
2 0.4046 0.4006 0.1439 0.0404
2 0.2034 0.4036 0.0992 0.0413
2 0.0874 0.7320 0.0420 0.0288
3 0.0881 0.8077 0.0379 0.0266
3 0.0878 0.8584 0.0396 0.0255
3 0.0887 0.9097 0.0402 0.0248
3 0.0352 0.8342 0.0703 0.0258
3 0.0346 0.8832 0.0692 0.0262
3 0.0349 0.9346 0.0698 0.0251
3 0.0337 0.9781 0.0674 0.0090
3 0.2060 0.4451 0.1001 0.0430
3 0.2942 0.4449 0.0809 0.0462
3 0.5285 0.4429 0.1025 0.0445
3 0.6543 0.4413 0.1525 0.0427
3 0.7896 0.4411 0.1205 0.0423
3 0.9035 0.4824 0.1118 0.0416
3 0.6514 0.4841 0.1525 0.0416
3 0.4054 0.4867 0.1450 0.0409
3 0.7858 0.5261 0.1199 0.0437
3 0.5250 0.5280 0.1025 0.0427
3 0.2939 0.5284 0.0780 0.0420
3 0.8991 0.6547 0.1112 0.0445
3 0.7858 0.6968 0.1188 0.0455
3 0.7847 0.6112 0.1164 0.0434
3 0.6502 0.6112 0.1514 0.0420
3 0.5239 0.6961 0.1025 0.0434
3 0.5239 0.6110 0.1025 0.0430
3 0.4025 0.6965 0.1426 0.0448
3 0.4016 0.6121 0.1421 0.0416
3 0.2930 0.5710 0.0786 0.0412
3 0.9007 0.7399 0.1118 0.0427
3 0.2042 0.7399 0.1019 0.0434
3 0.2932 0.7829 0.0798 0.0427
3 0.5261 0.7822 0.1019 0.0420
3 0.9022 0.8272 0.1101 0.0438
3 0.9013 0.9132 0.1130 0.0445
3 0.7869 0.8684 0.1171 0.0452
3 0.7861 0.8263 0.1165 0.0420
3 0.6507 0.8261 0.1508 0.0438
3 0.6556 0.9123 0.1526 0.0463
3 0.5275 0.8676 0.1037 0.0445
3 0.4044 0.8238 0.1450 0.0434
3 0.2921 0.8659 0.0775 0.0459
3 0.2056 0.8245 0.1002 0.0405
3 0.7892 0.9553 0.1165 0.0434
3 0.6545 0.9542 0.1544 0.0427
3 0.5278 0.9533 0.1002 0.0423
3 0.2926 0.9528 0.0792 0.0412
3 0.2056 0.9782 0.0961 0.0133
2 0.2946 0.3591 0.0832 0.0486
2 0.2038 0.3604 0.1027 0.0451
3 0.0872 0.7823 0.0396 0.0251
3 0.0895 0.8842 0.0396 0.0269
3 0.0890 0.9590 0.0408 0.0251
3 0.0898 0.9344 0.0390 0.0248
2 0.6548 0.3974 0.1565 0.0460
3 0.0910 0.9778 0.0437 0.0126
3 0.4062 0.9798 0.1421 0.0137
