3 0.8562 0.7179 0.1544 0.0332
2 0.8497 0.3930 0.1523 0.0392
2 0.5891 0.9733 0.0761 0.0433
3 0.8544 0.7533 0.1531 0.0333
3 0.3412 0.7521 0.1649 0.0329
3 0.1656 0.7517 0.1748 0.0333
3 0.8540 0.7892 0.1561 0.0307
2 0.5821 0.4959 0.0723 0.0348
3 0.8555 0.8252 0.1527 0.0334
3 0.4827 0.6793 0.1071 0.0349
3 0.1614 0.6767 0.1754 0.0341
3 0.6945 0.7886 0.1566 0.0319
1 0.1682 0.8257 0.1791 0.0348
3 0.1620 0.4059 0.1338 0.0333
2 0.6935 0.4609 0.1428 0.0374
3 0.4802 0.6058 0.1131 0.0349
2 0.5804 0.5692 0.0707 0.0360
2 0.3238 0.3750 0.1754 0.0421
2 0.6913 0.5718 0.1510 0.0353
1 0.1656 0.8997 0.1754 0.0337
2 0.1688 0.5229 0.1309 0.0350
2 0.4776 0.4924 0.1219 0.0355
1 0.7031 0.8605 0.1586 0.0333
3 0.4855 0.7161 0.1100 0.0357
2 0.3404 0.9756 0.1708 0.0433
3 0.4876 0.7893 0.1206 0.0324
3 0.6986 0.9307 0.1458 0.0340
2 0.1775 0.9779 0.1452 0.0427
3 0.5847 0.8965 0.0666 0.0305
3 0.3431 0.8256 0.1623 0.0336
2 0.5811 0.3835 0.0709 0.0366
2 0.8467 0.9689 0.1503 0.0429
2 0.8514 0.5392 0.1528 0.0352
3 0.7028 0.6449 0.1557 0.0344
3 0.7012 0.6083 0.1597 0.0356
2 0.5795 0.4213 0.0718 0.0352
3 0.4772 0.4157 0.1243 0.0369
3 0.7007 0.6823 0.1549 0.0352
2 0.5808 0.4584 0.0749 0.0363
3 0.5813 0.7184 0.0712 0.0358
3 0.3060 0.9355 0.0700 0.0310
3 0.6979 0.8255 0.1593 0.0335
3 0.9640 0.9328 0.0667 0.0345
3 0.4882 0.9333 0.1149 0.0341
1 0.7013 0.8956 0.1483 0.0331
3 0.1624 0.7131 0.1743 0.0320
2 0.6933 0.5357 0.1421 0.0334
2 0.8455 0.4289 0.1642 0.0343
2 0.4802 0.5673 0.1225 0.0357
2 0.6931 0.3883 0.1401 0.0424
3 0.1555 0.6004 0.1730 0.0338
3 0.6928 0.7535 0.1538 0.0334
3 0.3366 0.6377 0.1650 0.0358
2 0.6949 0.4232 0.1410 0.0357
3 0.5881 0.9315 0.0742 0.0329
2 0.8489 0.5028 0.1554 0.0346
3 0.8466 0.9284 0.1407 0.0329
3 0.3380 0.7147 0.1643 0.0336
3 0.5803 0.7544 0.0650 0.0342
3 0.3372 0.6770 0.1658 0.0350
3 0.4882 0.8247 0.1172 0.0322
3 0.6996 0.7185 0.1514 0.0367
2 0.4764 0.4561 0.1238 0.0371
3 0.5842 0.6438 0.0682 0.0335
1 0.4873 0.8987 0.1168 0.0307
1 0.3405 0.8609 0.1705 0.0315
1 0.3400 0.8991 0.1637 0.0337
3 0.3893 0.9359 0.0722 0.0353
2 0.4782 0.5304 0.1175 0.0342
3 0.3241 0.4109 0.1813 0.0392
2 0.6999 0.9699 0.1360 0.0417
3 0.5847 0.8616 0.0625 0.0345
1 0.1650 0.7885 0.1763 0.0337
3 0.1688 0.9376 0.1764 0.0364
2 0.1653 0.4873 0.1333 0.0370
1 0.4894 0.8630 0.1147 0.0329
2 0.6964 0.4996 0.1374 0.0356
1 0.8581 0.8599 0.1439 0.0316
2 0.5793 0.5328 0.0717 0.0332
3 0.5855 0.8251 0.0600 0.0329
3 0.5817 0.6068 0.0677 0.0343
1 0.8581 0.8947 0.1470 0.0310
2 0.1652 0.5599 0.1267 0.0380
2 0.4751 0.3790 0.1235 0.0442
3 0.3343 0.6032 0.1751 0.0375
3 0.4873 0.7531 0.1118 0.0370
2 0.8510 0.4662 0.1642 0.0375
3 0.4829 0.6411 0.1100 0.0326
2 0.3249 0.4903 0.1774 0.0373
2 0.3291 0.5278 0.1772 0.0355
3 0.8568 0.6123 0.1469 0.0346
3 0.8575 0.6827 0.1504 0.0320
2 0.4844 0.9746 0.1140 0.0460
2 0.8511 0.5739 0.1553 0.0340
3 0.5829 0.6805 0.0690 0.0332
3 0.5859 0.7895 0.0569 0.0366
3 0.3420 0.7884 0.1655 0.0317
1 0.1663 0.8622 0.1745 0.0322
2 0.3278 0.4508 0.1802 0.0388
3 0.1592 0.6375 0.1771 0.0317
2 0.1640 0.3676 0.1396 0.0424
3 0.8587 0.6481 0.1481 0.0340
2 0.3276 0.5640 0.1795 0.0368
2 0.1665 0.4460 0.1303 0.0367
