3 0.9486 0.7448 0.1027 0.0308
3 0.2465 0.9028 0.0827 0.0285
2 0.8227 0.5540 0.1205 0.0310
3 0.6773 0.9333 0.1612 0.0282
2 0.5266 0.9707 0.1111 0.0417
2 0.6614 0.6806 0.1768 0.0296
3 0.1343 0.9338 0.1330 0.0300
3 0.9515 0.8081 0.0970 0.0281
3 0.1326 0.9028 0.1345 0.0266
3 0.5207 0.8076 0.1202 0.0267
2 0.1114 0.5538 0.1186 0.0306
2 0.5055 0.5536 0.1112 0.0322
2 0.1201 0.6486 0.1106 0.0305
2 0.9318 0.6784 0.0900 0.0287
2 0.0164 0.5405 0.0329 0.0178
3 0.8233 0.7752 0.1262 0.0298
3 0.3676 0.7464 0.1650 0.0332
3 0.2451 0.8413 0.0859 0.0307
3 0.9527 0.9002 0.0946 0.0282
2 0.3557 0.5861 0.1694 0.0269
2 0.3631 0.7121 0.1724 0.0297
2 0.3620 0.6794 0.1635 0.0277
2 0.6619 0.7105 0.1781 0.0276
2 0.9324 0.7078 0.0946 0.0247
3 0.8292 0.8077 0.1249 0.0298
3 0.5163 0.7453 0.1232 0.0344
2 0.8210 0.5859 0.1222 0.0285
3 0.6715 0.8073 0.1584 0.0286
3 0.9515 0.7780 0.0971 0.0257
3 0.8315 0.8390 0.1270 0.0275
2 0.6592 0.5865 0.1773 0.0272
2 0.5105 0.6496 0.1183 0.0290
3 0.0185 0.5947 0.0360 0.0178
3 0.8311 0.8694 0.1339 0.0302
2 0.2255 0.6165 0.0913 0.0301
3 0.2438 0.9345 0.0825 0.0292
3 0.2305 0.7445 0.0915 0.0300
3 0.3783 0.9344 0.1752 0.0280
3 0.9491 0.9304 0.1019 0.0295
2 0.1154 0.6167 0.1160 0.0297
3 0.6768 0.9020 0.1606 0.0315
3 0.6693 0.7443 0.1623 0.0283
3 0.0308 0.7818 0.0575 0.0358
2 0.2278 0.6799 0.0936 0.0289
3 0.3737 0.8714 0.1701 0.0326
2 0.6603 0.6486 0.1751 0.0285
3 0.3701 0.8400 0.1629 0.0288
3 0.9519 0.8688 0.0963 0.0294
3 0.3767 0.9042 0.1735 0.0314
2 0.0171 0.5767 0.0343 0.0178
3 0.1303 0.8425 0.1343 0.0273
2 0.0170 0.5591 0.0340 0.0178
3 0.6742 0.8696 0.1690 0.0300
2 0.9460 0.9658 0.0871 0.0346
2 0.1246 0.6795 0.1013 0.0275
2 0.8191 0.6796 0.1248 0.0286
3 0.5193 0.7775 0.1225 0.0268
3 0.2346 0.8091 0.0870 0.0305
3 0.5279 0.9042 0.1238 0.0301
3 0.8326 0.8999 0.1365 0.0293
2 0.6745 0.9675 0.1619 0.0386
2 0.8315 0.9660 0.1360 0.0372
3 0.6730 0.8389 0.1626 0.0284
2 0.2279 0.7112 0.0951 0.0289
2 0.8220 0.6163 0.1211 0.0287
3 0.8289 0.9305 0.1345 0.0285
3 0.9516 0.8395 0.0969 0.0267
2 0.5061 0.5865 0.1143 0.0302
2 0.6526 0.5534 0.1781 0.0299
3 0.8223 0.7445 0.1255 0.0297
2 0.9417 0.5847 0.1066 0.0294
2 0.9374 0.6165 0.1054 0.0313
2 0.2248 0.5535 0.0968 0.0320
3 0.0180 0.6121 0.0360 0.0178
3 0.1313 0.8726 0.1357 0.0286
3 0.5224 0.8393 0.1237 0.0279
2 0.2275 0.5864 0.0952 0.0286
2 0.3576 0.6174 0.1666 0.0287
3 0.0317 0.8146 0.0625 0.0268
2 0.3808 0.9699 0.1697 0.0373
3 0.3717 0.8098 0.1668 0.0283
3 0.2346 0.7773 0.0868 0.0284
2 0.1152 0.5859 0.1229 0.0291
3 0.3694 0.7789 0.1647 0.0282
3 0.1253 0.8108 0.1237 0.0291
2 0.2264 0.6469 0.0934 0.0270
2 0.5089 0.6177 0.1197 0.0284
2 0.8203 0.7094 0.1251 0.0253
2 0.8230 0.6478 0.1196 0.0299
2 0.1222 0.7117 0.1070 0.0287
2 0.1373 0.9693 0.1128 0.0372
2 0.5089 0.6803 0.1189 0.0282
3 0.1235 0.7789 0.1245 0.0282
3 0.6695 0.7763 0.1608 0.0297
2 0.3596 0.6496 0.1636 0.0287
2 0.9409 0.5540 0.1035 0.0308
2 0.2441 0.9701 0.0881 0.0358
2 0.9362 0.6469 0.1009 0.0306
3 0.1194 0.7449 0.1275 0.0291
3 0.2454 0.8722 0.0820 0.0296
3 0.5259 0.8716 0.1243 0.0328
2 0.6590 0.6182 0.1779 0.0296
2 0.5134 0.7100 0.1197 0.0275
3 0.5291 0.9338 0.1231 0.0265
2 0.3538 0.5535 0.1696 0.0315
