3 0.3844 0.7350 0.0604 0.0372
3 0.5302 0.8467 0.0694 0.0340
3 0.2462 0.6583 0.0976 0.0349
2 0.9451 0.9613 0.0989 0.0352
3 0.0301 0.5894 0.0505 0.0331
3 0.0269 0.6642 0.0462 0.0353
3 0.0274 0.7014 0.0491 0.0364
3 0.6474 0.6106 0.0454 0.0335
2 0.5286 0.5393 0.0691 0.0388
3 0.3267 0.5804 0.0430 0.0345
3 0.7232 0.7281 0.0949 0.0347
2 0.0306 0.9713 0.0499 0.0384
3 0.2466 0.7349 0.0956 0.0341
3 0.7978 0.5733 0.0397 0.0343
3 0.7990 0.4927 0.0453 0.0345
3 0.0773 0.8151 0.0440 0.0339
3 0.9444 0.7301 0.0970 0.0353
3 0.9470 0.8419 0.0984 0.0359
3 0.8019 0.8045 0.0426 0.0337
3 0.3853 0.7732 0.0581 0.0325
3 0.4542 0.5778 0.0680 0.0350
3 0.3862 0.5793 0.0585 0.0343
3 0.3876 0.8107 0.0644 0.0324
3 0.9426 0.7637 0.0991 0.0385
2 0.9432 0.5337 0.0965 0.0370
3 0.2478 0.8887 0.0960 0.0339
3 0.3870 0.6181 0.0608 0.0349
3 0.4559 0.8878 0.0677 0.0366
3 0.3248 0.5026 0.0396 0.0323
3 0.2454 0.8111 0.0965 0.0346
3 0.0775 0.5881 0.0434 0.0368
3 0.7211 0.7671 0.0960 0.0355
3 0.3260 0.6567 0.0451 0.0345
3 0.5972 0.9234 0.0501 0.0368
3 0.5965 0.6906 0.0514 0.0378
2 0.0294 0.5534 0.0499 0.0384
3 0.7230 0.5729 0.0948 0.0356
3 0.3261 0.8108 0.0444 0.0356
3 0.2466 0.9308 0.1028 0.0397
3 0.7214 0.9237 0.0953 0.0356
3 0.1468 0.7412 0.0877 0.0358
3 0.0297 0.6260 0.0476 0.0361
3 0.8621 0.9623 0.0663 0.0381
3 0.2455 0.7727 0.0955 0.0343
3 0.7205 0.8442 0.0915 0.0342
3 0.6475 0.8857 0.0452 0.0383
3 0.7989 0.9227 0.0495 0.0369
2 0.7237 0.6520 0.0964 0.0383
3 0.0771 0.8903 0.0425 0.0341
3 0.5288 0.6161 0.0741 0.0325
3 0.3249 0.6179 0.0445 0.0331
2 0.6507 0.4950 0.0459 0.0342
2 0.2468 0.5477 0.1018 0.0336
3 0.0754 0.7008 0.0437 0.0348
2 0.5996 0.9592 0.0562 0.0278
3 0.3269 0.7726 0.0449 0.0348
3 0.3270 0.8864 0.0427 0.0330
3 0.9438 0.6895 0.1026 0.0412
3 0.5307 0.5787 0.0715 0.0328
3 0.3856 0.5403 0.0610 0.0357
3 0.6475 0.8477 0.0437 0.0390
3 0.8019 0.7265 0.0413 0.0339
3 0.3847 0.6944 0.0588 0.0319
3 0.4529 0.6939 0.0699 0.0377
3 0.8592 0.8823 0.0667 0.0353
3 0.8685 0.6497 0.0457 0.0344
3 0.9465 0.8810 0.0953 0.0353
3 0.1484 0.8164 0.0891 0.0366
3 0.1482 0.8544 0.0899 0.0362
3 0.5310 0.9249 0.0725 0.0361
3 0.8646 0.5722 0.0524 0.0360
2 0.5967 0.5378 0.0537 0.0366
3 0.8586 0.8046 0.0659 0.0348
3 0.8585 0.7669 0.0648 0.0322
3 0.8602 0.9218 0.0663 0.0381
3 0.4563 0.9260 0.0604 0.0327
3 0.3842 0.8879 0.0635 0.0353
3 0.7990 0.5329 0.0440 0.0352
3 0.1498 0.9277 0.0858 0.0337
2 0.7461 0.9600 0.0519 0.0339
3 0.0796 0.9302 0.0477 0.0358
3 0.3864 0.9284 0.0724 0.0333
3 0.8006 0.9621 0.0517 0.0332
3 0.3244 0.7337 0.0438 0.0335
3 0.7991 0.8819 0.0430 0.0328
3 0.8025 0.6880 0.0412 0.0341
3 0.5316 0.6926 0.0681 0.0336
2 0.6489 0.9590 0.0450 0.0290
3 0.5944 0.5741 0.0487 0.0348
3 0.1472 0.8922 0.0879 0.0360
3 0.3268 0.8477 0.0430 0.0331
2 0.6502 0.6523 0.0453 0.0378
3 0.5315 0.7315 0.0699 0.0340
3 0.2462 0.5822 0.0941 0.0340
2 0.7228 0.5349 0.0986 0.0367
2 0.4540 0.4985 0.0709 0.0363
3 0.3853 0.8484 0.0609 0.0325
3 0.6472 0.9244 0.0466 0.0351
2 0.0289 0.5137 0.0499 0.0384
3 0.2461 0.6196 0.0950 0.0337
3 0.3863 0.9714 0.0707 0.0449
3 0.0286 0.7778 0.0485 0.0374
3 0.9476 0.8033 0.0980 0.0360
3 0.1486 0.6241 0.0947 0.0345
2 0.1485 0.5497 0.0908 0.0380
3 0.1463 0.6630 0.0885 0.0358
3 0.2472 0.8497 0.0948 0.0334
2 0.0776 0.5117 0.0441 0.0380
3 0.6481 0.7307 0.0439 0.0372
3 0.3838 0.6578 0.0596 0.0345
2 0.6947 0.9599 0.0392 0.0316
3 0.0775 0.8520 0.0436 0.0342
3 0.0760 0.7392 0.0458 0.0349
3 0.4541 0.8108 0.0662 0.0371
3 0.8570 0.6905 0.0576 0.0359
3 0.8007 0.6491 0.0435 0.0338
2 0.5285 0.5000 0.0700 0.0362
3 0.8584 0.8443 0.0651 0.0352
3 0.8003 0.6089 0.0435 0.0331
3 0.1467 0.7028 0.0896 0.0360
3 0.8671 0.4926 0.0522 0.0365
3 0.9448 0.5713 0.0966 0.0340
2 0.4547 0.5397 0.0714 0.0410
3 0.3256 0.9666 0.0437 0.0358
3 0.9436 0.6098 0.1019 0.0360
3 0.5965 0.7284 0.0497 0.0333
3 0.5940 0.6115 0.0464 0.0333
3 0.5318 0.8843 0.0661 0.0326
3 0.5962 0.8826 0.0496 0.0345
2 0.7262 0.4962 0.0956 0.0368
3 0.7232 0.6886 0.0958 0.0367
3 0.7215 0.6110 0.0968 0.0358
3 0.7224 0.8847 0.0953 0.0358
3 0.5969 0.8443 0.0522 0.0348
3 0.7992 0.8428 0.0431 0.0331
2 0.5954 0.6516 0.0548 0.0355
2 0.5315 0.9533 0.0725 0.0156
3 0.4544 0.6147 0.0664 0.0339
3 0.3245 0.6947 0.0417 0.0329
3 0.8657 0.5320 0.0522 0.0336
3 0.6475 0.8079 0.0449 0.0385
3 0.3252 0.5413 0.0431 0.0344
2 0.9443 0.6457 0.1026 0.0412
3 0.4551 0.8507 0.0665 0.0409
3 0.1511 0.9641 0.0829 0.0335
2 0.9446 0.4933 0.0995 0.0412
3 0.5303 0.8070 0.0736 0.0321
3 0.5961 0.7668 0.0531 0.0355
3 0.8583 0.7309 0.0607 0.0315
2 0.5981 0.4985 0.0536 0.0370
3 0.6466 0.7690 0.0438 0.0378
3 0.8008 0.7659 0.0401 0.0327
3 0.4542 0.6532 0.0681 0.0367
3 0.6477 0.6925 0.0433 0.0361
3 0.5319 0.7697 0.0679 0.0363
3 0.3845 0.5031 0.0610 0.0357
3 0.1474 0.5884 0.0894 0.0353
2 0.0777 0.5514 0.0441 0.0380
3 0.5308 0.6534 0.0710 0.0358
3 0.0756 0.6243 0.0443 0.0350
3 0.6475 0.5749 0.0459 0.0348
3 0.0285 0.8914 0.0497 0.0351
3 0.4543 0.7710 0.0650 0.0387
3 0.5952 0.8055 0.0504 0.0349
3 0.0761 0.6642 0.0458 0.0365
3 0.2436 0.6971 0.1006 0.0346
3 0.8625 0.6113 0.0599 0.0356
2 0.6503 0.5359 0.0453 0.0377
3 0.0292 0.9321 0.0483 0.0373
3 0.0769 0.7767 0.0450 0.0363
2 0.4570 0.9700 0.0692 0.0424
3 0.4541 0.7328 0.0629 0.0360
3 0.0276 0.8529 0.0464 0.0340
3 0.0279 0.7396 0.0490 0.0345
2 0.0820 0.9695 0.0499 0.0384
3 0.3254 0.9269 0.0437 0.0358
3 0.2516 0.9648 0.1028 0.0203
3 0.0268 0.8155 0.0487 0.0346
3 0.9484 0.9244 0.0954 0.0440
2 0.2455 0.5082 0.1003 0.0367
3 0.7222 0.8047 0.0913 0.0349
2 0.1467 0.5093 0.0892 0.0416
3 0.1484 0.7783 0.0903 0.0367
