2 0.9854 0.3385 0.0292 0.0596
2 0.9688 0.1126 0.0624 0.0797
2 0.7931 0.3415 0.0429 0.1306
2 0.8518 0.2495 0.1317 0.1893
2 0.7726 0.5144 0.0959 0.0769
2 0.7357 0.3680 0.0831 0.0645
2 0.4563 0.3102 0.1179 0.0552
2 0.0816 0.3723 0.1054 0.0644
2 0.0543 0.4375 0.1084 0.0660
2 0.8120 0.4076 0.0567 0.1344
2 0.8369 0.4908 0.0710 0.1283
2 0.0222 0.3713 0.0444 0.0679
2 0.8250 0.7371 0.1308 0.1614
3 0.4406 0.5980 0.1478 0.0930
3 0.7924 0.6037 0.1063 0.0914
3 0.9371 0.5565 0.1246 0.2020
3 0.8474 0.5973 0.0672 0.1173
2 0.8928 0.7372 0.0908 0.1623
2 0.5759 0.3664 0.1238 0.0642
2 0.0956 0.7254 0.1057 0.1504
3 0.2817 0.5998 0.1921 0.0939
3 0.0632 0.5980 0.1115 0.0897
2 0.0414 0.5117 0.0813 0.0809
2 0.7472 0.2403 0.0366 0.0893
2 0.5979 0.6021 0.1654 0.0939
3 0.3065 0.4341 0.1747 0.0679
2 0.5848 0.4341 0.1408 0.0701
2 0.1721 0.5116 0.0976 0.0826
2 0.1984 0.4336 0.0908 0.0690
2 0.1322 0.4353 0.0925 0.0679
2 0.6110 0.7339 0.1883 0.1651
2 0.4308 0.7299 0.1739 0.1549
2 0.1517 0.3719 0.0908 0.0611
2 0.2494 0.2616 0.0696 0.0554
2 0.5701 0.2541 0.1122 0.0616
2 0.1131 0.2629 0.1239 0.0545
2 0.0279 0.3133 0.0559 0.0540
2 0.5754 0.3113 0.1213 0.0520
3 0.3192 0.3674 0.1595 0.0588
3 0.1466 0.5991 0.0985 0.0897
2 0.5915 0.5111 0.1493 0.0814
2 0.9685 0.2717 0.0630 0.0725
2 0.9515 0.7277 0.0970 0.2107
2 0.7328 0.7311 0.1099 0.1629
2 0.7664 0.2942 0.0366 0.0893
2 0.7124 0.6027 0.0925 0.0927
2 0.7217 0.3086 0.0704 0.0520
2 0.6857 0.4341 0.0746 0.0724
2 0.1732 0.3139 0.0814 0.0532
2 0.2324 0.3120 0.0696 0.0554
2 0.6721 0.3683 0.0679 0.0611
2 0.9467 0.1880 0.1065 0.0933
3 0.3398 0.2615 0.1434 0.0452
2 0.9105 0.1139 0.1234 0.0814
2 0.4499 0.4353 0.1289 0.0724
2 0.0957 0.3132 0.1239 0.0545
2 0.8146 0.1978 0.0758 0.1376
2 0.4537 0.3674 0.1213 0.0633
2 0.7908 0.1504 0.0758 0.1376
2 0.1922 0.2618 0.0781 0.0542
2 0.6627 0.3089 0.0645 0.0532
2 0.2162 0.3697 0.0755 0.0543
2 0.1008 0.5122 0.1060 0.0792
2 0.4622 0.2559 0.1062 0.0552
2 0.7519 0.4347 0.0882 0.0735
2 0.9524 0.0393 0.0952 0.0787
2 0.9214 0.4181 0.1572 0.2196
2 0.8856 0.3254 0.1405 0.2100
3 0.2913 0.5105 0.1900 0.0803
2 0.6522 0.2528 0.0611 0.0673
3 0.2467 0.7299 0.2384 0.1617
3 0.3290 0.3097 0.1535 0.0543
2 0.0171 0.5992 0.0343 0.0947
2 0.6980 0.5144 0.0840 0.0814
2 0.4473 0.5122 0.1374 0.0814
2 0.7091 0.2508 0.0709 0.0673
2 0.8784 0.0445 0.1081 0.0814
2 0.0487 0.7242 0.0933 0.1572
2 0.0406 0.2620 0.0812 0.0545
