2 0.6555 0.6730 0.0221 0.0210
2 0.6554 0.6915 0.0204 0.0195
2 0.7049 0.6717 0.0216 0.0592
2 0.6781 0.6962 0.0095 0.0426
2 0.6883 0.6872 0.0118 0.0465
2 0.6062 0.8847 0.0086 0.0074
2 0.5930 0.8885 0.0185 0.0134
2 0.3803 0.6338 0.0124 0.0199
2 0.3350 0.7389 0.0063 0.0409
2 0.3029 0.6635 0.0122 0.0542
2 0.3322 0.8053 0.0058 0.0371
2 0.2989 0.7466 0.0130 0.0476
2 0.3297 0.8773 0.0066 0.0348
2 0.2805 0.8819 0.0124 0.0491
2 0.3705 0.5757 0.0121 0.0192
2 0.3993 0.5761 0.0217 0.0199
2 0.4257 0.6713 0.0138 0.0197
2 0.4123 0.7114 0.0126 0.0212
2 0.3657 0.7107 0.0129 0.0202
2 0.1653 0.8800 0.0596 0.0493
2 0.2089 0.9373 0.0465 0.0663
2 0.5326 0.8909 0.0245 0.0160
2 0.2135 0.8798 0.0452 0.0488
2 0.5573 0.8895 0.0252 0.0154
2 0.1440 0.6041 0.0376 0.0425
2 0.4080 0.8895 0.0113 0.0119
3 0.9370 0.7363 0.0375 0.0430
2 0.4380 0.8891 0.0188 0.0115
2 0.4210 0.8894 0.0145 0.0117
3 0.4895 0.6718 0.0147 0.0216
3 0.4892 0.6914 0.0145 0.0193
3 0.4893 0.7303 0.0151 0.0205
3 0.4888 0.7102 0.0145 0.0183
2 0.0917 0.7361 0.0524 0.0467
3 0.4744 0.7296 0.0148 0.0193
3 0.4883 0.7697 0.0147 0.0209
3 0.4889 0.7498 0.0143 0.0205
2 0.0358 0.6496 0.0348 0.0435
3 0.4733 0.8305 0.0157 0.0197
3 0.4739 0.7698 0.0150 0.0203
3 0.8196 0.7380 0.0497 0.0447
3 0.4882 0.8109 0.0143 0.0216
3 0.8608 0.7804 0.0353 0.0468
2 0.1366 0.6913 0.0379 0.0462
2 0.3436 0.8876 0.0212 0.0101
2 0.3730 0.8889 0.0136 0.0115
2 0.3599 0.8882 0.0120 0.0109
3 0.4080 0.8739 0.0115 0.0200
3 0.4214 0.8733 0.0150 0.0202
3 0.4881 0.8307 0.0150 0.0197
3 0.3730 0.8725 0.0136 0.0207
3 0.5330 0.7303 0.0237 0.0218
3 0.3435 0.8722 0.0218 0.0219
3 0.3607 0.8526 0.0137 0.0202
3 0.3914 0.8528 0.0242 0.0207
3 0.3732 0.8526 0.0140 0.0197
3 0.5080 0.8309 0.0253 0.0201
2 0.2260 0.6915 0.0415 0.0446
3 0.4212 0.8527 0.0157 0.0215
3 0.4378 0.8521 0.0192 0.0212
3 0.4562 0.8526 0.0189 0.0212
3 0.4222 0.8320 0.0148 0.0200
3 0.4386 0.8319 0.0189 0.0202
2 0.2676 0.6473 0.0413 0.0441
3 0.3743 0.8319 0.0135 0.0222
3 0.3621 0.8107 0.0130 0.0207
3 0.3616 0.8317 0.0135 0.0219
2 0.1894 0.5601 0.0521 0.0446
3 0.3746 0.8108 0.0136 0.0210
3 0.4225 0.8114 0.0152 0.0202
3 0.4096 0.8114 0.0123 0.0202
3 0.4387 0.8114 0.0189 0.0202
3 0.4393 0.7908 0.0193 0.0205
2 0.2371 0.5171 0.0410 0.0382
3 0.4234 0.7912 0.0147 0.0207
3 0.4397 0.7716 0.0187 0.0210
3 0.4235 0.7706 0.0149 0.0214
3 0.3755 0.7904 0.0132 0.0202
3 0.3472 0.7705 0.0207 0.0212
2 0.0742 0.5203 0.0268 0.0393
3 0.3630 0.7906 0.0132 0.0210
3 0.3465 0.7909 0.0211 0.0202
3 0.3938 0.7510 0.0223 0.0182
3 0.3929 0.7708 0.0227 0.0205
3 0.3644 0.7503 0.0131 0.0192
3 0.3486 0.7313 0.0209 0.0197
3 0.3485 0.7503 0.0209 0.0192
3 0.4588 0.6919 0.0180 0.0175
3 0.3941 0.7311 0.0230 0.0200
3 0.4240 0.7311 0.0141 0.0210
3 0.3958 0.6919 0.0231 0.0200
3 0.3499 0.6912 0.0222 0.0205
3 0.3665 0.6916 0.0139 0.0197
3 0.4255 0.6913 0.0148 0.0202
3 0.4411 0.6922 0.0185 0.0195
3 0.4402 0.7311 0.0192 0.0195
3 0.3647 0.7314 0.0140 0.0195
3 0.3769 0.7501 0.0130 0.0205
3 0.3636 0.7702 0.0131 0.0207
3 0.3931 0.7908 0.0236 0.0205
3 0.3783 0.6924 0.0130 0.0180
3 0.4105 0.7917 0.0119 0.0197
3 0.4570 0.8115 0.0194 0.0214
3 0.3921 0.8111 0.0235 0.0202
3 0.3450 0.8315 0.0218 0.0219
2 0.2637 0.7371 0.0424 0.0468
3 0.3920 0.8315 0.0240 0.0209
3 0.4092 0.8317 0.0122 0.0205
3 0.4570 0.8319 0.0184 0.0207
3 0.4082 0.8528 0.0130 0.0202
3 0.3442 0.8518 0.0214 0.0207
3 0.3909 0.8731 0.0231 0.0210
3 0.4563 0.8733 0.0185 0.0178
2 0.3911 0.8894 0.0222 0.0109
3 0.4734 0.8725 0.0154 0.0215
2 0.5767 0.8885 0.0144 0.0138
2 0.7240 0.6567 0.0179 0.0577
2 0.6695 0.7036 0.0078 0.0385
2 0.5913 0.6710 0.0179 0.0216
2 0.5331 0.6711 0.0236 0.0201
2 0.5506 0.7097 0.0120 0.0198
2 0.5627 0.7502 0.0135 0.0210
2 0.6563 0.7513 0.0214 0.0178
2 0.7043 0.6335 0.0221 0.0634
2 0.7233 0.6140 0.0168 0.0592
2 0.6868 0.6162 0.0117 0.0506
2 0.7021 0.5585 0.0219 0.0666
2 0.6760 0.5943 0.0096 0.0441
2 0.6674 0.6062 0.0064 0.0406
2 0.6670 0.5754 0.0065 0.0435
2 0.6753 0.5621 0.0098 0.0465
2 0.6854 0.5477 0.0112 0.0521
2 0.6666 0.5439 0.0067 0.0414
2 0.6657 0.5130 0.0067 0.0447
2 0.6653 0.4846 0.0072 0.0406
2 0.6743 0.5297 0.0093 0.0491
2 0.6738 0.4989 0.0092 0.0521
2 0.6730 0.4686 0.0095 0.0453
2 0.6847 0.5133 0.0112 0.0506
2 0.6826 0.4479 0.0106 0.0494
2 0.6994 0.4507 0.0199 0.0710
2 0.7197 0.4924 0.0171 0.0651
2 0.7182 0.4528 0.0182 0.0687
2 0.7179 0.4141 0.0184 0.0684
2 0.7164 0.3778 0.0185 0.0690
2 0.7712 0.4033 0.0255 0.0414
2 0.8054 0.4066 0.0457 0.0421
2 0.8071 0.4448 0.0471 0.0432
2 0.7718 0.4432 0.0254 0.0435
2 0.8424 0.4088 0.0313 0.0405
2 0.7750 0.5239 0.0266 0.0422
2 0.7735 0.4821 0.0268 0.0436
2 0.8102 0.5262 0.0464 0.0432
2 0.8444 0.4467 0.0320 0.0418
2 0.8458 0.4870 0.0318 0.0443
2 0.8478 0.5277 0.0318 0.0415
2 0.8498 0.5671 0.0334 0.0443
2 0.8799 0.4107 0.0464 0.0422
2 0.9178 0.4140 0.0338 0.0439
3 0.3759 0.7707 0.0128 0.0197
2 0.9201 0.4531 0.0347 0.0432
2 0.9271 0.5713 0.0377 0.0422
2 0.8857 0.5291 0.0469 0.0394
2 0.9249 0.5309 0.0355 0.0415
3 0.7556 0.7836 0.0361 0.0464
3 0.7540 0.7372 0.0355 0.0464
3 0.7571 0.8302 0.0368 0.0485
3 0.7875 0.8287 0.0297 0.0447
3 0.7857 0.7833 0.0279 0.0460
3 0.7836 0.7367 0.0282 0.0464
3 0.7819 0.6933 0.0284 0.0464
3 0.8173 0.6937 0.0481 0.0447
3 0.8561 0.6941 0.0353 0.0447
3 0.8947 0.6941 0.0490 0.0439
3 0.9346 0.6941 0.0375 0.0422
3 0.9653 0.6935 0.0328 0.0426
3 0.9681 0.7348 0.0308 0.0435
3 0.9701 0.7760 0.0308 0.0405
3 0.4576 0.7913 0.0185 0.0214
3 0.9720 0.8184 0.0302 0.0426
3 0.9730 0.8616 0.0286 0.0413
3 0.4577 0.7712 0.0184 0.0212
3 0.9437 0.8660 0.0330 0.0451
3 0.9399 0.7789 0.0366 0.0413
3 0.9053 0.8679 0.0499 0.0447
3 0.9030 0.8249 0.0501 0.0439
3 0.8665 0.8719 0.0361 0.0485
3 0.8639 0.8243 0.0375 0.0443
3 0.8582 0.7380 0.0350 0.0439
3 0.8221 0.7814 0.0488 0.0481
3 0.8245 0.8276 0.0506 0.0451
3 0.8255 0.8734 0.0512 0.0481
3 0.6698 0.7372 0.0087 0.0373
3 0.6786 0.7328 0.0096 0.0425
3 0.6892 0.7256 0.0118 0.0457
3 0.7055 0.7132 0.0216 0.0538
3 0.7253 0.7007 0.0176 0.0569
3 0.7271 0.7418 0.0187 0.0500
3 0.7286 0.7861 0.0179 0.0492
3 0.7299 0.8316 0.0176 0.0489
3 0.7313 0.8759 0.0181 0.0461
3 0.7111 0.8724 0.0246 0.0390
3 0.6933 0.8727 0.0127 0.0376
3 0.6823 0.8713 0.0100 0.0320
3 0.6734 0.8711 0.0083 0.0309
3 0.7099 0.8323 0.0227 0.0467
3 0.6929 0.8360 0.0126 0.0415
3 0.6815 0.8364 0.0109 0.0380
3 0.6726 0.8390 0.0087 0.0362
3 0.7090 0.7919 0.0235 0.0489
3 0.6912 0.7982 0.0126 0.0446
3 0.6809 0.8017 0.0105 0.0383
3 0.6722 0.8042 0.0085 0.0390
3 0.7074 0.7518 0.0231 0.0517
3 0.6903 0.7611 0.0122 0.0429
3 0.6800 0.7671 0.0098 0.0408
3 0.6710 0.7706 0.0079 0.0351
3 0.6554 0.7109 0.0209 0.0225
3 0.6560 0.7314 0.0205 0.0228
3 0.6566 0.7699 0.0211 0.0204
3 0.6567 0.7893 0.0213 0.0183
3 0.6576 0.8086 0.0207 0.0232
3 0.6584 0.8288 0.0213 0.0207
3 0.6583 0.8494 0.0211 0.0218
3 0.6582 0.8689 0.0213 0.0214
3 0.6243 0.6718 0.0140 0.0202
3 0.6380 0.6720 0.0136 0.0208
3 0.6251 0.6919 0.0147 0.0202
3 0.6384 0.6918 0.0131 0.0205
3 0.6252 0.7105 0.0146 0.0206
3 0.6387 0.7113 0.0131 0.0205
3 0.6254 0.7292 0.0141 0.0211
3 0.6390 0.7305 0.0135 0.0206
3 0.6254 0.7486 0.0152 0.0189
3 0.6391 0.7497 0.0131 0.0206
3 0.6089 0.6911 0.0178 0.0184
3 0.5910 0.6914 0.0179 0.0192
3 0.5758 0.6917 0.0131 0.0186
3 0.5626 0.6922 0.0131 0.0191
3 0.5626 0.7113 0.0134 0.0205
3 0.5914 0.7116 0.0175 0.0215
3 0.5758 0.7113 0.0137 0.0219
3 0.6088 0.7109 0.0180 0.0203
3 0.6090 0.7305 0.0179 0.0189
3 0.5914 0.7305 0.0180 0.0191
3 0.5757 0.7309 0.0132 0.0188
3 0.5627 0.7301 0.0134 0.0192
3 0.6393 0.7695 0.0144 0.0212
3 0.6093 0.7698 0.0176 0.0206
3 0.6251 0.7690 0.0146 0.0223
3 0.5915 0.7705 0.0182 0.0203
3 0.6257 0.7897 0.0150 0.0205
3 0.6397 0.7903 0.0142 0.0203
3 0.6259 0.8088 0.0151 0.0209
3 0.6403 0.8097 0.0143 0.0196
3 0.6262 0.8296 0.0152 0.0206
3 0.6405 0.8297 0.0142 0.0215
3 0.6094 0.7895 0.0180 0.0199
3 0.5919 0.7897 0.0183 0.0198
3 0.5920 0.8095 0.0180 0.0209
3 0.6096 0.8100 0.0177 0.0210
3 0.6098 0.8296 0.0178 0.0205
3 0.5922 0.8302 0.0181 0.0211
3 0.5758 0.7702 0.0134 0.0192
3 0.5628 0.7706 0.0137 0.0191
3 0.5502 0.7704 0.0114 0.0196
3 0.5504 0.7902 0.0117 0.0213
3 0.5628 0.7904 0.0137 0.0209
3 0.5761 0.7901 0.0134 0.0208
3 0.5763 0.8097 0.0139 0.0211
3 0.5625 0.8105 0.0145 0.0203
3 0.5505 0.8105 0.0115 0.0201
3 0.3456 0.8109 0.0214 0.0207
3 0.5629 0.8305 0.0140 0.0208
3 0.5505 0.8308 0.0117 0.0210
3 0.5764 0.8305 0.0140 0.0208
3 0.5505 0.8512 0.0115 0.0216
3 0.5502 0.8715 0.0116 0.0212
3 0.5627 0.8712 0.0134 0.0206
3 0.5628 0.8509 0.0136 0.0203
3 0.5765 0.8507 0.0132 0.0209
3 0.5765 0.8714 0.0137 0.0203
3 0.5924 0.8716 0.0188 0.0210
3 0.5922 0.8505 0.0181 0.0206
3 0.6102 0.8501 0.0181 0.0202
3 0.6266 0.8497 0.0153 0.0205
3 0.6409 0.8498 0.0143 0.0201
3 0.6107 0.8707 0.0181 0.0209
3 0.6268 0.8702 0.0155 0.0212
3 0.6410 0.8704 0.0135 0.0215
3 0.6271 0.8895 0.0154 0.0167
3 0.6413 0.8888 0.0133 0.0161
3 0.6586 0.8871 0.0213 0.0147
3 0.5326 0.8723 0.0234 0.0212
3 0.5080 0.8724 0.0253 0.0214
3 0.4883 0.8724 0.0149 0.0214
3 0.4878 0.8914 0.0141 0.0167
3 0.5076 0.8918 0.0251 0.0171
3 0.4726 0.8915 0.0155 0.0185
3 0.4516 0.8893 0.0081 0.0132
3 0.4736 0.8511 0.0154 0.0218
3 0.4884 0.8509 0.0150 0.0218
3 0.5084 0.8510 0.0253 0.0220
3 0.5326 0.8513 0.0237 0.0214
3 0.5324 0.8310 0.0241 0.0216
3 0.5326 0.8109 0.0240 0.0203
3 0.5326 0.7901 0.0240 0.0203
3 0.5329 0.7704 0.0240 0.0207
3 0.5082 0.7707 0.0250 0.0193
3 0.5080 0.7905 0.0249 0.0212
3 0.9412 0.8224 0.0361 0.0439
3 0.7512 0.6946 0.0370 0.0481
3 0.4579 0.7319 0.0189 0.0210
3 0.7902 0.8742 0.0295 0.0472
3 0.7590 0.8764 0.0375 0.0489
2 0.8878 0.5683 0.0469 0.0425
3 0.5091 0.7304 0.0249 0.0218
3 0.4737 0.8110 0.0152 0.0205
2 0.8840 0.4893 0.0475 0.0432
3 0.4738 0.7903 0.0143 0.0201
3 0.4743 0.7500 0.0151 0.0201
3 0.4743 0.7102 0.0140 0.0195
3 0.4747 0.6717 0.0141 0.0218
3 0.4748 0.6917 0.0143 0.0187
3 0.5091 0.6912 0.0253 0.0193
3 0.5333 0.6908 0.0234 0.0193
3 0.5505 0.6908 0.0116 0.0189
2 0.9218 0.4915 0.0359 0.0429
3 0.3772 0.7309 0.0127 0.0195
2 0.6091 0.7500 0.0171 0.0198
3 0.8973 0.7380 0.0481 0.0464
2 0.0457 0.5208 0.0340 0.0419
2 0.1100 0.5203 0.0493 0.0404
2 0.1511 0.5190 0.0362 0.0388
2 0.1929 0.5190 0.0513 0.0377
2 0.2756 0.5174 0.0404 0.0400
2 0.2728 0.5599 0.0399 0.0459
2 0.2340 0.5595 0.0410 0.0447
2 0.1471 0.5616 0.0359 0.0456
2 0.1065 0.5630 0.0513 0.0472
2 0.0694 0.5664 0.0307 0.0488
2 0.0420 0.5664 0.0349 0.0477
2 0.0391 0.6059 0.0340 0.0409
2 0.0666 0.6070 0.0273 0.0398
2 0.1026 0.6051 0.0524 0.0403
2 0.1864 0.6038 0.0532 0.0419
2 0.2317 0.6027 0.0413 0.0409
2 0.2705 0.6033 0.0399 0.0398
2 0.2651 0.6910 0.0413 0.0446
2 0.2200 0.7846 0.0440 0.0472
2 0.2233 0.7377 0.0418 0.0478
2 0.2280 0.6473 0.0424 0.0451
2 0.1834 0.6462 0.0558 0.0441
2 0.1793 0.6926 0.0552 0.0446
2 0.1763 0.7379 0.0566 0.0441
2 0.1728 0.7849 0.0558 0.0467
2 0.1292 0.7843 0.0387 0.0467
2 0.1327 0.7377 0.0385 0.0467
2 0.1404 0.6467 0.0382 0.0430
2 0.0993 0.6483 0.0524 0.0462
2 0.0626 0.6481 0.0304 0.0435
2 0.0332 0.6923 0.0329 0.0441
2 0.0597 0.6918 0.0268 0.0441
2 0.0952 0.6921 0.0516 0.0446
2 0.0878 0.7830 0.0524 0.0472
2 0.0554 0.7371 0.0293 0.0446
2 0.0516 0.7833 0.0284 0.0478
2 0.0257 0.7806 0.0296 0.0456
2 0.0293 0.7363 0.0329 0.0441
2 0.0240 0.8260 0.0301 0.0493
3 0.8997 0.7812 0.0492 0.0485
2 0.0484 0.8270 0.0276 0.0482
2 0.0839 0.8294 0.0513 0.0477
2 0.0809 0.8761 0.0518 0.0466
2 0.0784 0.9320 0.0485 0.0642
2 0.0469 0.8724 0.0251 0.0445
2 0.0439 0.9211 0.0237 0.0520
2 0.0215 0.9190 0.0229 0.0584
2 0.0227 0.8723 0.0254 0.0456
2 0.2576 0.8318 0.0446 0.0504
2 0.2541 0.8819 0.0443 0.0520
2 0.2512 0.9402 0.0440 0.0679
2 0.1604 0.9376 0.0599 0.0679
2 0.1167 0.9352 0.0399 0.0695
2 0.2174 0.8305 0.0463 0.0509
2 0.1688 0.8307 0.0583 0.0504
2 0.1242 0.8299 0.0404 0.0498
2 0.1207 0.8782 0.0418 0.0488
2 0.4160 0.5765 0.0116 0.0205
2 0.4152 0.5956 0.0120 0.0187
2 0.4145 0.6149 0.0122 0.0205
2 0.4143 0.6341 0.0124 0.0184
2 0.4137 0.6525 0.0125 0.0194
2 0.4130 0.6725 0.0129 0.0210
2 0.4126 0.6919 0.0122 0.0194
2 0.4118 0.7318 0.0126 0.0194
3 0.4112 0.7504 0.0121 0.0199
2 0.4106 0.7706 0.0113 0.0205
2 0.3780 0.7109 0.0129 0.0197
2 0.3950 0.7112 0.0223 0.0202
2 0.3961 0.6719 0.0233 0.0194
2 0.3794 0.6723 0.0125 0.0207
2 0.3672 0.6717 0.0125 0.0194
2 0.3508 0.6709 0.0222 0.0194
2 0.3514 0.6525 0.0220 0.0189
2 0.3676 0.6528 0.0130 0.0194
2 0.3798 0.6526 0.0132 0.0192
2 0.3967 0.6526 0.0218 0.0187
2 0.4248 0.7121 0.0145 0.0199
2 0.4407 0.7111 0.0185 0.0179
2 0.4583 0.7107 0.0176 0.0197
2 0.4589 0.6717 0.0176 0.0220
2 0.4412 0.6716 0.0180 0.0212
2 0.3972 0.6337 0.0226 0.0207
2 0.3979 0.6143 0.0223 0.0197
2 0.3987 0.5960 0.0219 0.0184
2 0.3825 0.5771 0.0124 0.0199
2 0.3817 0.5960 0.0124 0.0189
2 0.3812 0.6145 0.0126 0.0197
2 0.3684 0.6333 0.0125 0.0199
2 0.3692 0.6145 0.0124 0.0176
2 0.3700 0.5959 0.0128 0.0187
2 0.3539 0.5759 0.0222 0.0197
2 0.3540 0.5959 0.0210 0.0192
2 0.3530 0.6149 0.0210 0.0194
2 0.3520 0.6340 0.0214 0.0192
2 0.4242 0.7503 0.0144 0.0181
2 0.4397 0.7508 0.0176 0.0178
2 0.4577 0.7503 0.0181 0.0181
2 0.2837 0.8336 0.0133 0.0481
2 0.2861 0.7855 0.0128 0.0476
2 0.2924 0.8808 0.0136 0.0455
2 0.3067 0.8770 0.0184 0.0378
2 0.3211 0.8773 0.0131 0.0384
2 0.3306 0.8414 0.0079 0.0366
2 0.3227 0.8397 0.0141 0.0389
2 0.3088 0.8365 0.0195 0.0433
2 0.2946 0.8344 0.0143 0.0468
2 0.2969 0.7896 0.0136 0.0476
2 0.3100 0.7960 0.0186 0.0460
2 0.3246 0.8020 0.0136 0.0391
2 0.2903 0.6954 0.0113 0.0529
2 0.3008 0.7057 0.0114 0.0496
2 0.2882 0.7406 0.0129 0.0514
2 0.3119 0.7547 0.0165 0.0514
2 0.3256 0.7639 0.0122 0.0473
2 0.3336 0.7668 0.0059 0.0466
2 0.3268 0.7286 0.0121 0.0417
2 0.3141 0.7157 0.0160 0.0512
2 0.2922 0.6519 0.0122 0.0535
2 0.3154 0.6775 0.0163 0.0596
2 0.3289 0.6945 0.0122 0.0522
2 0.3361 0.7018 0.0043 0.0402
2 0.3379 0.6679 0.0058 0.0338
2 0.3174 0.6394 0.0156 0.0534
2 0.3045 0.6222 0.0125 0.0514
2 0.2946 0.6097 0.0100 0.0509
2 0.3391 0.6346 0.0065 0.0378
2 0.3311 0.6234 0.0117 0.0496
2 0.3188 0.6017 0.0168 0.0634
2 0.3067 0.5815 0.0129 0.0578
2 0.2985 0.5264 0.0103 0.0420
2 0.3078 0.5472 0.0118 0.0445
2 0.3209 0.5684 0.0151 0.0560
2 0.3398 0.6009 0.0068 0.0380
2 0.2925 0.9491 0.0588 0.0631
2 0.3553 0.9517 0.0672 0.0610
2 0.4599 0.9509 0.0585 0.0636
2 0.5180 0.9501 0.0577 0.0663
2 0.5748 0.9475 0.0563 0.0663
2 0.6850 0.9430 0.0549 0.0636
2 0.7300 0.9414 0.0373 0.0636
2 0.7644 0.9329 0.0315 0.0700
2 0.7923 0.9303 0.0287 0.0626
2 0.8299 0.9289 0.0516 0.0620
2 0.8697 0.9276 0.0351 0.0636
2 0.9088 0.9213 0.0482 0.0625
2 0.9467 0.9186 0.0315 0.0636
2 0.9637 0.6523 0.0321 0.0427
2 0.9315 0.6523 0.0362 0.0434
2 0.8917 0.6515 0.0476 0.0435
2 0.8153 0.6501 0.0480 0.0464
2 0.7796 0.6484 0.0277 0.0453
2 0.7499 0.6488 0.0337 0.0438
2 0.7475 0.5643 0.0337 0.0437
2 0.7469 0.5223 0.0344 0.0437
2 0.7452 0.4808 0.0327 0.0429
2 0.7438 0.4397 0.0332 0.0420
2 0.7431 0.3997 0.0332 0.0406
2 0.7417 0.3621 0.0328 0.0371
2 0.7692 0.3632 0.0260 0.0367
2 0.8409 0.3699 0.0318 0.0384
2 0.8781 0.3723 0.0460 0.0406
2 0.9160 0.3761 0.0348 0.0402
2 0.9491 0.4160 0.0327 0.0433
2 0.9510 0.4554 0.0328 0.0424
2 0.9532 0.4956 0.0325 0.0424
2 0.9582 0.5733 0.0314 0.0424
2 0.9607 0.6111 0.0323 0.0384
2 0.9298 0.6102 0.0374 0.0429
2 0.8516 0.6082 0.0321 0.0415
2 0.8137 0.6071 0.0453 0.0393
2 0.7780 0.6060 0.0251 0.0415
2 0.7772 0.5649 0.0262 0.0406
2 0.8116 0.5654 0.0476 0.0442
2 0.8816 0.4508 0.0460 0.0422
2 0.9565 0.5342 0.0328 0.0384
2 0.8896 0.6080 0.0476 0.0420
2 0.8042 0.3668 0.0453 0.0376
2 0.9475 0.3791 0.0314 0.0402
2 0.9748 0.9154 0.0268 0.0679
2 0.7492 0.6057 0.0350 0.0423
2 0.8534 0.6508 0.0329 0.0449
3 0.5080 0.8108 0.0258 0.0210
2 0.2965 0.5642 0.0110 0.0575
2 0.6305 0.9456 0.0558 0.0657
2 0.4095 0.9512 0.0429 0.0642
2 0.3327 0.5892 0.0101 0.0461
2 0.3298 0.6575 0.0112 0.0473
2 0.8083 0.4847 0.0473 0.0454
3 0.3603 0.8728 0.0126 0.0207
2 0.6983 0.4178 0.0198 0.0704
2 0.7005 0.4846 0.0207 0.0690
2 0.6836 0.4788 0.0109 0.0527
2 0.6862 0.5807 0.0110 0.0500
2 0.7012 0.5211 0.0212 0.0681
3 0.4382 0.8730 0.0189 0.0187
3 0.5504 0.7300 0.0117 0.0210
2 0.7032 0.5955 0.0218 0.0642
2 0.7222 0.5727 0.0174 0.0601
2 0.7214 0.5320 0.0182 0.0633
3 0.4883 0.7899 0.0142 0.0201
2 0.6768 0.6286 0.0100 0.0465
2 0.6687 0.6381 0.0078 0.0417
2 0.6693 0.6714 0.0075 0.0379
2 0.6881 0.6511 0.0120 0.0471
2 0.6777 0.6616 0.0095 0.0420
2 0.5331 0.7102 0.0233 0.0195
2 0.5759 0.7505 0.0131 0.0210
2 0.5913 0.7502 0.0188 0.0210
2 0.5329 0.7504 0.0236 0.0207
2 0.5506 0.7507 0.0117 0.0213
2 0.5084 0.7510 0.0247 0.0201
2 0.3491 0.7103 0.0212 0.0205
2 0.5090 0.7097 0.0260 0.0192
2 0.5092 0.6717 0.0254 0.0213
2 0.5507 0.6723 0.0118 0.0207
2 0.5758 0.6720 0.0129 0.0201
2 0.5627 0.6724 0.0138 0.0198
2 0.6088 0.6717 0.0173 0.0195
2 0.2601 0.7845 0.0413 0.0463
