1 0.3973 0.8786 0.0567 0.0343
1 0.5026 0.5461 0.1097 0.0373
1 0.8365 0.6297 0.0599 0.0353
1 0.0698 0.5536 0.0684 0.0405
3 0.0684 0.5111 0.0668 0.0390
1 0.6026 0.9221 0.0611 0.0383
1 0.0703 0.8797 0.0713 0.0371
3 0.7586 0.7554 0.0614 0.0371
1 0.1527 0.4267 0.0847 0.0422
3 0.3958 0.9649 0.0768 0.0384
1 0.5994 0.4254 0.0616 0.0364
1 0.6808 0.5475 0.0583 0.0318
1 0.1506 0.7150 0.0567 0.0369
2 0.5051 0.9689 0.1179 0.0407
1 0.1534 0.8388 0.0595 0.0352
3 0.2388 0.4245 0.0705 0.0493
1 0.8357 0.5453 0.0605 0.0370
1 0.3967 0.8378 0.0602 0.0344
1 0.1530 0.7984 0.0605 0.0368
1 0.6794 0.8791 0.0610 0.0373
3 0.1569 0.5932 0.0836 0.0384
1 0.2411 0.5931 0.0582 0.0359
3 0.7575 0.5066 0.0590 0.0367
1 0.3963 0.7975 0.0580 0.0343
3 0.8355 0.4604 0.0662 0.0379
3 0.2382 0.5510 0.0652 0.0407
1 0.3950 0.7145 0.0592 0.0339
1 0.6794 0.7546 0.0619 0.0360
1 0.1534 0.5112 0.0847 0.0356
1 0.4999 0.8798 0.0999 0.0381
1 0.2417 0.9193 0.0592 0.0355
1 0.3186 0.7556 0.0558 0.0353
3 0.7574 0.5480 0.0575 0.0379
3 0.5020 0.7974 0.1096 0.0363
1 0.6006 0.5481 0.0534 0.0350
1 0.3956 0.4255 0.0665 0.0355
3 0.4992 0.8395 0.1019 0.0384
1 0.2373 0.8794 0.0660 0.0360
3 0.1497 0.9590 0.0650 0.0318
3 0.0736 0.9559 0.0660 0.0258
3 0.1537 0.6750 0.0893 0.0397
3 0.2367 0.9607 0.0618 0.0363
1 0.0676 0.6758 0.0778 0.0380
1 0.3210 0.8394 0.0555 0.0353
1 0.8538 0.8806 0.0917 0.0419
3 0.8456 0.8391 0.0824 0.0379
3 0.7571 0.6721 0.0566 0.0388
3 0.8404 0.9774 0.0498 0.0453
3 0.8358 0.5027 0.0622 0.0366
1 0.0716 0.5956 0.0706 0.0352
1 0.3198 0.7982 0.0565 0.0365
3 0.7586 0.7143 0.0614 0.0396
1 0.6786 0.4245 0.0627 0.0371
1 0.6798 0.7955 0.0635 0.0362
1 0.6802 0.8378 0.0618 0.0371
1 0.3200 0.7160 0.0547 0.0334
3 0.5036 0.7547 0.1196 0.0388
1 0.6007 0.4661 0.0549 0.0359
1 0.0707 0.9211 0.0728 0.0364
1 0.3188 0.5512 0.0562 0.0352
1 0.6006 0.5079 0.0541 0.0382
1 0.6009 0.8382 0.0581 0.0371
3 0.2403 0.7555 0.0832 0.0372
1 0.3953 0.6326 0.0591 0.0351
3 0.2376 0.5081 0.0703 0.0419
1 0.0691 0.6343 0.0715 0.0350
1 0.6012 0.7541 0.0552 0.0354
3 0.6800 0.9220 0.0628 0.0378
1 0.6026 0.8799 0.0604 0.0371
3 0.7584 0.4222 0.0649 0.0379
1 0.3959 0.5906 0.0589 0.0364
1 0.6800 0.5062 0.0591 0.0388
1 0.1520 0.5498 0.0808 0.0356
3 0.2376 0.4690 0.0694 0.0409
1 0.6015 0.6726 0.0573 0.0367
1 0.3960 0.6725 0.0597 0.0330
1 0.3966 0.4675 0.0586 0.0367
3 0.7615 0.9737 0.0490 0.0407
1 0.6021 0.7146 0.0573 0.0354
3 0.4965 0.6290 0.1001 0.0410
3 0.6770 0.5881 0.0633 0.0413
3 0.2378 0.8394 0.0842 0.0396
1 0.6786 0.7130 0.0603 0.0384
1 0.6017 0.7973 0.0554 0.0371
1 0.6798 0.9222 0.0618 0.0380
3 0.8373 0.7542 0.0871 0.0386
3 0.4957 0.4222 0.1037 0.0378
1 0.2419 0.7146 0.0584 0.0323
1 0.6793 0.4648 0.0611 0.0367
1 0.3165 0.4687 0.0699 0.0365
3 0.2401 0.7977 0.0842 0.0373
1 0.3957 0.5491 0.0616 0.0367
3 0.7601 0.8813 0.0603 0.0394
3 0.7581 0.7978 0.0617 0.0382
1 0.3197 0.5926 0.0567 0.0338
1 0.0690 0.7155 0.0727 0.0341
1 0.3199 0.6327 0.0594 0.0350
3 0.0715 0.7976 0.0703 0.0388
1 0.6015 0.6308 0.0586 0.0358
3 0.1560 0.6349 0.0840 0.0384
1 0.3179 0.4288 0.0598 0.0375
1 0.4987 0.7125 0.1181 0.0382
1 0.8545 0.9220 0.0949 0.0387
3 0.5017 0.6720 0.1094 0.0391
3 0.4994 0.5043 0.1048 0.0390
1 0.1609 0.9204 0.0756 0.0352
1 0.3977 0.9218 0.0614 0.0372
3 0.6777 0.6307 0.0633 0.0358
3 0.0687 0.7565 0.0754 0.0374
1 0.3957 0.5081 0.0562 0.0370
3 0.7567 0.5896 0.0613 0.0380
1 0.3964 0.7560 0.0604 0.0355
3 0.8450 0.7957 0.0850 0.0377
1 0.8379 0.7123 0.0631 0.0341
1 0.1541 0.4726 0.0820 0.0356
3 0.7571 0.6311 0.0619 0.0373
1 0.1567 0.8784 0.0675 0.0379
3 0.0687 0.4704 0.0727 0.0427
3 0.8343 0.4162 0.0749 0.0451
1 0.5006 0.9221 0.0955 0.0370
3 0.0701 0.8398 0.0702 0.0371
1 0.3201 0.9196 0.0629 0.0350
3 0.4952 0.5892 0.0954 0.0382
1 0.3193 0.6741 0.0549 0.0349
3 0.7568 0.4649 0.0627 0.0387
1 0.2417 0.6759 0.0576 0.0364
3 0.3142 0.9605 0.0707 0.0320
3 0.4986 0.4649 0.1051 0.0363
1 0.3212 0.8813 0.0573 0.0347
1 0.2414 0.6336 0.0544 0.0360
1 0.8368 0.6698 0.0587 0.0346
3 0.7605 0.9246 0.0611 0.0421
3 0.6763 0.6712 0.0635 0.0395
1 0.6010 0.5885 0.0535 0.0341
3 0.6812 0.9702 0.0491 0.0379
1 0.1491 0.7571 0.0625 0.0360
3 0.0668 0.4263 0.0748 0.0456
3 0.7586 0.8388 0.0625 0.0376
1 0.3175 0.5099 0.0746 0.0365
1 0.8364 0.5868 0.0596 0.0350
