3 0.9363 0.7555 0.0303 0.0863
3 0.7868 0.5190 0.0323 0.0815
3 0.6631 0.2288 0.0549 0.0717
2 0.3497 0.6326 0.0332 0.0842
2 0.3169 0.6359 0.0307 0.0855
2 0.7122 0.3014 0.0348 0.0794
3 0.8024 0.2956 0.0306 0.0806
2 0.1659 0.2213 0.0307 0.0694
2 0.5381 0.9279 0.0778 0.1030
2 0.1556 0.6447 0.0388 0.0956
3 0.6153 0.7997 0.0726 0.0839
2 0.0590 0.6435 0.0232 0.0755
2 0.5313 0.1716 0.0622 0.0596
3 0.6746 0.4502 0.0626 0.0703
2 0.1420 0.4936 0.0361 0.0875
2 0.1273 0.6448 0.0329 0.0892
2 0.8535 0.8873 0.0346 0.1285
3 0.7054 0.2299 0.0297 0.0733
3 0.4115 0.7160 0.0326 0.0815
2 0.7161 0.3733 0.0344 0.0804
2 0.3623 0.2547 0.0345 0.0762
3 0.8110 0.7780 0.0350 0.1023
2 0.1704 0.4862 0.0347 0.0893
2 0.6011 0.3083 0.0670 0.0710
2 0.0542 0.8763 0.0119 0.1030
3 0.4626 0.8083 0.0658 0.0928
2 0.3911 0.2520 0.0315 0.0735
2 0.0845 0.2941 0.0376 0.0855
2 0.2318 0.2120 0.0580 0.0648
2 0.1928 0.2170 0.0305 0.0697
3 0.8826 0.6919 0.0627 0.0872
3 0.4100 0.8043 0.0319 0.0837
3 0.8213 0.5164 0.0319 0.0843
2 0.7328 0.1633 0.0339 0.0854
2 0.5341 0.6311 0.0710 0.0775
3 0.9229 0.2311 0.0344 0.0721
2 0.3271 0.3992 0.0303 0.0822
3 0.7649 0.2292 0.0315 0.0776
3 0.5315 0.2384 0.0645 0.0686
2 0.3571 0.3962 0.0334 0.0807
3 0.5339 0.4635 0.0686 0.0859
3 0.3077 0.8075 0.0313 0.0903
3 0.9298 0.6737 0.0360 0.0958
2 0.4685 0.1762 0.0581 0.0664
3 0.8674 0.5195 0.0613 0.0931
3 0.3416 0.8042 0.0332 0.0856
2 0.9393 0.8580 0.0274 0.1244
2 0.5328 0.3887 0.0676 0.0669
2 0.3645 0.1907 0.0316 0.0694
2 0.7423 0.3009 0.0331 0.0794
2 0.3853 0.4701 0.0311 0.0803
2 0.6942 0.9085 0.0691 0.1306
2 0.6657 0.3040 0.0600 0.0706
3 0.9236 0.5913 0.0369 0.0926
2 0.7866 0.1044 0.0303 0.0774
3 0.7359 0.2267 0.0291 0.0724
2 0.6578 0.0986 0.0568 0.0726
2 0.3930 0.1864 0.0313 0.0705
3 0.7305 0.6034 0.0381 0.0843
3 0.7425 0.7850 0.0400 0.1006
3 0.8867 0.2270 0.0330 0.0722
2 0.8742 0.1046 0.0401 0.0649
2 0.1808 0.9276 0.0670 0.1178
2 0.9663 0.8575 0.0195 0.1219
3 0.8907 0.7738 0.0604 0.0903
2 0.1364 0.9136 0.0294 0.1215
3 0.9369 0.3656 0.0324 0.0816
2 0.3374 0.9211 0.0377 0.1251
2 0.9143 0.1642 0.0346 0.0778
3 0.2641 0.7218 0.0750 0.0890
2 0.4669 0.3157 0.0602 0.0674
2 0.8082 0.3704 0.0337 0.0853
3 0.6089 0.6154 0.0707 0.0752
3 0.9275 0.2966 0.0354 0.0785
2 0.2768 0.4811 0.0657 0.0809
2 0.3738 0.9187 0.0339 0.1249
2 0.6193 0.9202 0.0764 0.1235
2 0.6582 0.1640 0.0574 0.0713
3 0.1440 0.8082 0.0350 0.0944
2 0.8990 0.8773 0.0599 0.1361
3 0.9477 0.5108 0.0318 0.0816
2 0.0804 0.8864 0.0389 0.1059
2 0.2813 0.4081 0.0649 0.0744
3 0.3787 0.7121 0.0283 0.0700
2 0.4199 0.3187 0.0336 0.0761
2 0.7295 0.0985 0.0313 0.0806
2 0.4657 0.5460 0.0619 0.0776
3 0.7813 0.4446 0.0329 0.0867
3 0.1151 0.8075 0.0322 0.0898
2 0.3362 0.1955 0.0298 0.0690
2 0.4226 0.1806 0.0317 0.0726
2 0.5974 0.1674 0.0648 0.0643
2 0.8688 0.0422 0.0443 0.0713
2 0.1482 0.4182 0.0336 0.0894
3 0.6127 0.7052 0.0744 0.0771
2 0.8318 0.1574 0.0568 0.0807
3 0.7365 0.6947 0.0357 0.0881
2 0.2720 0.5596 0.0676 0.0812
3 0.5347 0.7087 0.0689 0.0745
3 0.7507 0.4427 0.0287 0.0782
2 0.8185 0.8955 0.0432 0.1413
2 0.3894 0.3216 0.0323 0.0766
3 0.0799 0.8012 0.0355 0.0778
2 0.4164 0.4683 0.0335 0.0790
3 0.1947 0.7211 0.0591 0.0841
3 0.7628 0.6094 0.0296 0.0863
3 0.5988 0.2330 0.0629 0.0719
3 0.7759 0.7806 0.0392 0.0999
2 0.1830 0.3463 0.0349 0.0842
2 0.0714 0.4258 0.0353 0.0860
3 0.1896 0.8080 0.0614 0.0863
3 0.7970 0.2289 0.0283 0.0742
2 0.0883 0.7255 0.0482 0.0791
2 0.4207 0.2481 0.0325 0.0730
2 0.0569 0.7179 0.0174 0.0785
2 0.8223 0.0386 0.0571 0.0654
3 0.8377 0.6856 0.0365 0.1009
3 0.9618 0.6670 0.0273 0.0871
2 0.2192 0.4144 0.0632 0.0750
3 0.8923 0.2956 0.0320 0.0769
3 0.8020 0.6887 0.0379 0.0976
2 0.2488 0.9268 0.0766 0.1264
2 0.7916 0.1676 0.0325 0.0835
2 0.7460 0.3718 0.0339 0.0861
2 0.1298 0.2097 0.0453 0.0672
3 0.8452 0.7713 0.0355 0.0983
2 0.1159 0.3451 0.0558 0.0875
3 0.9167 0.5123 0.0370 0.0914
3 0.9439 0.4372 0.0387 0.0888
3 0.7673 0.6876 0.0316 0.0902
2 0.4140 0.6306 0.0342 0.0810
3 0.9006 0.3687 0.0403 0.0817
2 0.9078 0.0982 0.0403 0.0964
3 0.6059 0.4610 0.0676 0.0740
2 0.1217 0.2783 0.0514 0.0850
2 0.2289 0.2745 0.0602 0.0727
2 0.3242 0.4766 0.0316 0.0837
2 0.4669 0.3891 0.0623 0.0750
2 0.4651 0.6306 0.0632 0.0807
3 0.8506 0.3660 0.0577 0.0817
2 0.3547 0.4724 0.0326 0.0806
3 0.8289 0.5960 0.0307 0.0875
2 0.7587 0.0820 0.0353 0.1128
2 0.1117 0.4179 0.0550 0.0803
2 0.4658 0.4667 0.0621 0.0766
2 0.4678 0.2460 0.0590 0.0677
2 0.3214 0.5530 0.0312 0.0833
3 0.6854 0.7003 0.0691 0.0852
2 0.0624 0.5686 0.0267 0.0763
2 0.7494 0.8999 0.0391 0.1387
3 0.7961 0.6069 0.0344 0.0866
2 0.1602 0.2837 0.0353 0.0828
2 0.5336 0.5439 0.0696 0.0762
2 0.2074 0.5672 0.0651 0.0791
3 0.8392 0.2303 0.0545 0.0758
2 0.6695 0.3780 0.0617 0.0654
2 0.2938 0.2048 0.0637 0.0647
2 0.4087 0.9248 0.0335 0.1355
3 0.9085 0.4394 0.0402 0.0864
3 0.5367 0.8062 0.0751 0.0831
2 0.7822 0.0384 0.0318 0.0766
3 0.7252 0.5221 0.0359 0.0774
2 0.0969 0.5673 0.0556 0.0824
2 0.1766 0.4138 0.0343 0.0885
2 0.0889 0.2273 0.0294 0.0549
2 0.3310 0.3262 0.0300 0.0780
2 0.7705 0.3000 0.0343 0.0834
3 0.7187 0.4447 0.0321 0.0806
3 0.8745 0.5927 0.0627 0.0905
2 0.0774 0.3595 0.0364 0.0848
2 0.1120 0.9056 0.0242 0.1186
2 0.4608 0.9261 0.0684 0.1286
2 0.8272 0.1040 0.0556 0.0676
2 0.2017 0.6428 0.0635 0.0821
2 0.3831 0.5498 0.0315 0.0790
2 0.1626 0.5618 0.0386 0.0948
2 0.0662 0.4972 0.0343 0.0816
3 0.2569 0.8105 0.0697 0.0871
3 0.3116 0.7193 0.0304 0.0823
2 0.2890 0.2670 0.0614 0.0715
2 0.2676 0.6405 0.0716 0.0836
3 0.1497 0.7212 0.0345 0.0890
2 0.4150 0.5472 0.0346 0.0814
2 0.2849 0.3368 0.0643 0.0764
2 0.1344 0.5686 0.0352 0.0926
2 0.2238 0.3444 0.0617 0.0771
2 0.1868 0.2792 0.0357 0.0840
3 0.6773 0.5247 0.0629 0.0730
3 0.6897 0.7911 0.0708 0.0982
2 0.3874 0.3935 0.0317 0.0787
3 0.9649 0.7460 0.0200 0.0819
3 0.8478 0.2963 0.0588 0.0711
2 0.6037 0.3820 0.0679 0.0668
2 0.3011 0.9246 0.0373 0.1366
2 0.5312 0.3141 0.0648 0.0743
2 0.0915 0.6458 0.0508 0.0818
3 0.6080 0.5398 0.0716 0.0712
2 0.7831 0.8992 0.0380 0.1391
2 0.3600 0.3240 0.0344 0.0809
2 0.7047 0.1628 0.0342 0.0827
2 0.4183 0.3921 0.0332 0.0763
3 0.8146 0.4390 0.0305 0.0784
2 0.8791 0.1640 0.0387 0.0749
2 0.9011 0.0371 0.0372 0.0700
2 0.3812 0.6321 0.0311 0.0838
2 0.7011 0.0947 0.0342 0.0739
3 0.4638 0.7145 0.0644 0.0782
2 0.1225 0.7242 0.0321 0.0900
3 0.3763 0.8031 0.0282 0.0802
2 0.3516 0.5506 0.0332 0.0799
2 0.2135 0.4894 0.0636 0.0841
3 0.7572 0.5209 0.0324 0.0793
3 0.0546 0.7925 0.0123 0.0715
3 0.8617 0.4396 0.0597 0.0885
2 0.1040 0.4933 0.0547 0.0847
2 0.7616 0.1638 0.0352 0.0873
3 0.3446 0.7159 0.0346 0.0849
2 0.1547 0.3510 0.0336 0.0814
2 0.3330 0.2580 0.0303 0.0740
3 0.6809 0.6092 0.0658 0.0817
2 0.7770 0.3713 0.0349 0.0831
3 0.9554 0.5892 0.0313 0.0833
