1 0.6663 0.8542 0.0739 0.0338
1 0.6687 0.6362 0.0714 0.0370
1 0.7605 0.6359 0.1055 0.0353
1 0.0119 0.7136 0.0237 0.0357
1 0.8898 0.7779 0.0488 0.0354
1 0.0120 0.6430 0.0241 0.0347
2 0.4295 0.6743 0.0991 0.0326
1 0.8903 0.6682 0.0495 0.0354
3 0.2303 0.4623 0.0921 0.0341
2 0.6679 0.6007 0.0759 0.0370
3 0.1488 0.4984 0.0707 0.0337
1 0.0684 0.6764 0.0892 0.0340
1 0.5815 0.6357 0.0946 0.0360
1 0.8409 0.7059 0.0474 0.0336
1 0.5080 0.7070 0.0517 0.0354
1 0.2321 0.6037 0.0917 0.0342
2 0.0689 0.5009 0.0869 0.0392
1 0.4302 0.7094 0.0998 0.0342
3 0.9889 0.5744 0.0223 0.0318
3 0.3537 0.6030 0.0485 0.0342
2 0.7882 0.4466 0.0416 0.0290
2 0.5861 0.4780 0.0412 0.0283
2 0.7651 0.9287 0.0987 0.0352
3 0.9881 0.6726 0.0238 0.0318
1 0.2318 0.5697 0.0913 0.0333
2 0.5833 0.7823 0.0950 0.0374
1 0.8390 0.8534 0.0451 0.0334
3 0.3037 0.5321 0.0460 0.0329
1 0.6703 0.8901 0.0774 0.0360
1 0.0709 0.8909 0.0920 0.0342
3 0.9873 0.8380 0.0255 0.0318
1 0.0119 0.8204 0.0234 0.0341
3 0.3028 0.8531 0.0454 0.0328
2 0.5826 0.6734 0.0956 0.0380
3 0.0112 0.5038 0.0219 0.0380
3 0.7443 0.5039 0.0432 0.0274
3 0.6996 0.5051 0.0432 0.0318
1 0.6690 0.6701 0.0722 0.0356
2 0.8319 0.5009 0.0446 0.0231
2 0.0126 0.9319 0.0251 0.0399
1 0.7613 0.5990 0.1076 0.0350
2 0.5115 0.9354 0.0495 0.0463
1 0.8892 0.5952 0.0474 0.0352
1 0.6671 0.5613 0.0760 0.0389
3 0.5830 0.7087 0.0948 0.0341
3 0.9884 0.7415 0.0233 0.0318
3 0.9878 0.8073 0.0243 0.0318
1 0.0140 0.8918 0.0278 0.0364
1 0.7611 0.5622 0.1051 0.0355
2 0.8302 0.4754 0.0442 0.0273
1 0.5820 0.8543 0.0912 0.0324
2 0.7603 0.7081 0.1063 0.0349
3 0.7616 0.7800 0.1046 0.0358
2 0.7887 0.5020 0.0416 0.0231
1 0.5818 0.8175 0.0885 0.0347
1 0.4308 0.6377 0.0994 0.0345
3 0.3024 0.4595 0.0481 0.0337
1 0.0112 0.7852 0.0225 0.0353
3 0.0114 0.5727 0.0227 0.0367
1 0.8912 0.7047 0.0495 0.0354
3 0.0116 0.5384 0.0230 0.0329
2 0.8302 0.4458 0.0452 0.0297
1 0.5825 0.7445 0.0953 0.0366
3 0.7614 0.7432 0.1026 0.0338
1 0.4307 0.8184 0.0991 0.0335
3 0.2321 0.4977 0.0912 0.0335
1 0.0693 0.7118 0.0912 0.0332
1 0.0702 0.7479 0.0885 0.0347
3 0.3024 0.6389 0.0494 0.0346
1 0.2327 0.6747 0.0923 0.0332
1 0.0122 0.6767 0.0243 0.0365
1 0.1489 0.5684 0.0718 0.0329
2 0.3536 0.9343 0.0474 0.0469
1 0.1505 0.7124 0.0687 0.0329
3 0.4320 0.8910 0.1031 0.0337
1 0.0698 0.7842 0.0886 0.0348
1 0.7612 0.6716 0.1036 0.0355
3 0.3523 0.7099 0.0463 0.0344
3 0.1517 0.8193 0.0728 0.0325
2 0.4324 0.9365 0.1047 0.0486
3 0.1523 0.8540 0.0735 0.0332
1 0.2334 0.8890 0.0911 0.0322
3 0.7006 0.4768 0.0432 0.0318
2 0.6670 0.8182 0.0785 0.0367
3 0.5075 0.7811 0.0503 0.0356
3 0.7438 0.4478 0.0432 0.0318
3 0.3029 0.7088 0.0435 0.0327
1 0.8406 0.5581 0.0467 0.0343
3 0.9886 0.7751 0.0228 0.0318
1 0.3028 0.6742 0.0440 0.0326
3 0.7609 0.8182 0.1061 0.0353
1 0.0122 0.6072 0.0245 0.0346
1 0.5084 0.8539 0.0472 0.0329
3 0.3047 0.7468 0.0464 0.0353
3 0.1502 0.4629 0.0707 0.0358
1 0.8899 0.8149 0.0487 0.0360
1 0.5829 0.8921 0.0907 0.0343
3 0.6996 0.4483 0.0432 0.0318
1 0.8906 0.7415 0.0490 0.0341
1 0.2328 0.8535 0.0927 0.0326
3 0.3530 0.7458 0.0466 0.0368
1 0.3536 0.5662 0.0482 0.0340
2 0.7882 0.4756 0.0406 0.0283
1 0.8886 0.8526 0.0483 0.0341
1 0.8408 0.6689 0.0486 0.0352
1 0.5815 0.5994 0.0945 0.0341
1 0.2353 0.7828 0.0875 0.0346
1 0.0124 0.7477 0.0247 0.0363
1 0.7636 0.8916 0.0988 0.0347
1 0.1533 0.7827 0.0722 0.0359
1 0.3530 0.8534 0.0467 0.0342
3 0.3029 0.4954 0.0478 0.0347
1 0.5788 0.5627 0.0958 0.0370
3 0.9886 0.5415 0.0228 0.0318
1 0.0686 0.6077 0.0883 0.0345
3 0.3026 0.5669 0.0450 0.0325
1 0.1514 0.6766 0.0712 0.0363
3 0.7448 0.4771 0.0432 0.0318
1 0.2324 0.8182 0.0915 0.0325
2 0.0694 0.4648 0.0880 0.0360
1 0.2345 0.7458 0.0906 0.0348
3 0.3037 0.8179 0.0479 0.0339
1 0.0691 0.8198 0.0862 0.0329
1 0.8907 0.6317 0.0514 0.0368
1 0.6680 0.7437 0.0727 0.0360
3 0.9884 0.7069 0.0233 0.0318
3 0.9886 0.6384 0.0228 0.0318
2 0.5878 0.5051 0.0407 0.0252
2 0.5868 0.4492 0.0416 0.0315
2 0.2361 0.9310 0.0901 0.0421
3 0.1531 0.8892 0.0690 0.0315
1 0.0702 0.8553 0.0880 0.0340
3 0.0116 0.4645 0.0231 0.0380
1 0.1516 0.6409 0.0740 0.0337
1 0.8397 0.8166 0.0477 0.0346
1 0.1517 0.7461 0.0722 0.0342
1 0.0692 0.6426 0.0890 0.0317
1 0.4326 0.6006 0.0985 0.0330
1 0.4317 0.8542 0.1008 0.0348
3 0.3523 0.6384 0.0460 0.0339
1 0.3530 0.8163 0.0443 0.0332
1 0.8406 0.6325 0.0469 0.0352
2 0.0713 0.9312 0.0873 0.0418
3 0.3033 0.8894 0.0430 0.0321
1 0.1514 0.6051 0.0721 0.0339
2 0.3066 0.9307 0.0416 0.0389
3 0.2327 0.5335 0.0919 0.0344
2 0.6418 0.4775 0.0694 0.0280
1 0.0138 0.8547 0.0276 0.0362
1 0.8378 0.8895 0.0451 0.0359
2 0.8406 0.9284 0.0473 0.0352
2 0.1534 0.9315 0.0721 0.0400
1 0.8904 0.5578 0.0501 0.0350
1 0.5100 0.5997 0.0472 0.0347
3 0.8402 0.7426 0.0487 0.0347
1 0.8395 0.5952 0.0478 0.0349
2 0.5087 0.7454 0.0540 0.0368
2 0.6734 0.9296 0.0816 0.0396
3 0.7611 0.8561 0.1061 0.0332
2 0.1482 0.5347 0.0723 0.0353
1 0.4314 0.7811 0.0992 0.0351
1 0.0119 0.8204 0.0238 0.0351
1 0.2313 0.6392 0.0914 0.0343
1 0.4331 0.5654 0.0998 0.0344
2 0.5080 0.6375 0.0559 0.0381
3 0.3027 0.6026 0.0475 0.0354
3 0.5089 0.8167 0.0505 0.0336
2 0.8898 0.9284 0.0473 0.0352
1 0.4321 0.7456 0.0978 0.0345
1 0.8893 0.8902 0.0476 0.0334
2 0.6428 0.5050 0.0703 0.0276
1 0.5080 0.6726 0.0504 0.0352
1 0.5094 0.8912 0.0475 0.0347
3 0.3510 0.6752 0.0482 0.0355
3 0.3537 0.7823 0.0469 0.0360
2 0.5844 0.9311 0.0948 0.0391
2 0.0695 0.5723 0.0839 0.0347
1 0.3531 0.8899 0.0465 0.0353
1 0.6690 0.7062 0.0722 0.0356
1 0.5085 0.5639 0.0504 0.0370
2 0.6423 0.4483 0.0734 0.0304
3 0.9886 0.6041 0.0228 0.0318
1 0.6683 0.7808 0.0704 0.0363
3 0.3047 0.7825 0.0475 0.0333
1 0.2321 0.7103 0.0941 0.0348
3 0.0683 0.5376 0.0862 0.0329
1 0.8403 0.7804 0.0467 0.0354
