3 0.7289 0.9889 0.0311 0.0223
3 0.2856 0.9617 0.0397 0.0422
2 0.1926 0.7514 0.0655 0.0409
3 0.1426 0.9921 0.0214 0.0159
2 0.1950 0.7947 0.0670 0.0398
2 0.2465 0.7940 0.0347 0.0416
2 0.9136 0.7422 0.0671 0.0432
3 0.0396 0.8769 0.0667 0.0409
2 0.2833 0.8354 0.0366 0.0412
3 0.7681 0.9896 0.0378 0.0208
3 0.4817 0.9579 0.0651 0.0377
2 0.0419 0.7091 0.0676 0.0406
3 0.5411 0.9917 0.0364 0.0166
3 0.4114 0.9586 0.0660 0.0381
3 0.9694 0.9851 0.0287 0.0275
2 0.9911 0.6982 0.0178 0.0458
2 0.6502 0.8301 0.0390 0.0401
3 0.7663 0.8694 0.0321 0.0420
3 0.2460 0.9178 0.0349 0.0381
3 0.9193 0.9883 0.0663 0.0205
3 0.0413 0.9216 0.0670 0.0390
2 0.6465 0.7043 0.0423 0.0428
2 0.2448 0.7506 0.0354 0.0408
3 0.6465 0.9903 0.0519 0.0195
2 0.7263 0.7873 0.0374 0.0434
3 0.9919 0.9059 0.0162 0.0354
2 0.3580 0.8357 0.0322 0.0394
3 0.2838 0.9194 0.0416 0.0416
2 0.7982 0.7428 0.0379 0.0435
2 0.6500 0.7458 0.0390 0.0411
2 0.5379 0.8325 0.0434 0.0405
2 0.7636 0.7448 0.0348 0.0446
3 0.5397 0.9628 0.0432 0.0368
3 0.6466 0.8705 0.0489 0.0396
2 0.7990 0.8274 0.0370 0.0441
2 0.9647 0.7397 0.0308 0.0433
2 0.4096 0.8349 0.0678 0.0398
2 0.7254 0.7049 0.0372 0.0419
3 0.0859 0.9199 0.0201 0.0391
2 0.1378 0.7533 0.0425 0.0383
3 0.7281 0.9131 0.0339 0.0404
2 0.3218 0.7499 0.0374 0.0409
2 0.1394 0.8363 0.0396 0.0435
3 0.8004 0.8692 0.0339 0.0397
2 0.9159 0.7850 0.0652 0.0401
2 0.3582 0.7934 0.0319 0.0425
2 0.5383 0.7468 0.0420 0.0418
2 0.1385 0.7946 0.0392 0.0434
2 0.0957 0.8360 0.0360 0.0404
2 0.0947 0.7084 0.0392 0.0385
3 0.7667 0.9546 0.0321 0.0406
3 0.3600 0.9912 0.0275 0.0176
2 0.6895 0.7875 0.0341 0.0422
3 0.6925 0.9595 0.0356 0.0423
2 0.7261 0.7471 0.0367 0.0417
2 0.5818 0.7476 0.0420 0.0415
3 0.1375 0.9196 0.0360 0.0410
3 0.4093 0.8754 0.0665 0.0384
2 0.8484 0.7434 0.0624 0.0407
3 0.0864 0.9611 0.0210 0.0362
2 0.6894 0.8292 0.0362 0.0424
3 0.5811 0.9604 0.0373 0.0421
2 0.7985 0.7847 0.0387 0.0448
2 0.2824 0.7497 0.0381 0.0457
2 0.7272 0.8301 0.0377 0.0428
2 0.9650 0.6977 0.0311 0.0387
3 0.7293 0.9570 0.0325 0.0394
3 0.5847 0.9902 0.0425 0.0196
3 0.0426 0.9914 0.0668 0.0171
3 0.0427 0.9629 0.0674 0.0408
3 0.1955 0.9931 0.0625 0.0138
3 0.2450 0.8784 0.0350 0.0409
2 0.2449 0.7083 0.0381 0.0441
3 0.8531 0.9127 0.0582 0.0375
3 0.9923 0.9843 0.0153 0.0300
3 0.9668 0.9099 0.0290 0.0380
3 0.6924 0.9151 0.0362 0.0383
2 0.1944 0.8377 0.0676 0.0383
2 0.8486 0.8287 0.0600 0.0388
3 0.2838 0.8751 0.0400 0.0384
2 0.4802 0.8361 0.0691 0.0379
2 0.3219 0.7066 0.0375 0.0412
2 0.3578 0.7516 0.0326 0.0430
2 0.0402 0.7515 0.0694 0.0413
3 0.4804 0.8756 0.0702 0.0386
3 0.3232 0.9603 0.0357 0.0408
2 0.7631 0.7023 0.0345 0.0415
3 0.4102 0.9174 0.0668 0.0390
2 0.4091 0.7489 0.0667 0.0432
3 0.1379 0.8776 0.0364 0.0405
3 0.6900 0.8736 0.0373 0.0410
3 0.8055 0.9882 0.0356 0.0236
2 0.4769 0.7066 0.0644 0.0411
3 0.2468 0.9610 0.0323 0.0419
3 0.1376 0.9604 0.0348 0.0407
2 0.5377 0.7056 0.0460 0.0388
3 0.2834 0.9941 0.0354 0.0119
3 0.0873 0.8785 0.0194 0.0395
2 0.8481 0.7008 0.0621 0.0393
3 0.9920 0.8625 0.0160 0.0371
2 0.9642 0.7821 0.0316 0.0436
2 0.7655 0.8318 0.0292 0.0412
3 0.1947 0.9205 0.0660 0.0391
2 0.0964 0.7534 0.0368 0.0420
3 0.3224 0.8768 0.0342 0.0400
3 0.6955 0.9899 0.0336 0.0203
2 0.4790 0.7495 0.0709 0.0405
3 0.1030 0.9925 0.0538 0.0150
2 0.6880 0.7439 0.0370 0.0426
2 0.3575 0.7073 0.0367 0.0398
2 0.2472 0.8376 0.0347 0.0384
2 0.5839 0.8326 0.0458 0.0457
3 0.8528 0.8691 0.0620 0.0381
2 0.3228 0.8371 0.0362 0.0381
3 0.9678 0.9484 0.0306 0.0397
3 0.3585 0.9180 0.0331 0.0409
3 0.7274 0.8707 0.0348 0.0440
2 0.4094 0.7063 0.0643 0.0396
2 0.6887 0.7015 0.0364 0.0409
3 0.9923 0.9427 0.0153 0.0337
3 0.8019 0.9552 0.0349 0.0419
3 0.3572 0.8759 0.0319 0.0400
3 0.9171 0.8671 0.0643 0.0384
2 0.2826 0.7079 0.0391 0.0410
3 0.3581 0.9625 0.0311 0.0397
3 0.4118 0.9907 0.0707 0.0187
2 0.3224 0.7940 0.0371 0.0418
2 0.9915 0.8237 0.0170 0.0463
2 0.1927 0.7083 0.0678 0.0377
3 0.5367 0.9195 0.0417 0.0424
2 0.8496 0.7847 0.0605 0.0393
2 0.9903 0.7411 0.0194 0.0371
2 0.5792 0.7073 0.0365 0.0403
2 0.4794 0.7924 0.0711 0.0385
2 0.1373 0.7114 0.0430 0.0412
2 0.6475 0.7864 0.0438 0.0435
3 0.2476 0.9931 0.0354 0.0137
2 0.0965 0.7936 0.0369 0.0438
3 0.3232 0.9177 0.0354 0.0364
3 0.8550 0.9875 0.0580 0.0239
2 0.5386 0.7904 0.0410 0.0425
2 0.9132 0.7009 0.0606 0.0389
2 0.0398 0.7927 0.0698 0.0401
3 0.9674 0.8687 0.0300 0.0389
3 0.6467 0.9145 0.0487 0.0378
3 0.5397 0.8741 0.0424 0.0417
3 0.8543 0.9539 0.0588 0.0405
3 0.5786 0.9139 0.0378 0.0376
3 0.4805 0.9159 0.0665 0.0395
3 0.5792 0.8727 0.0360 0.0423
3 0.1959 0.9625 0.0632 0.0373
3 0.1938 0.8780 0.0643 0.0377
2 0.7976 0.6996 0.0365 0.0393
2 0.5813 0.7889 0.0421 0.0436
2 0.7650 0.7861 0.0323 0.0438
3 0.3242 0.9940 0.0354 0.0121
2 0.9179 0.8273 0.0658 0.0390
3 0.9204 0.9513 0.0665 0.0357
2 0.4094 0.7926 0.0668 0.0422
3 0.8016 0.9108 0.0359 0.0385
2 0.9908 0.7814 0.0183 0.0463
3 0.9194 0.9091 0.0655 0.0379
3 0.7653 0.9118 0.0318 0.0401
3 0.6471 0.9578 0.0481 0.0407
2 0.0396 0.8367 0.0678 0.0385
2 0.9648 0.8262 0.0305 0.0397
2 0.2830 0.7945 0.0388 0.0410
3 0.4848 0.9913 0.0649 0.0174
