2 0.8724 0.2259 0.0222 0.1365
2 0.9695 0.1964 0.0610 0.1106
2 0.9105 0.2244 0.0561 0.1153
2 0.5390 0.4974 0.1212 0.1957
2 0.6687 0.4616 0.1364 0.1852
2 0.7667 0.4329 0.0657 0.1813
2 0.6694 0.6588 0.1325 0.2130
2 0.7677 0.6098 0.0651 0.1760
2 0.5395 0.6881 0.1235 0.1912
2 0.1456 0.5759 0.1403 0.1955
2 0.2832 0.5544 0.1321 0.2179
2 0.4141 0.5231 0.1276 0.2034
2 0.4124 0.7165 0.1299 0.1910
2 0.2819 0.7545 0.1316 0.1892
2 0.1459 0.7700 0.1389 0.1889
2 0.8270 0.2473 0.0694 0.1304
2 0.8235 0.4508 0.0461 0.2746
2 0.0374 0.7629 0.0748 0.2073
