1 0.2672 0.7040 0.0333 0.0647
2 0.2385 0.3652 0.0508 0.0512
2 0.2766 0.3522 0.0279 0.0445
2 0.3062 0.3435 0.0267 0.0435
2 0.3381 0.3338 0.0349 0.0466
2 0.3373 0.2437 0.0349 0.0478
2 0.4788 0.2917 0.0453 0.0561
2 0.8703 0.1775 0.0960 0.0761
2 0.9484 0.1669 0.0644 0.0664
2 0.9540 0.2281 0.0535 0.0562
3 0.7347 0.1584 0.0506 0.0611
3 0.7836 0.1451 0.0597 0.0618
3 0.3380 0.2868 0.0358 0.0515
1 0.3050 0.3872 0.0297 0.0535
1 0.3048 0.4347 0.0292 0.0535
1 0.3375 0.3805 0.0367 0.0515
1 0.3381 0.4293 0.0383 0.0512
1 0.3770 0.5806 0.0371 0.0649
1 0.8153 0.3163 0.0670 0.0684
1 0.7692 0.3919 0.0531 0.0703
2 0.7266 0.1088 0.0452 0.0559
1 0.8742 0.6622 0.0716 0.0891
1 0.0718 0.4919 0.0235 0.0359
1 0.1021 0.5256 0.0456 0.0486
1 0.0484 0.5359 0.0245 0.0410
1 0.0440 0.5734 0.0242 0.0400
1 0.0647 0.5729 0.0268 0.0472
1 0.0970 0.5683 0.0474 0.0482
1 0.1399 0.5180 0.0335 0.0446
1 0.1787 0.5111 0.0555 0.0521
1 0.2321 0.4977 0.0568 0.0557
1 0.2748 0.4894 0.0311 0.0531
1 0.3041 0.4838 0.0299 0.0521
1 0.3384 0.4790 0.0374 0.0597
1 0.3753 0.4719 0.0359 0.0638
1 0.1353 0.5620 0.0341 0.0486
1 0.1767 0.5532 0.0534 0.0511
1 0.2315 0.5453 0.0610 0.0557
1 0.2743 0.5374 0.0341 0.0499
1 0.3018 0.5827 0.0355 0.0602
1 0.2703 0.5912 0.0341 0.0566
1 0.2270 0.5966 0.0591 0.0626
1 0.1712 0.6042 0.0590 0.0571
1 0.1307 0.6082 0.0344 0.0517
1 0.0587 0.6218 0.0261 0.0499
1 0.0924 0.6133 0.0507 0.0559
1 0.0341 0.6692 0.0261 0.0499
1 0.0555 0.6680 0.0261 0.0499
1 0.0888 0.6628 0.0522 0.0517
1 0.1678 0.6571 0.0587 0.0571
1 0.0292 0.7136 0.0279 0.0523
1 0.0522 0.7132 0.0290 0.0529
1 0.0859 0.7126 0.0507 0.0578
1 0.1236 0.7102 0.0326 0.0553
1 0.1660 0.7066 0.0565 0.0590
1 0.2241 0.6489 0.0569 0.0578
1 0.2239 0.7011 0.0565 0.0590
1 0.2690 0.6437 0.0344 0.0596
1 0.3015 0.6407 0.0370 0.0547
1 0.3021 0.7014 0.0357 0.0632
1 0.0236 0.7666 0.0290 0.0557
1 0.0451 0.7681 0.0278 0.0537
1 0.0814 0.7681 0.0534 0.0578
1 0.1211 0.7671 0.0350 0.0598
1 0.1636 0.7636 0.0625 0.0618
1 0.2218 0.7628 0.0595 0.0654
1 0.2673 0.7659 0.0362 0.0583
1 0.3020 0.7646 0.0368 0.0608
1 0.0410 0.8210 0.0263 0.0491
1 0.0754 0.8210 0.0546 0.0512
1 0.1160 0.8215 0.0386 0.0512
1 0.2205 0.8246 0.0598 0.0562
1 0.2662 0.8266 0.0371 0.0583
1 0.3009 0.8266 0.0353 0.0613
1 0.3387 0.8274 0.0426 0.0648
1 0.3800 0.8266 0.0408 0.0674
1 0.4422 0.8261 0.0818 0.0664
1 0.5095 0.8261 0.0553 0.0683
1 0.5669 0.8258 0.0583 0.0760
1 0.6395 0.7540 0.1093 0.0851
1 0.5607 0.7565 0.0598 0.0770
1 0.5059 0.7585 0.0571 0.0679
1 0.4390 0.7595 0.0809 0.0658
1 0.3790 0.7613 0.0429 0.0623
1 0.3391 0.7633 0.0417 0.0663
1 0.3396 0.7020 0.0416 0.0671
1 0.3393 0.6425 0.0426 0.0662
1 0.3385 0.5861 0.0416 0.0618
1 0.3393 0.5315 0.0400 0.0609
1 0.3789 0.7009 0.0403 0.0640
1 0.3782 0.6387 0.0379 0.0675
1 0.3764 0.5259 0.0373 0.0604
1 0.4301 0.5160 0.0734 0.0733
1 0.4374 0.6949 0.0800 0.0706
1 0.5024 0.6902 0.0532 0.0746
1 0.5562 0.6847 0.0554 0.0742
1 0.6318 0.6771 0.1049 0.0804
1 0.4978 0.6247 0.0551 0.0733
1 0.5490 0.6201 0.0570 0.0711
1 0.6240 0.6081 0.1035 0.0800
1 0.4954 0.5630 0.0551 0.0742
1 0.4916 0.5044 0.0532 0.0742
1 0.1624 0.8223 0.0625 0.0537
1 0.6997 0.4050 0.0980 0.0642
1 0.8030 0.2526 0.0553 0.0688
2 0.6764 0.2256 0.0890 0.0646
1 0.8621 0.5864 0.0727 0.0834
1 0.5445 0.5555 0.0543 0.0680
1 0.4880 0.4442 0.0519 0.0667
1 0.8226 0.3790 0.0702 0.0691
1 0.7895 0.5243 0.0601 0.0805
1 0.8013 0.5941 0.0646 0.0865
1 0.8940 0.8224 0.0682 0.0967
1 0.8384 0.8264 0.0640 0.0896
1 0.8118 0.6657 0.0640 0.0739
1 0.7576 0.8282 0.1223 0.0850
2 0.8799 0.2356 0.0977 0.0799
2 0.8601 0.1280 0.0946 0.0808
2 0.0992 0.2032 0.0184 0.0361
2 0.5814 0.1588 0.0824 0.0660
3 0.6570 0.0830 0.0827 0.0693
3 0.5768 0.1094 0.0816 0.0700
2 0.0808 0.2137 0.0202 0.0387
2 0.1285 0.1876 0.0389 0.0475
2 0.1619 0.1697 0.0283 0.0412
2 0.2000 0.1515 0.0452 0.0512
2 0.2470 0.1281 0.0435 0.0508
2 0.2835 0.1105 0.0242 0.0420
2 0.3090 0.0968 0.0239 0.0398
2 0.3312 0.1147 0.0103 0.0585
2 0.3078 0.1756 0.0250 0.0457
2 0.2808 0.1856 0.0263 0.0434
2 0.3073 0.2139 0.0239 0.0427
2 0.2805 0.2248 0.0261 0.0431
2 0.2413 0.2402 0.0483 0.0526
2 0.1932 0.2603 0.0474 0.0501
2 0.1545 0.2774 0.0286 0.0423
2 0.1189 0.2923 0.0417 0.0457
2 0.0895 0.3060 0.0198 0.0354
2 0.0747 0.2794 0.0187 0.0353
2 0.0930 0.2708 0.0171 0.0379
2 0.0779 0.2463 0.0193 0.0353
2 0.0970 0.2358 0.0176 0.0342
2 0.0605 0.4233 0.0203 0.0368
2 0.0804 0.4168 0.0178 0.0356
2 0.1103 0.4058 0.0412 0.0432
2 0.1469 0.3939 0.0284 0.0414
2 0.1876 0.3814 0.0482 0.0491
2 0.3725 0.2326 0.0299 0.0460
2 0.3736 0.3222 0.0313 0.0478
2 0.4212 0.2151 0.0644 0.0601
2 0.4741 0.1970 0.0439 0.0546
2 0.5244 0.2777 0.0474 0.0589
2 0.5183 0.1811 0.0445 0.0533
2 0.7745 0.0952 0.0563 0.0594
2 0.7421 0.2174 0.0477 0.0578
2 0.7921 0.2023 0.0579 0.0626
2 0.9600 0.2858 0.0420 0.0588
2 0.9538 0.8696 0.0535 0.1928
3 0.9651 0.3488 0.0293 0.0598
3 0.9406 0.6529 0.0774 0.0776
3 0.9480 0.7321 0.0641 0.0795
3 0.6695 0.1845 0.0865 0.0700
3 0.5851 0.2099 0.0831 0.0674
3 0.5212 0.2287 0.0463 0.0579
3 0.7659 0.0423 0.0554 0.0617
3 0.7196 0.0604 0.0433 0.0534
2 0.8927 0.2978 0.1035 0.0846
2 0.6640 0.1319 0.0847 0.0716
2 0.9406 0.1050 0.0753 0.0630
3 0.5154 0.1354 0.0465 0.0552
3 0.4730 0.1508 0.0421 0.0531
3 0.4196 0.1704 0.0642 0.0626
3 0.3715 0.1889 0.0313 0.0488
3 0.3394 0.2003 0.0335 0.0494
3 0.4772 0.2428 0.0427 0.0557
3 0.3730 0.2754 0.0335 0.0520
3 0.3058 0.2988 0.0266 0.0471
3 0.2788 0.3077 0.0272 0.0420
3 0.3066 0.2570 0.0261 0.0445
1 0.1262 0.6589 0.0319 0.0511
1 0.0385 0.6212 0.0261 0.0523
3 0.2791 0.2675 0.0294 0.0471
3 0.2398 0.2817 0.0488 0.0534
3 0.1885 0.3400 0.0503 0.0545
3 0.2386 0.3224 0.0494 0.0508
1 0.3044 0.5289 0.0297 0.0499
3 0.2422 0.1998 0.0470 0.0560
3 0.1911 0.2999 0.0485 0.0501
3 0.2443 0.1637 0.0472 0.0493
3 0.3081 0.1342 0.0246 0.0427
3 0.2816 0.1469 0.0248 0.0416
3 0.1251 0.2214 0.0383 0.0458
3 0.1975 0.1868 0.0483 0.0522
3 0.1591 0.2047 0.0300 0.0430
3 0.1576 0.2396 0.0297 0.0427
3 0.1216 0.2555 0.0401 0.0481
3 0.1952 0.2227 0.0477 0.0524
3 0.1491 0.3535 0.0313 0.0471
3 0.1512 0.3157 0.0313 0.0445
3 0.1159 0.3293 0.0421 0.0489
3 0.0830 0.3792 0.0200 0.0391
3 0.0675 0.3489 0.0209 0.0394
3 0.1131 0.3672 0.0416 0.0478
3 0.0871 0.3409 0.0195 0.0391
3 0.0638 0.3864 0.0218 0.0386
3 0.0714 0.3138 0.0201 0.0351
3 0.2746 0.4436 0.0296 0.0451
3 0.1036 0.4839 0.0439 0.0387
3 0.0704 0.5315 0.0204 0.0397
3 0.0509 0.4968 0.0183 0.0376
3 0.0202 0.8186 0.0255 0.0478
1 0.0545 0.4606 0.0191 0.0391
1 0.1062 0.4477 0.0435 0.0491
1 0.1435 0.4371 0.0317 0.0458
1 0.1405 0.4781 0.0313 0.0440
1 0.0744 0.4579 0.0210 0.0394
1 0.1840 0.4243 0.0525 0.0501
1 0.2326 0.4558 0.0525 0.0549
1 0.2351 0.4094 0.0514 0.0527
1 0.2755 0.3972 0.0294 0.0468
1 0.3737 0.3705 0.0321 0.0523
1 0.4824 0.3413 0.0448 0.0563
1 0.3754 0.4213 0.0334 0.0523
1 0.4858 0.3937 0.0446 0.0567
1 0.5283 0.3298 0.0466 0.0578
1 0.4287 0.4031 0.0710 0.0541
1 0.6839 0.2833 0.0939 0.0561
1 0.4279 0.4527 0.0710 0.0578
1 0.6184 0.5402 0.1014 0.0711
2 0.9038 0.9183 0.0594 0.1132
2 0.8492 0.9275 0.0601 0.1165
2 0.7700 0.9274 0.1220 0.1192
2 0.6595 0.9274 0.1194 0.1206
2 0.5763 0.9245 0.0655 0.1166
2 0.5159 0.9178 0.0599 0.1119
2 0.4460 0.9158 0.0856 0.1079
2 0.3822 0.9104 0.0418 0.1019
2 0.3405 0.9084 0.0408 0.0989
2 0.3011 0.9045 0.0342 0.0952
2 0.2650 0.9017 0.0337 0.0919
2 0.2186 0.9004 0.0559 0.0937
2 0.1620 0.8924 0.0581 0.0867
2 0.1133 0.8925 0.0364 0.0848
2 0.0724 0.8832 0.0497 0.0723
2 0.0366 0.8763 0.0254 0.0587
2 0.0143 0.8753 0.0287 0.0618
3 0.1816 0.4681 0.0516 0.0493
1 0.6131 0.4770 0.0988 0.0673
1 0.7586 0.3254 0.0535 0.0630
1 0.7153 0.5255 0.1049 0.0722
1 0.6012 0.3610 0.0874 0.0576
1 0.6066 0.4173 0.0921 0.0617
1 0.5330 0.3808 0.0481 0.0552
1 0.5967 0.3075 0.0877 0.0557
1 0.6895 0.3415 0.0914 0.0587
1 0.8482 0.5141 0.0693 0.0825
1 0.8322 0.4441 0.0613 0.0696
1 0.4245 0.3513 0.0696 0.0491
1 0.4339 0.5663 0.0777 0.0647
1 0.4359 0.6290 0.0764 0.0668
1 0.5398 0.4939 0.0517 0.0730
1 0.5376 0.4321 0.0521 0.0618
1 0.7502 0.2640 0.0565 0.0640
1 0.7060 0.4606 0.0916 0.0694
1 0.7768 0.4528 0.0543 0.0706
1 0.7223 0.5952 0.1040 0.0773
1 0.8230 0.7421 0.0646 0.0921
1 0.7312 0.6734 0.1074 0.0807
1 0.7418 0.7460 0.1093 0.0844
2 0.4241 0.3016 0.0664 0.0496
2 0.5927 0.2538 0.0878 0.0540
3 0.4227 0.2560 0.0672 0.0536
1 0.8887 0.7416 0.0752 0.0901
3 0.9282 0.4921 0.1027 0.0770
1 0.6486 0.8267 0.1046 0.0772
3 0.9349 0.5722 0.0888 0.0838
3 0.9053 0.3538 0.1077 0.0703
3 0.9723 0.4164 0.0161 0.0701
3 0.9160 0.4221 0.1024 0.0701
