3 0.1767 0.5202 0.0901 0.0780
2 0.7180 0.4421 0.0357 0.1040
2 0.0590 0.4402 0.1070 0.0751
2 0.2386 0.3224 0.0763 0.0498
2 0.3599 0.3269 0.0713 0.0520
2 0.6585 0.3342 0.0662 0.0578
2 0.6788 0.2619 0.0305 0.0826
2 0.6655 0.3921 0.0714 0.0603
2 0.6032 0.3909 0.0701 0.0650
2 0.5237 0.3881 0.0948 0.0726
2 0.4283 0.3862 0.1004 0.0650
2 0.6362 0.7544 0.1061 0.1618
2 0.2862 0.3824 0.0848 0.0594
2 0.2205 0.3786 0.0877 0.0594
2 0.5276 0.7538 0.1299 0.1788
2 0.1972 0.4435 0.0947 0.0726
2 0.2820 0.7426 0.1239 0.1629
2 0.7159 0.1720 0.0500 0.1392
2 0.9574 0.3035 0.0852 0.0977
3 0.4075 0.6154 0.1213 0.0941
3 0.5238 0.6178 0.1232 0.0893
3 0.9406 0.5579 0.1187 0.1780
3 0.3114 0.6133 0.0930 0.0981
2 0.0953 0.3725 0.0886 0.0602
2 0.7768 0.7616 0.0619 0.1754
2 0.6996 0.3132 0.0279 0.0929
3 0.7355 0.5290 0.0362 0.0981
3 0.3247 0.5218 0.0859 0.0818
3 0.1421 0.6067 0.1048 0.0987
3 0.6254 0.6275 0.0921 0.0991
2 0.0992 0.7352 0.1468 0.1527
3 0.0992 0.5177 0.1044 0.0779
2 0.9468 0.0912 0.1064 0.0682
2 0.3923 0.7454 0.1477 0.1595
2 0.0390 0.5147 0.0773 0.0735
2 0.9364 0.2209 0.1233 0.0692
2 0.1580 0.3747 0.0940 0.0613
2 0.0560 0.3167 0.1035 0.0523
2 0.7319 0.2379 0.0601 0.1602
2 0.1947 0.7403 0.1290 0.1629
2 0.7082 0.3749 0.0318 0.1003
2 0.0367 0.3695 0.0733 0.0587
2 0.1309 0.4406 0.0981 0.0714
2 0.9586 0.1528 0.0828 0.0682
2 0.3000 0.3262 0.0755 0.0540
2 0.4345 0.3282 0.0916 0.0554
2 0.1766 0.3213 0.0823 0.0511
2 0.5982 0.3343 0.0644 0.0532
2 0.1177 0.3183 0.0840 0.0489
2 0.8157 0.1517 0.1247 0.0700
2 0.9176 0.4096 0.1608 0.1181
3 0.6164 0.5348 0.0838 0.0831
3 0.5241 0.5346 0.1100 0.0829
2 0.6097 0.4585 0.0771 0.0707
2 0.3404 0.4471 0.0841 0.0650
2 0.2679 0.4453 0.0919 0.0650
2 0.6731 0.4591 0.0671 0.0690
2 0.8433 0.2196 0.1364 0.0719
2 0.5234 0.4552 0.0997 0.0697
2 0.4224 0.4519 0.1067 0.0688
2 0.7867 0.0879 0.1116 0.0682
3 0.2310 0.6098 0.0925 0.0957
2 0.8687 0.0858 0.1020 0.0682
2 0.7578 0.3010 0.0794 0.1914
2 0.3499 0.3848 0.0735 0.0584
3 0.8334 0.5684 0.1373 0.2021
2 0.9016 0.1505 0.1197 0.0668
3 0.6894 0.5364 0.0791 0.0831
2 0.8759 0.3169 0.1547 0.1186
2 0.8025 0.4664 0.1338 0.1747
3 0.2506 0.5207 0.0814 0.0780
2 0.5237 0.3307 0.0891 0.0565
3 0.7127 0.6265 0.1113 0.0943
2 0.8858 0.7539 0.2173 0.2770
2 0.7206 0.7595 0.1070 0.1630
2 0.0531 0.6057 0.1061 0.0927
3 0.4179 0.5285 0.1106 0.0761
