3 0.6272 0.5805 0.1820 0.0308
1 0.1837 0.7163 0.0925 0.0337
1 0.4766 0.8197 0.1191 0.0334
3 0.9119 0.4465 0.0992 0.0339
1 0.6301 0.7861 0.1824 0.0327
1 0.4697 0.4771 0.1183 0.0336
3 0.7920 0.5487 0.1430 0.0336
1 0.1815 0.6135 0.0929 0.0331
1 0.6254 0.7502 0.1889 0.0329
1 0.9128 0.8186 0.0913 0.0325
1 0.7938 0.7854 0.1431 0.0345
2 0.3268 0.9221 0.1756 0.0308
1 0.3184 0.6124 0.1818 0.0321
3 0.3154 0.5107 0.1862 0.0329
3 0.3156 0.4763 0.1825 0.0340
1 0.7906 0.6836 0.1383 0.0320
1 0.9128 0.6506 0.0943 0.0332
3 0.3153 0.4408 0.1768 0.0339
1 0.6289 0.8191 0.1809 0.0325
1 0.9146 0.8523 0.0938 0.0319
3 0.0635 0.4408 0.1238 0.0334
1 0.4711 0.6836 0.1105 0.0314
1 0.3231 0.7845 0.1660 0.0332
1 0.1906 0.8868 0.0909 0.0323
2 0.9177 0.9214 0.0949 0.0321
2 0.4788 0.9222 0.1186 0.0322
2 0.0774 0.9558 0.1267 0.0329
1 0.6258 0.6150 0.1873 0.0344
2 0.4789 0.9571 0.1160 0.0327
2 0.1923 0.9565 0.0941 0.0331
1 0.1906 0.8528 0.0917 0.0343
1 0.9135 0.7852 0.0901 0.0322
1 0.3265 0.8521 0.1713 0.0331
2 0.0751 0.9223 0.1227 0.0329
1 0.6237 0.6836 0.1890 0.0323
2 0.1903 0.9219 0.0915 0.0325
2 0.3290 0.9553 0.1695 0.0322
1 0.1845 0.7508 0.0902 0.0295
3 0.1774 0.5435 0.0923 0.0335
3 0.0661 0.5092 0.1193 0.0325
3 0.4727 0.5470 0.1178 0.0348
1 0.6278 0.4772 0.1793 0.0332
1 0.0664 0.6490 0.1247 0.0323
1 0.4717 0.7521 0.1150 0.0336
3 0.9122 0.5825 0.0933 0.0323
1 0.3249 0.8182 0.1671 0.0340
1 0.6242 0.6497 0.1881 0.0322
3 0.6267 0.5126 0.1837 0.0351
3 0.0640 0.4755 0.1200 0.0326
1 0.1767 0.4755 0.0902 0.0325
3 0.1775 0.5094 0.0915 0.0333
1 0.0683 0.7168 0.1245 0.0324
2 0.9148 0.9580 0.1023 0.0352
1 0.9122 0.6845 0.0924 0.0317
1 0.7947 0.8520 0.1392 0.0349
1 0.9141 0.7182 0.0922 0.0326
1 0.7923 0.7509 0.1377 0.0312
3 0.4747 0.5799 0.1166 0.0363
1 0.1812 0.6481 0.0919 0.0338
3 0.7904 0.5139 0.1357 0.0327
1 0.0727 0.8188 0.1171 0.0362
1 0.4765 0.7863 0.1190 0.0339
3 0.4657 0.4418 0.1193 0.0365
1 0.0750 0.8531 0.1185 0.0319
3 0.1780 0.5785 0.0950 0.0349
3 0.9110 0.5487 0.0973 0.0325
3 0.3162 0.5436 0.1855 0.0339
1 0.0713 0.7845 0.1158 0.0334
1 0.9136 0.7517 0.0920 0.0329
3 0.9126 0.5146 0.0980 0.0333
1 0.3193 0.6825 0.1771 0.0313
1 0.3191 0.7165 0.1767 0.0315
1 0.7937 0.8187 0.1413 0.0341
1 0.0646 0.6125 0.1260 0.0324
1 0.4769 0.8873 0.1157 0.0324
1 0.1914 0.8194 0.0952 0.0323
1 0.6316 0.8525 0.1807 0.0313
1 0.7942 0.8869 0.1355 0.0307
1 0.9141 0.8865 0.0940 0.0323
3 0.0652 0.5440 0.1198 0.0348
1 0.7900 0.7183 0.1383 0.0320
1 0.4714 0.7174 0.1137 0.0340
3 0.7928 0.5819 0.1416 0.0327
3 0.7887 0.4455 0.1383 0.0336
1 0.3189 0.6477 0.1811 0.0347
1 0.7901 0.6490 0.1379 0.0317
1 0.6323 0.8865 0.1804 0.0332
3 0.3167 0.5788 0.1827 0.0336
1 0.6228 0.7163 0.1876 0.0317
3 0.1760 0.4406 0.0898 0.0357
1 0.0706 0.7508 0.1235 0.0304
1 0.0692 0.6834 0.1263 0.0314
2 0.6310 0.9211 0.1770 0.0325
3 0.7910 0.4802 0.1387 0.0334
2 0.7941 0.9206 0.1341 0.0308
1 0.3209 0.7502 0.1737 0.0308
3 0.0650 0.5789 0.1218 0.0332
1 0.1826 0.6823 0.0915 0.0309
3 0.4699 0.5126 0.1115 0.0350
3 0.6265 0.5479 0.1826 0.0332
1 0.1878 0.7843 0.0980 0.0329
1 0.3264 0.8872 0.1686 0.0343
2 0.7953 0.9567 0.1333 0.0367
1 0.7916 0.6151 0.1375 0.0310
1 0.4759 0.8527 0.1211 0.0320
2 0.6347 0.9566 0.1768 0.0337
1 0.0742 0.8875 0.1193 0.0329
1 0.4724 0.6497 0.1140 0.0348
3 0.6268 0.4433 0.1829 0.0342
1 0.4698 0.6150 0.1136 0.0340
3 0.9140 0.6166 0.0926 0.0326
3 0.9108 0.4807 0.0960 0.0323
