3 0.9422 0.6102 0.0490 0.0372
3 0.7154 0.8822 0.0513 0.0373
3 0.9420 0.5711 0.0504 0.0378
3 0.6670 0.8847 0.0442 0.0380
3 0.7188 0.5711 0.0472 0.0361
3 0.6198 0.5724 0.0460 0.0377
3 0.7186 0.6096 0.0487 0.0370
3 0.8947 0.5711 0.0507 0.0378
3 0.7178 0.6877 0.0505 0.0380
3 0.8897 0.9226 0.0478 0.0380
3 0.6673 0.9237 0.0439 0.0380
3 0.8903 0.8817 0.0500 0.0372
3 0.6674 0.8451 0.0428 0.0373
3 0.9376 0.9239 0.0445 0.0378
3 0.9380 0.8832 0.0473 0.0379
3 0.8458 0.5327 0.0471 0.0379
3 0.6686 0.7286 0.0445 0.0377
3 0.7180 0.6493 0.0485 0.0372
3 0.3558 0.7309 0.0596 0.0380
3 0.7186 0.5323 0.0488 0.0372
3 0.9415 0.6497 0.0464 0.0372
3 0.6697 0.5343 0.0412 0.0361
3 0.8459 0.5711 0.0456 0.0344
3 0.6696 0.6518 0.0432 0.0381
3 0.8921 0.7273 0.0478 0.0370
3 0.8908 0.9667 0.0428 0.0426
3 0.8957 0.5328 0.0480 0.0373
3 0.6699 0.6123 0.0416 0.0365
3 0.8317 0.8836 0.0647 0.0359
3 0.5030 0.7304 0.0720 0.0368
3 0.6205 0.7277 0.0474 0.0379
3 0.8304 0.7678 0.0657 0.0377
3 0.5681 0.7269 0.0586 0.0344
3 0.6206 0.6894 0.0460 0.0397
3 0.6244 0.5335 0.0477 0.0364
3 0.2164 0.6566 0.1042 0.0360
3 0.1189 0.6196 0.1008 0.0363
3 0.2967 0.7321 0.0556 0.0396
3 0.1179 0.7333 0.0960 0.0395
3 0.2171 0.5024 0.1000 0.0414
3 0.0346 0.6595 0.0691 0.0430
3 0.2950 0.5385 0.0503 0.0379
3 0.1176 0.6574 0.0930 0.0366
3 0.0333 0.5834 0.0665 0.0402
3 0.1174 0.5441 0.0969 0.0383
3 0.2165 0.5785 0.1016 0.0414
3 0.1181 0.5814 0.0944 0.0408
3 0.0345 0.5057 0.0691 0.0390
3 0.0340 0.6986 0.0680 0.0363
3 0.2948 0.5783 0.0518 0.0391
3 0.0329 0.5456 0.0658 0.0401
3 0.0335 0.6217 0.0670 0.0379
3 0.0336 0.7356 0.0672 0.0381
1 0.0339 0.7725 0.0679 0.0373
3 0.1169 0.5046 0.0929 0.0415
3 0.2177 0.5400 0.0981 0.0400
3 0.5051 0.4963 0.0726 0.0381
3 0.5034 0.6523 0.0756 0.0372
3 0.4265 0.6143 0.0762 0.0383
3 0.4260 0.5760 0.0766 0.0379
3 0.6236 0.4942 0.0454 0.0377
3 0.5048 0.5742 0.0729 0.0369
3 0.2964 0.4995 0.0521 0.0390
3 0.5021 0.6137 0.0749 0.0378
3 0.4260 0.6919 0.0745 0.0368
3 0.7717 0.6117 0.0484 0.0385
3 0.4269 0.6522 0.0719 0.0384
3 0.7722 0.5728 0.0502 0.0386
3 0.8930 0.6109 0.0494 0.0391
3 0.2961 0.6927 0.0515 0.0381
3 0.7719 0.5333 0.0493 0.0382
3 0.7727 0.4939 0.0488 0.0387
3 0.2945 0.6156 0.0513 0.0381
3 0.2967 0.6554 0.0527 0.0408
3 0.5692 0.5740 0.0560 0.0416
3 0.8961 0.4935 0.0471 0.0392
3 0.9445 0.5340 0.0464 0.0366
3 0.9464 0.4934 0.0490 0.0383
3 0.5701 0.5337 0.0574 0.0374
3 0.2176 0.6188 0.0985 0.0396
3 0.5720 0.4958 0.0576 0.0397
3 0.7194 0.4943 0.0482 0.0385
3 0.5694 0.6117 0.0544 0.0396
2 0.9412 0.6894 0.0448 0.0377
3 0.3562 0.6929 0.0646 0.0358
3 0.4308 0.4968 0.0738 0.0373
3 0.3560 0.4985 0.0635 0.0360
3 0.8480 0.4922 0.0403 0.0416
3 0.6696 0.5738 0.0454 0.0385
3 0.3544 0.6146 0.0647 0.0362
3 0.8936 0.6491 0.0495 0.0347
3 0.3561 0.5383 0.0644 0.0384
3 0.6678 0.6911 0.0455 0.0375
3 0.1160 0.6968 0.0941 0.0399
3 0.2172 0.6950 0.1027 0.0391
3 0.5686 0.6510 0.0584 0.0391
3 0.8915 0.6882 0.0484 0.0410
3 0.5680 0.6899 0.0560 0.0417
3 0.4289 0.5371 0.0714 0.0412
3 0.5043 0.5354 0.0770 0.0375
3 0.3550 0.5755 0.0648 0.0364
3 0.3552 0.6525 0.0635 0.0374
3 0.6698 0.4953 0.0471 0.0387
3 0.5009 0.6916 0.0737 0.0394
3 0.8297 0.8058 0.0650 0.0361
3 0.7713 0.7281 0.0549 0.0377
3 0.7717 0.6882 0.0533 0.0390
3 0.7704 0.7666 0.0482 0.0390
3 0.7699 0.8436 0.0474 0.0385
3 0.7720 0.6502 0.0539 0.0390
3 0.7725 0.8041 0.0490 0.0344
1 0.8914 0.7677 0.0499 0.0353
1 0.7180 0.7687 0.0523 0.0379
1 0.7175 0.8052 0.0514 0.0368
1 0.9404 0.7672 0.0445 0.0370
1 0.9405 0.8076 0.0463 0.0369
3 0.9397 0.7285 0.0477 0.0365
3 0.7172 0.7288 0.0496 0.0394
3 0.8314 0.6504 0.0653 0.0380
3 0.8315 0.7276 0.0634 0.0369
3 0.4254 0.8087 0.0766 0.0411
3 0.3543 0.8091 0.0655 0.0381
3 0.5657 0.9233 0.0578 0.0398
3 0.6172 0.9231 0.0497 0.0374
3 0.6193 0.8849 0.0463 0.0376
3 0.4242 0.9237 0.0703 0.0363
3 0.5672 0.8841 0.0573 0.0367
3 0.3567 0.9228 0.0640 0.0382
3 0.2976 0.9673 0.0526 0.0394
3 0.6196 0.8456 0.0468 0.0385
3 0.6672 0.8073 0.0455 0.0398
3 0.2949 0.8853 0.0554 0.0385
3 0.7181 0.9217 0.0542 0.0394
3 0.7727 0.9223 0.0525 0.0383
3 0.7716 0.8828 0.0528 0.0385
3 0.4997 0.9664 0.0738 0.0413
2 0.7196 0.9623 0.0509 0.0377
1 0.7174 0.8437 0.0513 0.0377
1 0.5686 0.8450 0.0552 0.0398
1 0.9384 0.8459 0.0467 0.0391
1 0.5025 0.7678 0.0745 0.0385
1 0.5686 0.8061 0.0540 0.0394
1 0.5023 0.8072 0.0737 0.0392
1 0.5019 0.8455 0.0749 0.0384
1 0.5680 0.7669 0.0543 0.0405
1 0.8899 0.8462 0.0492 0.0386
3 0.9374 0.9673 0.0418 0.0416
3 0.7733 0.9644 0.0509 0.0389
3 0.5673 0.9660 0.0537 0.0425
3 0.4241 0.9663 0.0704 0.0436
3 0.3572 0.9681 0.0630 0.0432
3 0.8325 0.9662 0.0659 0.0428
3 0.3558 0.8852 0.0610 0.0379
3 0.6189 0.9635 0.0475 0.0360
3 0.6684 0.9640 0.0458 0.0373
3 0.4996 0.9236 0.0731 0.0415
3 0.5006 0.8840 0.0755 0.0356
3 0.8324 0.9223 0.0620 0.0392
3 0.1200 0.9672 0.0937 0.0377
3 0.1193 0.9270 0.0947 0.0407
3 0.4268 0.7305 0.0794 0.0372
3 0.2969 0.9251 0.0547 0.0401
3 0.2958 0.8460 0.0549 0.0382
3 0.2175 0.9676 0.1020 0.0405
3 0.2949 0.8086 0.0549 0.0392
3 0.2942 0.7708 0.0564 0.0377
3 0.6200 0.8066 0.0461 0.0396
1 0.2162 0.7710 0.1002 0.0407
1 0.0331 0.8101 0.0661 0.0348
1 0.6199 0.7672 0.0467 0.0402
1 0.1155 0.7732 0.0952 0.0406
1 0.0342 0.8856 0.0684 0.0369
1 0.4256 0.7682 0.0754 0.0400
1 0.0337 0.8476 0.0675 0.0367
3 0.3554 0.8475 0.0638 0.0373
3 0.2154 0.8482 0.0978 0.0362
3 0.4260 0.8473 0.0741 0.0374
3 0.6679 0.7672 0.0469 0.0360
3 0.0361 0.9262 0.0721 0.0411
3 0.1184 0.8862 0.0950 0.0376
3 0.2178 0.7331 0.1002 0.0375
3 0.0361 0.9679 0.0722 0.0422
3 0.4255 0.8847 0.0731 0.0387
3 0.3552 0.7708 0.0630 0.0365
3 0.2166 0.9261 0.0999 0.0384
3 0.2152 0.8852 0.1012 0.0373
1 0.8916 0.8063 0.0539 0.0373
3 0.8288 0.8455 0.0651 0.0386
3 0.2159 0.8092 0.1008 0.0381
3 0.1172 0.8120 0.0945 0.0389
3 0.1199 0.8491 0.0927 0.0363
3 0.8331 0.6887 0.0655 0.0375
3 0.8326 0.6114 0.0653 0.0395
3 0.6205 0.6106 0.0475 0.0390
3 0.6212 0.6505 0.0494 0.0377
