1 0.5269 0.2643 0.0472 0.0452
1 0.1237 0.5965 0.0340 0.0537
1 0.9062 0.7724 0.0666 0.0884
1 0.0379 0.5322 0.0246 0.0435
1 0.2400 0.1557 0.0500 0.0407
1 0.1781 0.4121 0.0553 0.0478
1 0.3721 0.4086 0.0380 0.0488
1 0.2342 0.3116 0.0540 0.0468
1 0.4318 0.4935 0.0814 0.0583
1 0.0991 0.4385 0.0465 0.0463
1 0.3351 0.6225 0.0407 0.0554
1 0.1918 0.1817 0.0512 0.0474
1 0.4789 0.2264 0.0499 0.0452
1 0.4400 0.6662 0.0851 0.0627
1 0.1148 0.7418 0.0344 0.0552
1 0.3760 0.6207 0.0412 0.0576
1 0.4206 0.2435 0.0714 0.0445
1 0.9671 0.2005 0.0658 0.0675
1 0.1853 0.2944 0.0532 0.0375
1 0.7809 0.0778 0.0637 0.0591
1 0.3805 0.8010 0.0429 0.0641
1 0.0095 0.8517 0.0189 0.0471
1 0.1027 0.3965 0.0446 0.0399
1 0.2979 0.6227 0.0356 0.0529
1 0.9282 0.0106 0.0750 0.0212
1 0.6025 0.3425 0.0947 0.0496
1 0.0456 0.6539 0.0281 0.0486
1 0.0649 0.2797 0.0257 0.0362
1 0.2304 0.3941 0.0553 0.0458
1 0.1286 0.5570 0.0350 0.0511
1 0.0681 0.2454 0.0196 0.0381
1 0.0250 0.6575 0.0278 0.0448
1 0.8787 0.1545 0.1080 0.0563
1 0.7927 0.1300 0.0642 0.0567
1 0.6864 0.2642 0.1006 0.0518
3 0.2624 0.9117 0.0358 0.0492
1 0.2280 0.4374 0.0538 0.0472
1 0.3013 0.5158 0.0294 0.0611
1 0.8901 0.2112 0.1053 0.0607
3 0.3817 0.9311 0.0445 0.0801
1 0.9813 0.3234 0.0373 0.0681
1 0.3364 0.7391 0.0462 0.0583
1 0.9245 0.3920 0.1158 0.0667
1 0.5402 0.4179 0.0449 0.0536
1 0.8422 0.7806 0.0645 0.0846
1 0.6530 0.7900 0.1153 0.0759
1 0.2774 0.1862 0.0292 0.0499
1 0.5109 0.7267 0.0549 0.0714
1 0.3351 0.4669 0.0371 0.0488
1 0.5743 0.8616 0.0653 0.0718
1 0.0567 0.3433 0.0238 0.0362
1 0.0529 0.3818 0.0223 0.0415
1 0.7752 0.8594 0.1181 0.0799
1 0.3348 0.5675 0.0393 0.0532
1 0.4983 0.5324 0.0505 0.0578
1 0.4288 0.4374 0.0764 0.0510
1 0.8174 0.2988 0.0686 0.0726
1 0.3040 0.2081 0.0289 0.0438
1 0.0737 0.7451 0.0512 0.0526
3 0.1513 0.9103 0.0638 0.0599
1 0.9878 0.3887 0.0244 0.0737
1 0.5539 0.5922 0.0476 0.0606
1 0.7156 0.4978 0.1041 0.0671
1 0.3032 0.2470 0.0283 0.0452
1 0.5027 0.5915 0.0604 0.0586
1 0.4188 0.1961 0.0687 0.0503
1 0.1062 0.3604 0.0452 0.0355
1 0.0946 0.4803 0.0489 0.0482
1 0.3688 0.2217 0.0332 0.0470
1 0.1176 0.2243 0.0433 0.0567
1 0.2387 0.1922 0.0513 0.0380
1 0.9101 0.3275 0.1103 0.0678
1 0.2356 0.2713 0.0519 0.0458
1 0.9524 0.6014 0.0953 0.0792
1 0.0147 0.7493 0.0285 0.0495
1 0.3710 0.3129 0.0351 0.0456
1 0.1390 0.3847 0.0352 0.0414
1 0.3778 0.7369 0.0403 0.0641
1 0.3025 0.2900 0.0281 0.0443
2 0.9237 0.9454 0.0670 0.1041
1 0.7263 0.5652 0.1072 0.0707
1 0.3348 0.6801 0.0412 0.0612
1 0.0177 0.7028 0.0266 0.0526
1 0.1676 0.5895 0.0596 0.0563
1 0.1419 0.3464 0.0347 0.0399
1 0.9931 0.0822 0.0139 0.0563
1 0.7342 0.0908 0.0505 0.0605
1 0.0932 0.5208 0.0478 0.0491
1 0.3349 0.3239 0.0378 0.0419
1 0.0634 0.8520 0.0540 0.0501
1 0.0580 0.5277 0.0221 0.0456
1 0.2994 0.7335 0.0324 0.0562
1 0.2653 0.6791 0.0360 0.0568
1 0.1897 0.2209 0.0517 0.0319
1 0.2697 0.5232 0.0333 0.0567
1 0.2972 0.8597 0.0350 0.0607
1 0.3029 0.3327 0.0283 0.0488
1 0.7976 0.1797 0.0686 0.0564
1 0.6783 0.2136 0.0966 0.0459
1 0.8290 0.7022 0.0668 0.0919
1 0.8796 0.6246 0.0682 0.0824
1 0.1301 0.5132 0.0385 0.0531
1 0.4229 0.2898 0.0723 0.0466
1 0.9472 0.0875 0.0789 0.0466
1 0.5839 0.1389 0.0851 0.0525
1 0.2246 0.5336 0.0534 0.0537
1 0.7029 0.3808 0.1061 0.0577
1 0.5065 0.6576 0.0604 0.0699
1 0.3721 0.3603 0.0343 0.0492
1 0.0606 0.4881 0.0251 0.0456
1 0.1509 0.2368 0.0328 0.0370
1 0.7931 0.4908 0.0618 0.0744
1 0.4950 0.4748 0.0538 0.0576
1 0.1805 0.3683 0.0549 0.0408
1 0.0526 0.6102 0.0270 0.0473
1 0.4426 0.7982 0.0861 0.0730
1 0.0849 0.6034 0.0505 0.0551
1 0.7490 0.7095 0.1089 0.0708
1 0.6667 0.1076 0.0998 0.0554
1 0.3013 0.4651 0.0316 0.0585
1 0.0472 0.4542 0.0255 0.0406
1 0.7746 0.3669 0.0576 0.0688
1 0.5233 0.2165 0.0472 0.0445
3 0.0172 0.8930 0.0344 0.0388
1 0.8472 0.0152 0.0948 0.0303
1 0.2981 0.6760 0.0350 0.0599
1 0.1086 0.3230 0.0448 0.0400
1 0.2981 0.7941 0.0357 0.0681
1 0.9356 0.0410 0.0743 0.0469
1 0.1759 0.4550 0.0551 0.0389
1 0.1837 0.3308 0.0542 0.0354
1 0.1621 0.6378 0.0615 0.0516
1 0.1577 0.7957 0.0638 0.0599
1 0.0399 0.7015 0.0262 0.0501
1 0.3700 0.2686 0.0332 0.0431
1 0.6208 0.5149 0.1029 0.0635
1 0.8573 0.8572 0.0643 0.0755
1 0.6336 0.6439 0.1102 0.0664
3 0.4474 0.9336 0.0911 0.0810
1 0.6735 0.1637 0.0988 0.0525
1 0.5308 0.3120 0.0485 0.0503
1 0.7606 0.7828 0.1060 0.0802
1 0.6006 0.2911 0.0947 0.0489
1 0.0802 0.6515 0.0540 0.0534
1 0.3377 0.7999 0.0448 0.0636
1 0.1534 0.8560 0.0653 0.0583
1 0.3362 0.5150 0.0393 0.0474
1 0.0613 0.3109 0.0246 0.0460
1 0.0678 0.4485 0.0270 0.0442
1 0.1533 0.2010 0.0311 0.0376
1 0.0302 0.6137 0.0275 0.0448
1 0.7644 0.3105 0.0604 0.0626
1 0.4814 0.2730 0.0504 0.0452
1 0.6409 0.7128 0.1139 0.0780
1 0.2722 0.3836 0.0327 0.0439
1 0.6141 0.4555 0.1043 0.0540
1 0.3005 0.4171 0.0342 0.0432
1 0.0816 0.3006 0.0227 0.0391
1 0.1448 0.3063 0.0337 0.0361
2 0.3380 0.9350 0.0494 0.0918
1 0.4258 0.3401 0.0755 0.0539
1 0.5203 0.1666 0.0403 0.0554
2 0.8674 0.9459 0.0653 0.1032
1 0.2778 0.1473 0.0294 0.0521
1 0.3742 0.5106 0.0393 0.0547
1 0.0121 0.8006 0.0241 0.0532
1 0.8075 0.2342 0.0642 0.0606
1 0.1054 0.8529 0.0408 0.0532
1 0.5698 0.7937 0.0640 0.0628
1 0.3809 0.8619 0.0439 0.0625
1 0.5595 0.6550 0.0511 0.0705
1 0.0346 0.5711 0.0254 0.0439
1 0.0753 0.6969 0.0538 0.0511
1 0.0892 0.5616 0.0478 0.0499
1 0.1875 0.2557 0.0530 0.0407
1 0.1333 0.4709 0.0379 0.0521
1 0.2651 0.7952 0.0376 0.0650
1 0.0570 0.5672 0.0259 0.0473
1 0.4357 0.6064 0.0810 0.0584
1 0.4275 0.3897 0.0764 0.0445
1 0.2127 0.8575 0.0610 0.0626
1 0.2183 0.7944 0.0625 0.0614
1 0.2679 0.5705 0.0321 0.0593
3 0.5190 0.9298 0.0627 0.0759
2 0.9737 0.9026 0.0527 0.1915
1 0.2610 0.8606 0.0358 0.0638
1 0.9456 0.5302 0.1073 0.0748
1 0.3351 0.4184 0.0371 0.0466
3 0.0588 0.8964 0.0519 0.0380
1 0.7093 0.4369 0.1061 0.0562
1 0.0379 0.7493 0.0269 0.0526
1 0.2222 0.5790 0.0567 0.0599
1 0.9609 0.1404 0.0782 0.0575
1 0.6272 0.5776 0.1038 0.0620
1 0.3058 0.1348 0.0275 0.0529
1 0.4928 0.4250 0.0560 0.0455
1 0.3010 0.5674 0.0310 0.0559
1 0.5435 0.4713 0.0502 0.0589
1 0.1360 0.4305 0.0334 0.0517
1 0.8061 0.5546 0.0639 0.0766
1 0.5926 0.2431 0.0915 0.0481
1 0.0275 0.8513 0.0257 0.0464
1 0.2692 0.4769 0.0337 0.0607
1 0.1177 0.6460 0.0317 0.0454
1 0.2694 0.4264 0.0316 0.0465
1 0.1589 0.7428 0.0622 0.0532
1 0.0422 0.4915 0.0256 0.0465
1 0.0335 0.7996 0.0298 0.0593
1 0.3730 0.4578 0.0380 0.0481
1 0.2752 0.2607 0.0305 0.0410
1 0.0706 0.7962 0.0580 0.0588
1 0.0510 0.4173 0.0257 0.0427
1 0.9174 0.8520 0.0676 0.0774
1 0.1106 0.7962 0.0389 0.0578
1 0.1720 0.5476 0.0570 0.0544
1 0.4443 0.8609 0.0859 0.0656
3 0.2122 0.9135 0.0622 0.0595
1 0.7570 0.2492 0.0543 0.0591
1 0.2373 0.2313 0.0515 0.0403
1 0.1473 0.2731 0.0330 0.0398
1 0.3020 0.3751 0.0313 0.0476
1 0.2741 0.2997 0.0300 0.0464
1 0.2180 0.7379 0.0580 0.0527
1 0.9663 0.7650 0.0674 0.0941
1 0.8979 0.2673 0.1091 0.0566
1 0.0725 0.3731 0.0244 0.0445
1 0.9750 0.2621 0.0500 0.0693
1 0.3746 0.5642 0.0384 0.0539
1 0.6080 0.3986 0.0983 0.0613
1 0.8951 0.6926 0.0737 0.0814
1 0.8584 0.0552 0.1003 0.0505
1 0.9597 0.6862 0.0805 0.0892
2 0.7832 0.9468 0.1295 0.1014
1 0.6581 0.8606 0.1157 0.0786
1 0.5110 0.7973 0.0561 0.0740
2 0.5768 0.9284 0.0659 0.0700
1 0.5154 0.8628 0.0626 0.0693
1 0.4766 0.1794 0.0508 0.0503
1 0.1594 0.6866 0.0599 0.0593
1 0.0778 0.3370 0.0217 0.0370
1 0.3355 0.3700 0.0374 0.0504
1 0.9372 0.4576 0.1162 0.0728
1 0.2766 0.2197 0.0302 0.0447
1 0.8648 0.5506 0.0675 0.0817
1 0.2264 0.4876 0.0525 0.0557
1 0.6958 0.3214 0.1020 0.0613
1 0.7406 0.6381 0.1112 0.0693
1 0.7408 0.1447 0.0527 0.0546
1 0.9942 0.4559 0.0116 0.0718
1 0.4909 0.3764 0.0521 0.0517
1 0.9860 0.0339 0.0279 0.0564
1 0.8487 0.4839 0.0686 0.0810
1 0.2726 0.3422 0.0324 0.0472
1 0.2177 0.6819 0.0580 0.0593
1 0.4869 0.3237 0.0549 0.0532
1 0.2180 0.6319 0.0580 0.0593
1 0.3378 0.8597 0.0462 0.0607
1 0.3357 0.2810 0.0355 0.0425
2 0.1007 0.9061 0.0378 0.0582
1 0.4336 0.5500 0.0787 0.0532
1 0.8396 0.4134 0.0746 0.0690
1 0.7490 0.1966 0.0538 0.0570
1 0.2329 0.3494 0.0536 0.0394
1 0.3772 0.6761 0.0425 0.0547
3 0.2963 0.9135 0.0351 0.0480
1 0.5871 0.1921 0.0915 0.0510
1 0.0837 0.2718 0.0225 0.0400
1 0.1171 0.2527 0.0394 0.0312
1 0.2662 0.7333 0.0359 0.0578
1 0.5378 0.3647 0.0432 0.0579
1 0.5486 0.5297 0.0527 0.0618
1 0.8297 0.3525 0.0659 0.0644
1 0.2658 0.6231 0.0378 0.0615
1 0.8178 0.6308 0.0682 0.0846
1 0.0873 0.2401 0.0214 0.0430
1 0.5661 0.7275 0.0608 0.0714
1 0.3052 0.1739 0.0286 0.0495
3 0.6670 0.9445 0.1210 0.0987
1 0.0727 0.4111 0.0247 0.0487
1 0.1131 0.2875 0.0421 0.0340
1 0.7842 0.4292 0.0593 0.0726
1 0.1732 0.4974 0.0560 0.0454
1 0.3346 0.2331 0.0355 0.0535
1 0.4403 0.7293 0.0837 0.0678
1 0.8668 0.1052 0.1069 0.0498
1 0.1140 0.6904 0.0327 0.0454
