2 0.6604 0.5497 0.0241 0.0358
2 0.6881 0.9819 0.0337 0.0361
2 0.4749 0.5776 0.0340 0.0345
2 0.8370 0.6704 0.0515 0.0369
2 0.2915 0.4980 0.0314 0.0377
1 0.2286 0.9299 0.0588 0.0396
2 0.9212 0.7452 0.0478 0.0374
2 0.2527 0.3832 0.0551 0.0343
1 0.0518 0.6440 0.0227 0.0378
1 0.5543 0.9342 0.0597 0.0400
2 0.1718 0.9753 0.0557 0.0451
2 0.2497 0.4982 0.0547 0.0389
3 0.1851 0.6490 0.0606 0.0403
1 0.4699 0.7720 0.0344 0.0393
2 0.2520 0.3414 0.0567 0.0416
2 0.3372 0.9831 0.0373 0.0336
1 0.5056 0.8532 0.0337 0.0378
1 0.5052 0.8933 0.0333 0.0412
1 0.6886 0.8145 0.0296 0.0405
2 0.9083 0.6714 0.0229 0.0429
3 0.9809 0.7815 0.0233 0.0313
3 0.2861 0.6488 0.0305 0.0313
2 0.9560 0.6768 0.0244 0.0405
1 0.2864 0.7263 0.0281 0.0410
2 0.1295 0.9687 0.0311 0.0507
1 0.6892 0.7011 0.0285 0.0363
2 0.3859 0.5002 0.0283 0.0390
2 0.5549 0.9787 0.0630 0.0425
2 0.0950 0.4568 0.0570 0.0382
1 0.2778 0.8894 0.0281 0.0411
3 0.4742 0.6118 0.0336 0.0369
3 0.9596 0.8539 0.0205 0.0313
2 0.4662 0.9833 0.0354 0.0323
3 0.8826 0.8169 0.0337 0.0353
1 0.5546 0.8942 0.0592 0.0447
2 0.0299 0.5723 0.0221 0.0387
2 0.0969 0.3804 0.0536 0.0416
1 0.0900 0.6465 0.0497 0.0385
2 0.8804 0.7085 0.0348 0.0374
2 0.0565 0.4562 0.0233 0.0379
3 0.0513 0.6068 0.0227 0.0332
2 0.9310 0.6753 0.0280 0.0381
1 0.3741 0.8929 0.0287 0.0444
1 0.1322 0.7269 0.0339 0.0432
2 0.1912 0.4981 0.0616 0.0372
2 0.2939 0.4223 0.0290 0.0380
3 0.9259 0.8909 0.0483 0.0374
2 0.0549 0.4948 0.0238 0.0403
3 0.5101 0.6150 0.0337 0.0353
2 0.7889 0.9788 0.0539 0.0423
3 0.0916 0.6066 0.0543 0.0393
1 0.4180 0.9312 0.0599 0.0427
1 0.4199 0.8896 0.0585 0.0441
2 0.2712 0.9828 0.0353 0.0343
3 0.0285 0.6098 0.0199 0.0340
1 0.4205 0.8496 0.0582 0.0391
2 0.3248 0.3846 0.0301 0.0378
2 0.9787 0.7140 0.0215 0.0378
2 0.8374 0.7455 0.0521 0.0387
2 0.7338 0.6647 0.0531 0.0376
1 0.3116 0.7668 0.0281 0.0410
1 0.6591 0.9312 0.0247 0.0409
3 0.6599 0.6214 0.0244 0.0348
2 0.2890 0.5731 0.0303 0.0386
3 0.4248 0.6534 0.0556 0.0357
2 0.9568 0.7122 0.0239 0.0394
2 0.5099 0.5782 0.0353 0.0361
3 0.8381 0.7801 0.0535 0.0349
1 0.1290 0.8423 0.0295 0.0432
2 0.4770 0.5034 0.0350 0.0352
1 0.6882 0.7752 0.0285 0.0379
2 0.1453 0.3791 0.0395 0.0424
3 0.9607 0.8909 0.0205 0.0313
2 0.7863 0.7422 0.0474 0.0349
2 0.1427 0.4575 0.0391 0.0404
2 0.7342 0.7795 0.0521 0.0383
1 0.3434 0.8505 0.0317 0.0407
2 0.3558 0.4607 0.0298 0.0415
3 0.1356 0.6484 0.0350 0.0371
2 0.3534 0.5366 0.0306 0.0393
3 0.6174 0.6596 0.0563 0.0335
2 0.6887 0.5529 0.0297 0.0369
3 0.5586 0.6197 0.0605 0.0353
1 0.5578 0.6950 0.0566 0.0340
1 0.3779 0.7311 0.0273 0.0358
2 0.0331 0.4226 0.0231 0.0359
2 0.0958 0.4181 0.0574 0.0390
2 0.6197 0.4731 0.0559 0.0354
2 0.0339 0.3817 0.0239 0.0424
2 0.9800 0.7490 0.0230 0.0356
1 0.1711 0.9303 0.0576 0.0444
2 0.6184 0.5096 0.0570 0.0326
1 0.6887 0.7370 0.0277 0.0364
2 0.5594 0.5444 0.0619 0.0345
3 0.3821 0.6103 0.0276 0.0366
3 0.9237 0.8181 0.0481 0.0334
1 0.6891 0.9312 0.0295 0.0412
1 0.2433 0.7251 0.0547 0.0397
1 0.0904 0.9180 0.0388 0.0440
1 0.3401 0.9359 0.0372 0.0458
1 0.4204 0.8098 0.0590 0.0380
2 0.0312 0.4958 0.0235 0.0414
2 0.0985 0.3411 0.0571 0.0413
2 0.9573 0.7476 0.0237 0.0363
1 0.0875 0.7257 0.0509 0.0397
1 0.5087 0.6936 0.0318 0.0333
3 0.3167 0.6497 0.0270 0.0347
2 0.3205 0.5358 0.0254 0.0411
2 0.1403 0.5326 0.0399 0.0378
1 0.0831 0.7643 0.0509 0.0397
1 0.2438 0.6870 0.0547 0.0397
1 0.3812 0.6894 0.0268 0.0372
1 0.6589 0.8137 0.0252 0.0400
3 0.1872 0.6074 0.0604 0.0382
3 0.7859 0.7778 0.0486 0.0302
3 0.3811 0.6496 0.0258 0.0360
3 0.8838 0.8918 0.0339 0.0378
1 0.3754 0.8097 0.0263 0.0372
1 0.2340 0.8882 0.0547 0.0397
1 0.2768 0.8066 0.0281 0.0410
1 0.4233 0.7315 0.0573 0.0417
1 0.2356 0.8477 0.0547 0.0397
2 0.6585 0.9822 0.0286 0.0356
3 0.0511 0.6815 0.0227 0.0332
1 0.1854 0.6874 0.0627 0.0397
2 0.7340 0.7406 0.0534 0.0382
2 0.1902 0.5330 0.0625 0.0355
2 0.2516 0.4205 0.0552 0.0391
1 0.4682 0.9337 0.0335 0.0437
2 0.7857 0.6642 0.0487 0.0396
1 0.6170 0.7723 0.0539 0.0362
2 0.0576 0.3806 0.0258 0.0422
2 0.1938 0.4194 0.0598 0.0393
1 0.5083 0.7316 0.0319 0.0386
2 0.3700 0.9830 0.0286 0.0337
2 0.6136 0.9837 0.0547 0.0320
2 0.3229 0.4602 0.0257 0.0404
2 0.4301 0.4670 0.0575 0.0463
2 0.3023 0.9818 0.0268 0.0361
2 0.8804 0.7453 0.0336 0.0366
2 0.9786 0.6770 0.0242 0.0412
1 0.4233 0.7697 0.0567 0.0391
2 0.2485 0.5345 0.0547 0.0375
1 0.1258 0.8036 0.0295 0.0432
1 0.3154 0.7293 0.0281 0.0410
2 0.0944 0.4955 0.0562 0.0427
2 0.5600 0.5073 0.0620 0.0338
3 0.6885 0.6229 0.0299 0.0354
2 0.4281 0.5755 0.0591 0.0336
2 0.8425 0.9742 0.0539 0.0515
1 0.3717 0.9361 0.0278 0.0460
2 0.3841 0.5756 0.0288 0.0399
1 0.1263 0.9243 0.0295 0.0432
3 0.9265 0.9307 0.0483 0.0374
1 0.0498 0.7949 0.0166 0.0378
2 0.5615 0.4702 0.0606 0.0405
1 0.6151 0.8928 0.0543 0.0424
3 0.7346 0.8938 0.0532 0.0392
1 0.1756 0.8459 0.0627 0.0397
2 0.6890 0.5159 0.0284 0.0421
1 0.2328 0.8060 0.0547 0.0397
1 0.3410 0.8923 0.0337 0.0424
2 0.2952 0.3858 0.0323 0.0383
1 0.3424 0.8089 0.0333 0.0382
1 0.4693 0.8104 0.0336 0.0395
2 0.3221 0.4970 0.0269 0.0413
1 0.0515 0.7210 0.0227 0.0379
1 0.0901 0.8429 0.0509 0.0397
1 0.0840 0.8042 0.0509 0.0397
3 0.5581 0.6558 0.0571 0.0380
1 0.6171 0.7366 0.0540 0.0404
1 0.6599 0.8518 0.0235 0.0387
3 0.7873 0.8544 0.0491 0.0353
3 0.3502 0.6104 0.0308 0.0357
2 0.2911 0.5357 0.0287 0.0435
1 0.0326 0.7206 0.0131 0.0378
1 0.6153 0.9316 0.0551 0.0416
3 0.8816 0.7789 0.0337 0.0336
1 0.4687 0.8924 0.0337 0.0442
2 0.8797 0.6713 0.0336 0.0387
1 0.3091 0.8091 0.0281 0.0410
1 0.1842 0.7228 0.0627 0.0397
3 0.9589 0.8178 0.0205 0.0313
1 0.5054 0.9331 0.0335 0.0402
2 0.6599 0.5121 0.0254 0.0380
1 0.3754 0.8485 0.0261 0.0415
3 0.7340 0.8554 0.0532 0.0392
1 0.2877 0.6894 0.0281 0.0410
3 0.6603 0.6613 0.0239 0.0360
2 0.0926 0.5379 0.0562 0.0455
2 0.7346 0.9571 0.0539 0.0787
2 0.1439 0.4166 0.0393 0.0413
2 0.2950 0.3454 0.0356 0.0411
1 0.4711 0.7319 0.0333 0.0379
1 0.6592 0.8930 0.0251 0.0405
3 0.2894 0.6127 0.0255 0.0353
3 0.9239 0.8540 0.0472 0.0339
2 0.5045 0.9784 0.0337 0.0411
3 0.0289 0.6467 0.0195 0.0372
1 0.4717 0.6905 0.0328 0.0365
1 0.0898 0.6852 0.0509 0.0397
1 0.3167 0.6870 0.0281 0.0410
3 0.6174 0.6228 0.0540 0.0350
2 0.6890 0.5884 0.0281 0.0350
2 0.4163 0.9831 0.0615 0.0337
2 0.0572 0.4194 0.0229 0.0383
2 0.3546 0.4994 0.0307 0.0407
3 0.7878 0.8941 0.0506 0.0377
1 0.3473 0.6901 0.0304 0.0383
3 0.7864 0.8151 0.0481 0.0337
1 0.3776 0.7713 0.0256 0.0401
1 0.2438 0.6480 0.0520 0.0342
1 0.1785 0.7619 0.0627 0.0397
2 0.7345 0.7029 0.0533 0.0366
2 0.5112 0.5423 0.0358 0.0340
1 0.1287 0.8852 0.0295 0.0432
1 0.6603 0.6986 0.0233 0.0355
3 0.3176 0.6110 0.0269 0.0347
1 0.6595 0.7354 0.0235 0.0349
1 0.1750 0.8870 0.0627 0.0397
1 0.2344 0.7637 0.0547 0.0397
2 0.3194 0.5753 0.0260 0.0397
1 0.0606 0.8694 0.0131 0.0378
2 0.0586 0.3418 0.0254 0.0397
2 0.9217 0.7106 0.0482 0.0348
2 0.6181 0.5477 0.0550 0.0346
3 0.5086 0.6550 0.0340 0.0392
2 0.1399 0.5707 0.0375 0.0381
2 0.9611 0.9727 0.0201 0.0452
2 0.3265 0.3452 0.0299 0.0452
3 0.8405 0.8934 0.0506 0.0377
2 0.1419 0.4949 0.0387 0.0379
2 0.1029 0.9664 0.0290 0.0502
3 0.8417 0.9290 0.0538 0.0364
3 0.9835 0.8896 0.0225 0.0321
2 0.0329 0.4572 0.0210 0.0414
1 0.6879 0.8542 0.0292 0.0369
2 0.5124 0.5044 0.0355 0.0380
1 0.1747 0.8036 0.0627 0.0397
2 0.2472 0.5733 0.0539 0.0377
1 0.5060 0.8143 0.0341 0.0403
2 0.3850 0.5379 0.0295 0.0414
1 0.0495 0.7591 0.0227 0.0378
3 0.9229 0.7810 0.0479 0.0345
1 0.0559 0.8320 0.0160 0.0379
2 0.2935 0.4606 0.0302 0.0430
2 0.4760 0.5387 0.0341 0.0383
1 0.3081 0.8894 0.0281 0.0411
1 0.3041 0.9331 0.0281 0.0410
2 0.4293 0.5390 0.0555 0.0337
2 0.5592 0.5801 0.0603 0.0320
3 0.8390 0.8547 0.0518 0.0347
2 0.1924 0.4581 0.0604 0.0387
2 0.7863 0.7053 0.0482 0.0373
3 0.9584 0.7812 0.0205 0.0313
1 0.4686 0.8513 0.0335 0.0399
3 0.1374 0.6075 0.0374 0.0397
2 0.2277 0.9836 0.0528 0.0329
2 0.1963 0.3522 0.0627 0.0257
3 0.2470 0.6099 0.0550 0.0370
2 0.8371 0.7074 0.0526 0.0382
2 0.3868 0.4610 0.0293 0.0433
2 0.8840 0.9312 0.0342 0.0387
2 0.3240 0.4216 0.0273 0.0404
2 0.9818 0.9698 0.0221 0.0444
2 0.6178 0.5848 0.0554 0.0323
3 0.6874 0.6606 0.0274 0.0357
1 0.1340 0.6840 0.0323 0.0432
2 0.8822 0.8528 0.0347 0.0377
2 0.6895 0.4776 0.0299 0.0399
2 0.3507 0.5759 0.0349 0.0383
2 0.4775 0.4665 0.0355 0.0400
3 0.7887 0.9337 0.0506 0.0377
3 0.9834 0.9257 0.0225 0.0322
2 0.0307 0.5343 0.0223 0.0426
1 0.3119 0.8508 0.0281 0.0410
1 0.3453 0.7295 0.0303 0.0372
1 0.5554 0.8544 0.0588 0.0406
3 0.7342 0.8161 0.0516 0.0385
1 0.6154 0.8526 0.0552 0.0381
1 0.6168 0.6955 0.0537 0.0380
1 0.4245 0.6900 0.0562 0.0366
1 0.1271 0.7686 0.0295 0.0432
1 0.6603 0.7730 0.0230 0.0360
1 0.5568 0.7732 0.0589 0.0374
3 0.9824 0.8552 0.0225 0.0322
2 0.0536 0.5709 0.0228 0.0367
1 0.2806 0.7662 0.0281 0.0411
2 0.8845 0.9766 0.0285 0.0433
2 0.6605 0.4770 0.0267 0.0379
1 0.0299 0.6834 0.0169 0.0342
2 0.1887 0.5705 0.0618 0.0385
2 0.9248 0.9780 0.0539 0.0440
1 0.3444 0.7685 0.0308 0.0380
1 0.5073 0.7724 0.0314 0.0393
2 0.1459 0.3392 0.0387 0.0422
1 0.2733 0.9323 0.0315 0.0429
2 0.1970 0.3400 0.0620 0.0441
2 0.2509 0.4601 0.0551 0.0385
3 0.4733 0.6520 0.0327 0.0372
2 0.1954 0.3813 0.0624 0.0396
3 0.3486 0.6502 0.0304 0.0350
1 0.6167 0.8132 0.0542 0.0399
2 0.4304 0.5018 0.0572 0.0344
2 0.0353 0.3454 0.0201 0.0364
2 0.0540 0.5331 0.0229 0.0398
3 0.8387 0.8167 0.0535 0.0349
2 0.5138 0.4658 0.0362 0.0369
1 0.5562 0.8136 0.0590 0.0408
1 0.2832 0.8465 0.0281 0.0410
1 0.6877 0.8927 0.0288 0.0405
3 0.9611 0.9265 0.0205 0.0313
3 0.9817 0.8183 0.0225 0.0322
3 0.4264 0.6128 0.0568 0.0369
1 0.5571 0.7359 0.0592 0.0393
