1 0.0347 0.7605 0.0555 0.0654
3 0.2694 0.2609 0.0969 0.0613
3 0.3927 0.3918 0.0649 0.0630
3 0.0733 0.0579 0.0537 0.0651
3 0.1213 0.0613 0.0431 0.0625
3 0.1862 0.0662 0.0902 0.0609
3 0.2794 0.0708 0.0955 0.0589
3 0.3529 0.0698 0.0460 0.0630
3 0.4083 0.0706 0.0654 0.0635
3 0.4737 0.0729 0.0711 0.0640
3 0.4705 0.1356 0.0725 0.0604
3 0.4054 0.1330 0.0675 0.0615
3 0.3508 0.1322 0.0481 0.0609
3 0.2755 0.1330 0.0962 0.0553
3 0.1825 0.1291 0.0912 0.0589
3 0.0660 0.1864 0.0506 0.0599
3 0.1148 0.1903 0.0456 0.0594
3 0.1807 0.1921 0.0912 0.0589
3 0.2725 0.1962 0.0951 0.0610
3 0.3476 0.1957 0.0523 0.0589
3 0.4031 0.1978 0.0629 0.0578
3 0.4675 0.2006 0.0714 0.0615
3 0.4655 0.2651 0.0732 0.0604
3 0.4638 0.3291 0.0739 0.0615
3 0.3961 0.3247 0.0665 0.0640
3 0.3998 0.2623 0.0640 0.0630
3 0.3445 0.2607 0.0520 0.0620
3 0.3426 0.3239 0.0530 0.0646
3 0.2659 0.3244 0.0969 0.0604
3 0.1732 0.3183 0.0919 0.0594
3 0.1777 0.2537 0.0923 0.0615
3 0.1115 0.2512 0.0442 0.0615
3 0.0643 0.2488 0.0523 0.0620
1 0.0617 0.3115 0.0527 0.0625
1 0.1084 0.3136 0.0435 0.0615
3 0.1685 0.4442 0.0930 0.0584
3 0.0552 0.4387 0.0530 0.0620
3 0.1052 0.3776 0.0463 0.0615
3 0.1715 0.3804 0.0940 0.0609
3 0.2595 0.4488 0.0969 0.0563
3 0.2641 0.3833 0.0990 0.0615
3 0.3378 0.3887 0.0534 0.0609
3 0.3368 0.4524 0.0527 0.0615
3 0.3341 0.5182 0.0495 0.0619
3 0.3318 0.5816 0.0506 0.0611
3 0.3267 0.6479 0.0488 0.0627
3 0.3834 0.6544 0.0661 0.0620
3 0.3880 0.5879 0.0598 0.0630
3 0.3873 0.5236 0.0590 0.0646
3 0.3891 0.4565 0.0612 0.0635
3 0.4579 0.4594 0.0735 0.0620
3 0.4603 0.3928 0.0742 0.0620
3 0.2540 0.5806 0.0972 0.0599
3 0.1600 0.5745 0.0979 0.0620
3 0.1577 0.6379 0.0926 0.0640
3 0.1549 0.7029 0.0955 0.0630
3 0.2484 0.7109 0.0994 0.0594
3 0.2505 0.6475 0.0986 0.0635
3 0.3235 0.7140 0.0509 0.0625
3 0.3815 0.7182 0.0651 0.0615
3 0.4527 0.5889 0.0746 0.0650
3 0.4495 0.6570 0.0739 0.0640
3 0.4481 0.7215 0.0732 0.0599
3 0.3224 0.7822 0.0530 0.0697
1 0.4481 0.7896 0.0746 0.0723
3 0.0306 0.8348 0.0590 0.0790
3 0.0803 0.8364 0.0431 0.0820
3 0.1483 0.8441 0.0909 0.0872
3 0.2429 0.8495 0.0997 0.0805
3 0.3189 0.8557 0.0481 0.0722
3 0.3723 0.8627 0.0665 0.0810
3 0.4434 0.8614 0.0721 0.0681
3 0.5433 0.0723 0.0722 0.0667
3 0.6066 0.0727 0.0569 0.0684
3 0.6554 0.0733 0.0471 0.0706
3 0.7249 0.0748 0.0955 0.0658
3 0.7241 0.1424 0.0975 0.0654
3 0.7982 0.0768 0.0524 0.0701
3 0.8567 0.0772 0.0645 0.0710
3 0.9177 0.0762 0.0534 0.0717
3 0.9691 0.0767 0.0523 0.0728
3 0.9647 0.1443 0.0499 0.0666
3 0.9145 0.1443 0.0548 0.0655
3 0.8558 0.1427 0.0689 0.0645
3 0.7960 0.1438 0.0541 0.0635
3 0.7960 0.2075 0.0541 0.0671
3 0.8554 0.2080 0.0689 0.0660
3 0.9148 0.2093 0.0534 0.0655
3 0.9638 0.2111 0.0495 0.0640
3 0.5415 0.1373 0.0746 0.0650
3 0.5374 0.2023 0.0742 0.0640
3 0.5356 0.2676 0.0742 0.0624
3 0.5996 0.2684 0.0566 0.0630
3 0.6009 0.2039 0.0555 0.0650
3 0.6039 0.1381 0.0559 0.0635
3 0.6530 0.1407 0.0474 0.0666
3 0.7211 0.2070 0.0986 0.0660
3 0.6509 0.2065 0.0474 0.0660
3 0.6488 0.2699 0.0467 0.0640
3 0.7199 0.2730 0.0983 0.0630
3 0.7945 0.2748 0.0544 0.0635
3 0.8531 0.2756 0.0672 0.0650
3 0.9125 0.2766 0.0523 0.0630
3 0.9629 0.2777 0.0513 0.0650
3 0.5335 0.3316 0.0737 0.0642
1 0.5974 0.3338 0.0563 0.0673
3 0.6472 0.3356 0.0476 0.0647
3 0.7184 0.3377 0.0992 0.0626
3 0.7925 0.3388 0.0541 0.0657
3 0.8528 0.3409 0.0672 0.0668
1 0.9117 0.3436 0.0509 0.0657
1 0.9613 0.3433 0.0498 0.0673
3 0.5314 0.3966 0.0741 0.0636
1 0.5942 0.3995 0.0581 0.0652
3 0.6444 0.4011 0.0450 0.0642
3 0.7154 0.4037 0.0984 0.0684
3 0.7910 0.4083 0.0541 0.0721
3 0.6418 0.4687 0.0472 0.0615
3 0.7116 0.5374 0.1010 0.0652
3 0.7138 0.4708 0.0995 0.0626
3 0.7893 0.4759 0.0538 0.0631
3 0.7880 0.5405 0.0556 0.0663
3 0.8471 0.5458 0.0690 0.0642
3 0.8496 0.4780 0.0676 0.0673
3 0.8507 0.4088 0.0690 0.0710
3 0.8453 0.6100 0.0690 0.0663
3 0.8440 0.6781 0.0716 0.0679
3 0.8418 0.7468 0.0694 0.0641
3 0.7851 0.6071 0.0556 0.0679
3 0.7804 0.7423 0.0549 0.0647
3 0.7817 0.6752 0.0552 0.0652
3 0.7101 0.6050 0.1003 0.0657
3 0.7076 0.6728 0.1003 0.0636
3 0.7049 0.7420 0.0992 0.0663
3 0.6313 0.7388 0.0472 0.0642
3 0.6360 0.6686 0.0480 0.0657
3 0.6380 0.6004 0.0476 0.0673
3 0.9517 0.9133 0.0494 0.0991
3 0.8988 0.9095 0.0519 0.1002
3 0.8418 0.8952 0.0621 0.0769
3 0.7831 0.8897 0.0574 0.0785
3 0.7263 0.8107 0.0563 0.0710
3 0.6747 0.8112 0.0447 0.0742
3 0.7830 0.8141 0.0585 0.0790
3 0.8456 0.8170 0.0668 0.0774
3 0.6753 0.8706 0.0465 0.0530
3 0.6280 0.8756 0.0472 0.0737
3 0.5770 0.8621 0.0519 0.0583
3 0.5132 0.8579 0.0756 0.0615
1 0.0570 0.3767 0.0551 0.0726
1 0.1016 0.4415 0.0471 0.0650
1 0.0502 0.5029 0.0558 0.0656
1 0.0984 0.5052 0.0458 0.0662
1 0.2586 0.5122 0.0976 0.0738
1 0.0482 0.5666 0.0562 0.0681
1 0.0955 0.5704 0.0418 0.0669
1 0.0907 0.6346 0.0445 0.0618
1 0.0434 0.6318 0.0562 0.0662
1 0.0417 0.6954 0.0562 0.0650
1 0.0886 0.6983 0.0453 0.0643
1 0.4536 0.5246 0.0763 0.0656
1 0.2451 0.7756 0.1011 0.0688
1 0.1509 0.7682 0.0924 0.0643
1 0.5182 0.7966 0.0728 0.0738
1 0.5812 0.7994 0.0549 0.0706
1 0.5851 0.6645 0.0567 0.0681
1 0.5206 0.6614 0.0776 0.0643
1 0.5249 0.5926 0.0758 0.0631
1 0.6326 0.8042 0.0506 0.0675
1 0.5835 0.7339 0.0562 0.0757
1 0.5881 0.5961 0.0575 0.0650
1 0.5186 0.7272 0.0728 0.0725
1 0.5901 0.5322 0.0580 0.0669
1 0.5925 0.4654 0.0575 0.0630
1 0.5258 0.5278 0.0741 0.0643
1 0.5288 0.4606 0.0741 0.0650
1 0.9094 0.4123 0.0528 0.0702
2 0.9585 0.4139 0.0507 0.0672
1 0.9078 0.4811 0.0528 0.0672
1 0.9572 0.4833 0.0513 0.0657
1 0.9065 0.5486 0.0544 0.0680
1 0.9555 0.5493 0.0509 0.0674
1 0.9034 0.6163 0.0549 0.0679
1 0.9550 0.6195 0.0519 0.0690
1 0.9023 0.6858 0.0541 0.0669
1 0.9532 0.6887 0.0519 0.0642
1 0.9526 0.7584 0.0509 0.0690
1 0.9023 0.7560 0.0534 0.0716
1 0.9526 0.8297 0.0516 0.0684
1 0.9021 0.8271 0.0516 0.0695
2 0.7268 0.8741 0.0545 0.0566
3 0.1178 0.1258 0.0459 0.0594
3 0.0691 0.1237 0.0532 0.0584
1 0.1658 0.5087 0.0922 0.0656
1 0.6432 0.5356 0.0464 0.0660
1 0.0853 0.7612 0.0475 0.0707
3 0.3799 0.7842 0.0647 0.0697
