1 0.1931 0.4906 0.0322 0.0491
1 0.0925 0.4891 0.0264 0.0513
1 0.0879 0.5408 0.0267 0.0495
1 0.0786 0.6466 0.0262 0.0535
1 0.1039 0.6497 0.0265 0.0540
1 0.1088 0.5949 0.0270 0.0557
1 0.0831 0.5942 0.0268 0.0535
1 0.0267 0.0478 0.0534 0.0955
1 0.0237 0.1718 0.0469 0.1612
1 0.3907 0.3435 0.0269 0.0524
1 0.4166 0.3430 0.0244 0.0492
1 0.4512 0.3449 0.0466 0.0509
1 0.4891 0.3462 0.0285 0.0524
1 0.5176 0.3484 0.0294 0.0513
1 0.5560 0.3505 0.0474 0.0481
1 0.6034 0.3529 0.0452 0.0465
1 0.6038 0.4008 0.0454 0.0492
1 0.6046 0.4513 0.0456 0.0508
1 0.6049 0.5019 0.0463 0.0492
1 0.6052 0.5548 0.0452 0.0546
1 0.5566 0.5524 0.0502 0.0508
1 0.5566 0.5024 0.0479 0.0460
1 0.5562 0.4505 0.0484 0.0492
1 0.5560 0.4010 0.0479 0.0476
1 0.5173 0.3970 0.0276 0.0481
1 0.5173 0.4468 0.0285 0.0503
1 0.5168 0.4992 0.0282 0.0514
1 0.5168 0.5508 0.0282 0.0530
1 0.4872 0.5500 0.0296 0.0524
1 0.4876 0.4968 0.0287 0.0519
1 0.4884 0.4452 0.0294 0.0481
1 0.4892 0.3960 0.0296 0.0514
1 0.4508 0.3936 0.0472 0.0508
1 0.4499 0.4447 0.0472 0.0524
1 0.4494 0.4960 0.0468 0.0524
1 0.4480 0.5498 0.0456 0.0551
1 0.4148 0.3930 0.0242 0.0487
1 0.3891 0.3933 0.0269 0.0482
1 0.3880 0.4427 0.0264 0.0487
1 0.4135 0.4446 0.0237 0.0514
1 0.3860 0.4938 0.0280 0.0503
1 0.4127 0.4957 0.0253 0.0498
1 0.3847 0.5460 0.0289 0.0541
1 0.4108 0.5487 0.0264 0.0519
1 0.3828 0.6000 0.0296 0.0562
1 0.4104 0.6003 0.0271 0.0535
1 0.3820 0.6543 0.0298 0.0546
1 0.3797 0.7116 0.0289 0.0535
1 0.4085 0.6554 0.0260 0.0557
1 0.4461 0.6573 0.0497 0.0530
1 0.4472 0.6014 0.0486 0.0525
1 0.4860 0.6030 0.0301 0.0535
1 0.5166 0.6040 0.0298 0.0503
1 0.5570 0.6067 0.0508 0.0493
1 0.6051 0.6080 0.0463 0.0498
1 0.6060 0.6597 0.0477 0.0546
1 0.5566 0.6605 0.0506 0.0530
1 0.5159 0.6580 0.0314 0.0547
1 0.4851 0.6578 0.0305 0.0541
1 0.4069 0.7118 0.0269 0.0552
1 0.4439 0.7118 0.0502 0.0541
1 0.4851 0.7137 0.0314 0.0578
1 0.5162 0.7158 0.0312 0.0535
1 0.5573 0.7174 0.0515 0.0557
1 0.6068 0.7172 0.0484 0.0552
1 0.3785 0.7683 0.0301 0.0588
1 0.4060 0.7691 0.0278 0.0573
1 0.3790 0.8260 0.0244 0.0600
1 0.4041 0.8274 0.0271 0.0616
1 0.4424 0.8274 0.0513 0.0573
1 0.4434 0.7688 0.0515 0.0568
1 0.4844 0.7715 0.0323 0.0578
1 0.5157 0.7715 0.0316 0.0578
1 0.5573 0.7747 0.0515 0.0568
1 0.6074 0.7736 0.0490 0.0568
1 0.4837 0.8301 0.0325 0.0594
1 0.5154 0.8295 0.0323 0.0584
1 0.5565 0.8295 0.0522 0.0552
1 0.6087 0.8311 0.0508 0.0573
3 0.0554 0.8905 0.0334 0.0798
3 0.0819 0.8908 0.0312 0.0803
3 0.1203 0.8918 0.0597 0.0824
2 0.1642 0.8945 0.0364 0.0814
2 0.1936 0.8881 0.0273 0.0728
3 0.2318 0.8940 0.0545 0.0781
3 0.2746 0.8961 0.0402 0.0846
3 0.3769 0.8959 0.0238 0.0765
3 0.4022 0.8961 0.0287 0.0760
3 0.4423 0.8961 0.0524 0.0760
3 0.4839 0.8983 0.0312 0.0781
2 0.5153 0.8980 0.0317 0.0765
3 0.5574 0.9042 0.0531 0.0685
3 0.6087 0.9002 0.0495 0.0797
3 0.6453 0.8838 0.0224 0.0492
3 0.6425 0.7720 0.0222 0.0578
3 0.6703 0.8956 0.0280 0.0706
3 0.7249 0.8879 0.0242 0.0562
1 0.6992 0.8889 0.0258 0.0583
3 0.7519 0.8868 0.0316 0.0562
3 0.7913 0.9012 0.0486 0.0722
2 0.8283 0.8812 0.0267 0.0471
3 0.8557 0.8822 0.0273 0.0471
3 0.8915 0.8754 0.0437 0.0404
3 0.9341 0.8756 0.0426 0.0424
2 0.6439 0.8297 0.0225 0.0558
2 0.6419 0.7154 0.0222 0.0546
2 0.6412 0.6618 0.0231 0.0539
2 0.6404 0.6082 0.0220 0.0494
2 0.6397 0.5559 0.0222 0.0526
2 0.6388 0.5044 0.0209 0.0481
2 0.6386 0.4554 0.0217 0.0481
2 0.6375 0.4057 0.0222 0.0514
2 0.6362 0.3559 0.0217 0.0456
2 0.6348 0.3075 0.0222 0.0488
2 0.6343 0.2603 0.0211 0.0469
2 0.6339 0.2121 0.0220 0.0494
2 0.6328 0.1640 0.0214 0.0430
2 0.6318 0.1213 0.0217 0.0437
2 0.6310 0.0789 0.0206 0.0398
1 0.6843 0.3107 0.0258 0.0481
1 0.7069 0.3116 0.0203 0.0475
1 0.7311 0.3161 0.0287 0.0475
1 0.7677 0.3197 0.0456 0.0546
1 0.8015 0.3222 0.0252 0.0494
1 0.8268 0.3264 0.0260 0.0475
1 0.8601 0.3261 0.0404 0.0456
1 0.8987 0.3280 0.0396 0.0469
1 0.6856 0.3588 0.0260 0.0507
1 0.7088 0.3614 0.0214 0.0481
1 0.7338 0.3640 0.0298 0.0494
1 0.7691 0.3684 0.0456 0.0533
1 0.8042 0.3713 0.0268 0.0501
1 0.8292 0.3736 0.0268 0.0494
1 0.6877 0.4073 0.0277 0.0501
1 0.7112 0.4102 0.0225 0.0494
1 0.7352 0.4131 0.0293 0.0514
1 0.7714 0.4163 0.0475 0.0514
1 0.8053 0.4176 0.0252 0.0475
1 0.8312 0.4195 0.0287 0.0462
1 0.6887 0.4558 0.0274 0.0507
1 0.7120 0.4567 0.0203 0.0488
1 0.7367 0.4606 0.0306 0.0501
1 0.7736 0.4644 0.0453 0.0475
1 0.8085 0.4657 0.0263 0.0462
1 0.8336 0.4696 0.0266 0.0514
1 0.6899 0.5068 0.0277 0.0514
1 0.7136 0.5087 0.0209 0.0501
1 0.7386 0.5110 0.0301 0.0520
1 0.7755 0.5132 0.0464 0.0514
1 0.8107 0.5158 0.0269 0.0501
1 0.8353 0.5155 0.0277 0.0494
1 0.6915 0.5588 0.0271 0.0526
1 0.7147 0.5601 0.0225 0.0526
1 0.7402 0.5607 0.0317 0.0526
1 0.7778 0.5633 0.0472 0.0539
1 0.8138 0.5646 0.0282 0.0475
1 0.8391 0.5665 0.0260 0.0526
1 0.6928 0.6121 0.0279 0.0565
1 0.6936 0.6625 0.0290 0.0546
1 0.6944 0.7183 0.0268 0.0520
1 0.7172 0.6105 0.0220 0.0520
1 0.7176 0.6634 0.0222 0.0514
1 0.7200 0.7177 0.0233 0.0520
1 0.7426 0.6117 0.0296 0.0520
1 0.7797 0.6143 0.0456 0.0507
1 0.7441 0.6657 0.0304 0.0546
1 0.7458 0.7209 0.0315 0.0533
1 0.7824 0.6657 0.0456 0.0533
1 0.7837 0.7199 0.0466 0.0526
1 0.6960 0.7735 0.0279 0.0571
1 0.6980 0.8294 0.0277 0.0571
1 0.7216 0.7726 0.0239 0.0591
1 0.7231 0.8300 0.0247 0.0571
1 0.7482 0.7758 0.0315 0.0565
1 0.7494 0.8306 0.0317 0.0546
1 0.7864 0.7748 0.0472 0.0559
1 0.7883 0.8300 0.0488 0.0533
1 0.8635 0.3733 0.0412 0.0488
1 0.9017 0.3746 0.0390 0.0514
1 0.8655 0.4208 0.0404 0.0462
1 0.9040 0.4214 0.0393 0.0437
1 0.8681 0.4683 0.0407 0.0526
1 0.9068 0.4689 0.0369 0.0488
1 0.8708 0.5164 0.0428 0.0462
1 0.9106 0.5183 0.0412 0.0475
1 0.8734 0.5630 0.0431 0.0494
1 0.9134 0.5642 0.0407 0.0468
1 0.8152 0.6137 0.0266 0.0533
1 0.8419 0.6156 0.0274 0.0507
1 0.8758 0.6137 0.0431 0.0494
1 0.9167 0.6137 0.0404 0.0507
1 0.8182 0.6650 0.0277 0.0533
1 0.8445 0.6666 0.0287 0.0514
1 0.8795 0.6660 0.0434 0.0526
1 0.9204 0.6663 0.0428 0.0520
1 0.8206 0.7177 0.0298 0.0520
1 0.8479 0.7170 0.0290 0.0533
1 0.8816 0.7177 0.0445 0.0533
1 0.9239 0.7180 0.0423 0.0514
1 0.8239 0.7722 0.0298 0.0584
1 0.8259 0.8278 0.0296 0.0552
1 0.8508 0.7698 0.0296 0.0539
1 0.8544 0.8265 0.0301 0.0565
1 0.8871 0.7709 0.0450 0.0558
1 0.9283 0.7706 0.0412 0.0552
1 0.8904 0.8262 0.0447 0.0546
1 0.9317 0.8268 0.0426 0.0546
1 0.9874 0.4397 0.0143 0.0483
1 0.9752 0.4490 0.0140 0.0446
3 0.9537 0.4683 0.0297 0.0565
1 0.9352 0.4813 0.0094 0.0386
1 0.9374 0.5155 0.0096 0.0386
1 0.9403 0.5474 0.0104 0.0349
1 0.9424 0.5792 0.0102 0.0331
1 0.9911 0.4754 0.0163 0.0438
1 0.9777 0.4860 0.0152 0.0427
3 0.9561 0.5021 0.0304 0.0528
3 0.9589 0.5352 0.0312 0.0490
3 0.9603 0.5694 0.0311 0.0490
1 0.9800 0.5218 0.0143 0.0434
1 0.9928 0.5117 0.0143 0.0449
1 0.9825 0.5561 0.0158 0.0397
1 0.9940 0.5492 0.0121 0.0406
1 0.9855 0.5924 0.0166 0.0397
1 0.9957 0.5849 0.0087 0.0403
1 0.9878 0.6281 0.0163 0.0394
1 0.9913 0.6648 0.0160 0.0409
1 0.9929 0.7015 0.0142 0.0400
1 0.9941 0.7410 0.0118 0.0403
1 0.9440 0.6128 0.0097 0.0366
1 0.9470 0.6458 0.0102 0.0350
1 0.9493 0.6794 0.0097 0.0372
1 0.9525 0.7139 0.0116 0.0375
1 0.9545 0.7492 0.0112 0.0361
1 0.9953 0.7792 0.0094 0.0406
3 0.9624 0.6021 0.0294 0.0495
3 0.9655 0.6357 0.0281 0.0473
3 0.9687 0.6696 0.0284 0.0481
3 0.9717 0.7068 0.0275 0.0441
3 0.9733 0.7429 0.0288 0.0424
3 0.9572 0.7840 0.0105 0.0379
3 0.9598 0.8207 0.0113 0.0375
3 0.9769 0.7815 0.0305 0.0446
3 0.9790 0.8194 0.0298 0.0419
3 0.9826 0.8626 0.0335 0.0499
1 0.0161 0.3334 0.0322 0.1718
1 0.0106 0.4844 0.0212 0.1456
1 0.1242 0.0569 0.0234 0.0446
1 0.1461 0.0562 0.0222 0.0460
1 0.1798 0.0567 0.0471 0.0451
1 0.2173 0.0580 0.0318 0.0451
1 0.2426 0.0591 0.0228 0.0446
1 0.2753 0.0596 0.0456 0.0464
1 0.3181 0.0613 0.0416 0.0446
1 0.3511 0.0609 0.0237 0.0455
1 0.3731 0.0627 0.0209 0.0437
1 0.3985 0.0627 0.0250 0.0455
1 0.4223 0.0640 0.0237 0.0437
1 0.4560 0.0667 0.0448 0.0446
1 0.4918 0.0676 0.0267 0.0446
1 0.5190 0.0683 0.0262 0.0469
1 0.5554 0.0727 0.0450 0.0469
1 0.5982 0.0763 0.0410 0.0495
1 0.6534 0.0839 0.0234 0.0450
1 0.6541 0.1289 0.0234 0.0432
1 0.6553 0.1719 0.0211 0.0437
1 0.6567 0.2161 0.0232 0.0446
1 0.6573 0.2642 0.0234 0.0481
1 0.6588 0.3106 0.0237 0.0481
1 0.6596 0.3572 0.0249 0.0486
1 0.6605 0.4062 0.0252 0.0486
1 0.6617 0.4546 0.0249 0.0499
1 0.6632 0.5063 0.0249 0.0535
1 0.6644 0.5575 0.0266 0.0499
1 0.6650 0.6086 0.0256 0.0539
1 0.6657 0.6639 0.0262 0.0548
1 0.6674 0.7180 0.0266 0.0535
1 0.6680 0.7733 0.0252 0.0579
1 0.6694 0.8301 0.0269 0.0575
1 0.1209 0.1021 0.0237 0.0451
1 0.1435 0.1017 0.0226 0.0442
1 0.1776 0.1021 0.0460 0.0451
1 0.2151 0.1041 0.0311 0.0464
1 0.2406 0.1046 0.0228 0.0464
1 0.2737 0.1050 0.0461 0.0455
1 0.3170 0.1068 0.0443 0.0455
1 0.3500 0.1059 0.0250 0.0446
1 0.3724 0.1070 0.0235 0.0451
1 0.3710 0.1527 0.0234 0.0473
1 0.3697 0.1991 0.0228 0.0473
1 0.3675 0.2464 0.0224 0.0473
1 0.3657 0.2952 0.0234 0.0486
1 0.3649 0.3417 0.0220 0.0491
1 0.3482 0.1521 0.0252 0.0451
1 0.3149 0.1516 0.0452 0.0469
1 0.2714 0.1512 0.0473 0.0460
1 0.2379 0.1505 0.0239 0.0446
1 0.3466 0.1989 0.0247 0.0495
1 0.3446 0.2466 0.0245 0.0460
1 0.3431 0.2940 0.0245 0.0491
1 0.3418 0.3415 0.0264 0.0495
1 0.3074 0.3413 0.0465 0.0482
1 0.3088 0.2929 0.0456 0.0477
1 0.3115 0.2448 0.0444 0.0469
1 0.3133 0.1973 0.0454 0.0482
1 0.2684 0.1969 0.0476 0.0473
1 0.2663 0.2441 0.0478 0.0482
1 0.2644 0.2927 0.0482 0.0491
1 0.2620 0.3397 0.0488 0.0504
1 0.2356 0.1962 0.0245 0.0477
1 0.2329 0.2439 0.0237 0.0486
1 0.2306 0.2916 0.0239 0.0513
1 0.2279 0.3391 0.0245 0.0500
1 0.2120 0.1492 0.0324 0.0455
1 0.2097 0.1957 0.0337 0.0486
1 0.2071 0.2426 0.0324 0.0504
1 0.2043 0.2907 0.0328 0.0486
1 0.2015 0.3391 0.0324 0.0500
1 0.1752 0.1487 0.0480 0.0473
1 0.1403 0.1476 0.0256 0.0460
1 0.1182 0.1474 0.0250 0.0455
1 0.1157 0.1946 0.0258 0.0473
1 0.1382 0.1955 0.0241 0.0464
1 0.1715 0.1953 0.0471 0.0469
1 0.1685 0.2419 0.0486 0.0464
1 0.1659 0.2909 0.0497 0.0473
1 0.1625 0.3395 0.0490 0.0491
1 0.1279 0.3380 0.0260 0.0477
1 0.1315 0.2898 0.0243 0.0460
1 0.1350 0.2414 0.0230 0.0455
1 0.1122 0.2417 0.0234 0.0451
1 0.1084 0.2891 0.0254 0.0482
1 0.1052 0.3375 0.0254 0.0477
1 0.1007 0.3870 0.0264 0.0486
1 0.1250 0.3872 0.0237 0.0482
1 0.1601 0.3883 0.0482 0.0442
1 0.1992 0.3879 0.0328 0.0469
1 0.2255 0.3890 0.0239 0.0473
1 0.2601 0.3892 0.0480 0.0469
1 0.0973 0.4378 0.0267 0.0495
1 0.1208 0.4383 0.0243 0.0477
1 0.1562 0.4383 0.0499 0.0477
1 0.1950 0.4405 0.0330 0.0486
1 0.2220 0.4398 0.0245 0.0491
1 0.2569 0.4409 0.0495 0.0495
1 0.1168 0.4893 0.0258 0.0500
1 0.1524 0.4893 0.0514 0.0500
1 0.2196 0.4909 0.0245 0.0495
1 0.2547 0.4911 0.0495 0.0491
1 0.1126 0.5437 0.0252 0.0514
1 0.1484 0.5437 0.0523 0.0527
1 0.1887 0.5433 0.0353 0.0521
1 0.2166 0.5440 0.0260 0.0533
1 0.2514 0.5450 0.0502 0.0489
1 0.2985 0.5459 0.0466 0.0495
1 0.3007 0.4939 0.0466 0.0495
1 0.3032 0.4410 0.0453 0.0501
1 0.3051 0.3912 0.0464 0.0469
1 0.3391 0.3921 0.0258 0.0468
1 0.3631 0.3918 0.0226 0.0481
1 0.3375 0.4427 0.0256 0.0499
1 0.3362 0.4939 0.0252 0.0508
1 0.3601 0.4944 0.0226 0.0490
1 0.3335 0.5450 0.0266 0.0504
1 0.3576 0.5485 0.0228 0.0504
1 0.3553 0.5987 0.0235 0.0508
1 0.3537 0.6533 0.0234 0.0540
1 0.3515 0.7110 0.0239 0.0526
1 0.3511 0.7494 0.0241 0.0241
1 0.3251 0.7456 0.0264 0.0156
1 0.3264 0.7095 0.0260 0.0557
1 0.3290 0.6528 0.0252 0.0513
1 0.3311 0.5991 0.0264 0.0517
1 0.2955 0.5976 0.0475 0.0513
1 0.2484 0.5971 0.0501 0.0513
1 0.2120 0.5971 0.0254 0.0513
1 0.2091 0.6506 0.0260 0.0539
1 0.2057 0.7066 0.0256 0.0562
1 0.2426 0.7075 0.0520 0.0535
1 0.2456 0.6520 0.0508 0.0530
1 0.2934 0.6515 0.0474 0.0530
1 0.2902 0.7101 0.0475 0.0508
1 0.2872 0.7634 0.0482 0.0544
1 0.2796 0.8227 0.0401 0.0593
1 0.2394 0.7627 0.0508 0.0535
1 0.2363 0.8216 0.0514 0.0553
1 0.1987 0.8207 0.0264 0.0544
1 0.2029 0.7609 0.0256 0.0553
1 0.1690 0.8207 0.0369 0.0571
1 0.1254 0.8205 0.0540 0.0566
1 0.0877 0.8202 0.0277 0.0562
1 0.0643 0.8214 0.0294 0.0557
1 0.0686 0.7601 0.0301 0.0517
1 0.0935 0.7616 0.0275 0.0539
1 0.1309 0.7621 0.0520 0.0557
1 0.1734 0.7630 0.0371 0.0548
1 0.1773 0.7048 0.0348 0.0535
1 0.1361 0.7052 0.0529 0.0526
1 0.0984 0.7050 0.0277 0.0531
1 0.0741 0.7034 0.0275 0.0553
1 0.1400 0.6506 0.0520 0.0557
1 0.1811 0.6495 0.0352 0.0544
1 0.1846 0.5958 0.0350 0.0539
1 0.1440 0.5965 0.0533 0.0544
1 0.4219 0.1098 0.0232 0.0441
1 0.4555 0.1112 0.0444 0.0423
1 0.3971 0.1087 0.0271 0.0464
1 0.5187 0.1158 0.0282 0.0428
1 0.4912 0.1141 0.0282 0.0437
1 0.5557 0.1199 0.0467 0.0437
1 0.6003 0.1667 0.0433 0.0481
1 0.6012 0.2124 0.0433 0.0495
1 0.6015 0.2585 0.0431 0.0499
1 0.6018 0.3060 0.0433 0.0495
1 0.5555 0.1635 0.0463 0.0481
1 0.5561 0.2095 0.0473 0.0481
1 0.5560 0.2569 0.0463 0.0486
1 0.5561 0.3028 0.0469 0.0486
1 0.5190 0.1609 0.0273 0.0473
1 0.4912 0.1591 0.0279 0.0473
1 0.4553 0.1553 0.0444 0.0468
1 0.4207 0.1555 0.0235 0.0455
1 0.3960 0.1542 0.0282 0.0446
1 0.5187 0.2069 0.0292 0.0514
1 0.5177 0.2530 0.0280 0.0492
1 0.5185 0.3014 0.0282 0.0476
1 0.4906 0.2051 0.0280 0.0508
1 0.4543 0.2040 0.0450 0.0519
1 0.4894 0.2516 0.0271 0.0445
1 0.4901 0.2990 0.0289 0.0471
1 0.4522 0.2974 0.0461 0.0461
1 0.4533 0.2489 0.0461 0.0455
1 0.4195 0.2011 0.0242 0.0450
1 0.3949 0.1995 0.0282 0.0450
1 0.4188 0.2484 0.0251 0.0477
1 0.4174 0.2963 0.0244 0.0482
1 0.3922 0.2947 0.0264 0.0471
1 0.3936 0.2476 0.0280 0.0471
1 0.3619 0.4440 0.0239 0.0508
1 0.5993 0.1221 0.0429 0.0448
