1 0.7879 0.6609 0.0438 0.0718
1 0.7433 0.6622 0.0415 0.0735
1 0.7440 0.5863 0.0415 0.0695
1 0.7438 0.5139 0.0419 0.0698
1 0.6990 0.6618 0.0423 0.0713
1 0.7004 0.5138 0.0448 0.0707
1 0.7859 0.2923 0.0439 0.0703
1 0.7412 0.2917 0.0432 0.0710
1 0.8756 0.4419 0.0412 0.0720
1 0.2344 0.6936 0.0365 0.0655
1 0.2352 0.6248 0.0378 0.0652
1 0.9616 0.2830 0.0420 0.0675
1 0.2722 0.6933 0.0366 0.0671
1 0.6550 0.5128 0.0446 0.0719
1 0.9617 0.3570 0.0455 0.0669
1 0.9607 0.2146 0.0413 0.0678
1 0.9595 0.1422 0.0422 0.0701
1 0.8308 0.2222 0.0447 0.0683
1 0.6986 0.3636 0.0437 0.0700
1 0.8285 0.1512 0.0418 0.0649
1 0.9588 0.0717 0.0413 0.0635
1 0.8713 0.1531 0.0410 0.0706
1 0.6992 0.4381 0.0451 0.0683
1 0.8311 0.4416 0.0444 0.0742
1 0.6556 0.5855 0.0449 0.0686
1 0.6529 0.2935 0.0463 0.0713
1 0.6085 0.3120 0.0439 0.0702
1 0.9227 0.7198 0.0431 0.0268
1 0.9654 0.7111 0.0435 0.0458
1 0.9633 0.6474 0.0423 0.0660
1 0.9631 0.5761 0.0416 0.0714
1 0.9616 0.5037 0.0419 0.0673
1 0.6541 0.4394 0.0436 0.0701
1 0.0627 0.8964 0.0276 0.0609
1 0.0925 0.8887 0.0288 0.0569
3 0.5187 0.9001 0.0431 0.0716
1 0.1582 0.8324 0.0389 0.0671
3 0.6547 0.8840 0.0433 0.0730
1 0.1949 0.8317 0.0394 0.0667
3 0.2300 0.9068 0.0366 0.0694
3 0.7453 0.8867 0.0424 0.0682
3 0.4334 0.8948 0.0409 0.0717
1 0.2312 0.8330 0.0368 0.0683
3 0.8355 0.8900 0.0430 0.0693
3 0.7003 0.8853 0.0425 0.0674
3 0.7905 0.8885 0.0423 0.0701
3 0.3916 0.8918 0.0398 0.0689
1 0.8337 0.8137 0.0415 0.0669
1 0.8337 0.7395 0.0417 0.0688
1 0.8320 0.5879 0.0401 0.0686
1 0.7890 0.7381 0.0436 0.0666
1 0.7876 0.5887 0.0428 0.0668
1 0.7874 0.5116 0.0429 0.0676
1 0.8317 0.5146 0.0431 0.0681
1 0.7443 0.8104 0.0442 0.0628
1 0.7885 0.8120 0.0441 0.0659
1 0.6992 0.7350 0.0446 0.0686
1 0.7439 0.7371 0.0434 0.0658
1 0.6998 0.8093 0.0433 0.0633
1 0.9152 0.4465 0.0362 0.0666
1 0.7411 0.2213 0.0411 0.0684
1 0.9925 0.3575 0.0150 0.0644
1 0.9909 0.1433 0.0174 0.0650
1 0.9916 0.2881 0.0168 0.0698
1 0.9914 0.2191 0.0171 0.0699
1 0.9164 0.2988 0.0402 0.0714
1 0.7430 0.3653 0.0397 0.0683
1 0.8296 0.2942 0.0417 0.0679
1 0.9168 0.3725 0.0424 0.0742
1 0.7840 0.2199 0.0425 0.0660
1 0.6991 0.2917 0.0420 0.0667
1 0.8303 0.3675 0.0396 0.0676
1 0.7847 0.1490 0.0417 0.0641
1 0.8728 0.2969 0.0413 0.0697
1 0.9161 0.2271 0.0436 0.0672
1 0.9150 0.1548 0.0391 0.0698
1 0.8720 0.2254 0.0396 0.0698
1 0.9899 0.0729 0.0203 0.0667
1 0.8737 0.3698 0.0395 0.0685
1 0.7863 0.3654 0.0421 0.0681
1 0.8279 0.0799 0.0399 0.0686
1 0.7838 0.0774 0.0416 0.0668
1 0.1298 0.4300 0.0336 0.0686
1 0.7437 0.4386 0.0411 0.0671
1 0.6987 0.2191 0.0428 0.0657
1 0.7413 0.1482 0.0420 0.0645
1 0.7865 0.4383 0.0429 0.0662
1 0.6981 0.1493 0.0435 0.0655
1 0.7412 0.0757 0.0405 0.0683
1 0.6987 0.0755 0.0431 0.0683
1 0.8709 0.0823 0.0413 0.0629
1 0.9145 0.0823 0.0418 0.0724
1 0.6081 0.3836 0.0450 0.0696
1 0.5627 0.4561 0.0421 0.0715
1 0.6545 0.7373 0.0463 0.0720
1 0.5645 0.6779 0.0449 0.0690
1 0.6531 0.3652 0.0451 0.0714
1 0.5206 0.6065 0.0421 0.0696
1 0.6543 0.6614 0.0449 0.0724
1 0.6082 0.5317 0.0460 0.0688
1 0.5639 0.6052 0.0435 0.0718
1 0.6082 0.4566 0.0457 0.0706
1 0.6085 0.6027 0.0444 0.0690
1 0.0167 0.8201 0.0203 0.0657
1 0.0161 0.7613 0.0174 0.0618
1 0.0381 0.8893 0.0221 0.0673
1 0.1219 0.8970 0.0323 0.0662
1 0.1559 0.9030 0.0344 0.0673
1 0.0157 0.5184 0.0156 0.0585
1 0.0157 0.4571 0.0165 0.0596
1 0.0158 0.3956 0.0167 0.0602
1 0.0168 0.3341 0.0160 0.0542
1 0.0167 0.2750 0.0172 0.0542
1 0.0167 0.2156 0.0167 0.0503
1 0.2675 0.9085 0.0358 0.0666
1 0.3077 0.9075 0.0390 0.0602
1 0.3497 0.8927 0.0394 0.0652
3 0.1919 0.9044 0.0371 0.0611
1 0.2701 0.8355 0.0379 0.0647
1 0.8776 0.7186 0.0420 0.0257
1 0.9618 0.4286 0.0409 0.0700
1 0.9932 0.4287 0.0135 0.0638
1 0.9931 0.5031 0.0139 0.0693
1 0.9944 0.5756 0.0113 0.0662
1 0.9942 0.6497 0.0116 0.0662
1 0.9173 0.6686 0.0329 0.0662
1 0.9162 0.5941 0.0351 0.0638
1 0.9158 0.5220 0.0358 0.0630
1 0.9953 0.7123 0.0093 0.0433
1 0.5628 0.5322 0.0437 0.0682
1 0.6997 0.5885 0.0433 0.0699
1 0.8764 0.5914 0.0429 0.0693
3 0.4757 0.8994 0.0413 0.0719
1 0.1232 0.7640 0.0320 0.0672
1 0.1994 0.5592 0.0368 0.0652
1 0.0622 0.5781 0.0295 0.0590
1 0.4356 0.3194 0.0389 0.0697
1 0.0375 0.3314 0.0254 0.0625
1 0.3970 0.1837 0.0357 0.0689
1 0.5201 0.1741 0.0389 0.0677
1 0.2382 0.4220 0.0392 0.0651
1 0.3561 0.1215 0.0398 0.0682
1 0.3150 0.2780 0.0369 0.0664
1 0.6065 0.1687 0.0424 0.0648
1 0.6073 0.2413 0.0426 0.0678
1 0.6535 0.2209 0.0435 0.0663
1 0.5628 0.2422 0.0418 0.0679
1 0.5630 0.1706 0.0415 0.0653
1 0.3156 0.1424 0.0361 0.0714
1 0.5635 0.0993 0.0406 0.0633
1 0.0642 0.3281 0.0298 0.0623
1 0.3157 0.2112 0.0374 0.0695
1 0.2778 0.1499 0.0365 0.0678
1 0.0383 0.2675 0.0263 0.0653
1 0.5207 0.3146 0.0392 0.0707
1 0.6527 0.1489 0.0431 0.0650
1 0.0660 0.2660 0.0308 0.0680
1 0.3972 0.1135 0.0370 0.0709
1 0.3564 0.1881 0.0390 0.0663
1 0.2776 0.2166 0.0368 0.0684
1 0.2404 0.2215 0.0363 0.0701
1 0.3565 0.3240 0.0383 0.0715
1 0.5208 0.6776 0.0402 0.0700
1 0.6070 0.0981 0.0415 0.0702
1 0.4360 0.2496 0.0384 0.0684
1 0.2775 0.2829 0.0369 0.0687
1 0.5209 0.1038 0.0376 0.0680
1 0.4772 0.2453 0.0402 0.0657
1 0.4777 0.3164 0.0404 0.0716
1 0.2035 0.2253 0.0360 0.0635
1 0.0659 0.1991 0.0299 0.0694
1 0.2377 0.4879 0.0358 0.0651
1 0.4782 0.1755 0.0402 0.0698
1 0.4367 0.1103 0.0383 0.0706
1 0.4781 0.1056 0.0397 0.0737
1 0.4366 0.1798 0.0383 0.0694
1 0.0394 0.2040 0.0279 0.0687
1 0.0983 0.2410 0.0345 0.0705
1 0.2399 0.1546 0.0359 0.0620
1 0.3561 0.2564 0.0392 0.0726
1 0.4354 0.6751 0.0397 0.0700
1 0.2400 0.2867 0.0358 0.0694
1 0.0978 0.3045 0.0352 0.0672
1 0.1676 0.2300 0.0373 0.0697
1 0.0980 0.1751 0.0337 0.0664
1 0.2039 0.1592 0.0356 0.0657
1 0.1675 0.1650 0.0360 0.0685
1 0.1335 0.2379 0.0345 0.0653
1 0.1323 0.1703 0.0347 0.0639
1 0.6542 0.0756 0.0430 0.0677
1 0.3957 0.2528 0.0377 0.0676
1 0.3965 0.3221 0.0377 0.0696
1 0.4774 0.3875 0.0409 0.0692
1 0.4359 0.3907 0.0400 0.0674
1 0.5204 0.3869 0.0391 0.0695
1 0.5632 0.3869 0.0409 0.0686
1 0.5626 0.3134 0.0407 0.0673
1 0.3546 0.3936 0.0397 0.0694
1 0.3957 0.3915 0.0379 0.0713
1 0.0183 0.8756 0.0202 0.0600
1 0.5196 0.2441 0.0407 0.0662
1 0.5210 0.5304 0.0413 0.0657
1 0.6068 0.6778 0.0455 0.0694
1 0.2031 0.3569 0.0337 0.0666
1 0.2764 0.3500 0.0370 0.0681
1 0.3149 0.3464 0.0379 0.0721
1 0.4353 0.5317 0.0398 0.0633
1 0.3928 0.7487 0.0377 0.0675
1 0.3546 0.4638 0.0396 0.0689
1 0.2381 0.3536 0.0380 0.0680
1 0.3957 0.4635 0.0385 0.0676
1 0.5206 0.4584 0.0394 0.0684
1 0.4354 0.4604 0.0395 0.0692
1 0.4776 0.4603 0.0409 0.0686
1 0.4350 0.6037 0.0397 0.0627
1 0.1328 0.3020 0.0338 0.0686
1 0.4778 0.8200 0.0410 0.0627
1 0.4779 0.6030 0.0408 0.0684
1 0.2035 0.2911 0.0361 0.0684
1 0.3542 0.6039 0.0397 0.0689
1 0.3534 0.5346 0.0412 0.0654
1 0.4767 0.5304 0.0406 0.0650
1 0.1674 0.2945 0.0349 0.0677
1 0.3949 0.5322 0.0390 0.0634
1 0.3952 0.6028 0.0377 0.0676
1 0.4777 0.6758 0.0400 0.0700
1 0.4346 0.8196 0.0396 0.0651
1 0.5204 0.7512 0.0429 0.0713
1 0.3111 0.7625 0.0378 0.0716
1 0.3938 0.6753 0.0384 0.0687
1 0.4760 0.7492 0.0394 0.0714
1 0.3507 0.8183 0.0391 0.0698
1 0.6086 0.8283 0.0424 0.0681
1 0.5631 0.7503 0.0402 0.0647
3 0.6086 0.9023 0.0447 0.0598
1 0.5193 0.8232 0.0422 0.0655
1 0.6076 0.7530 0.0420 0.0663
1 0.4348 0.7470 0.0409 0.0674
1 0.5632 0.8238 0.0419 0.0668
1 0.3100 0.8364 0.0373 0.0701
3 0.5627 0.9013 0.0449 0.0640
1 0.3528 0.6764 0.0396 0.0672
1 0.3521 0.7462 0.0391 0.0668
1 0.3924 0.8200 0.0397 0.0658
1 0.0369 0.4536 0.0257 0.0621
1 0.0371 0.3930 0.0247 0.0619
1 0.2009 0.4910 0.0348 0.0653
1 0.2024 0.4240 0.0355 0.0670
1 0.3136 0.5525 0.0399 0.0678
1 0.0642 0.3885 0.0297 0.0670
1 0.2758 0.4181 0.0372 0.0664
1 0.3141 0.4831 0.0390 0.0693
1 0.0951 0.4334 0.0341 0.0688
1 0.3109 0.6903 0.0383 0.0667
1 0.1654 0.4270 0.0336 0.0671
1 0.6554 0.8084 0.0439 0.0657
1 0.0638 0.4508 0.0296 0.0643
1 0.0971 0.3677 0.0319 0.0692
1 0.3143 0.4143 0.0372 0.0695
1 0.1312 0.3645 0.0317 0.0662
1 0.1667 0.3616 0.0335 0.0653
1 0.3131 0.6218 0.0398 0.0689
1 0.2754 0.4859 0.0368 0.0693
1 0.0153 0.7026 0.0162 0.0614
1 0.0154 0.6414 0.0164 0.0622
1 0.1232 0.8303 0.0331 0.0630
1 0.0360 0.5157 0.0250 0.0614
1 0.0611 0.8305 0.0266 0.0626
1 0.0906 0.8255 0.0289 0.0648
1 0.0369 0.8242 0.0239 0.0627
1 0.1245 0.6931 0.0345 0.0678
1 0.0355 0.6403 0.0236 0.0622
1 0.0358 0.7644 0.0236 0.0617
1 0.0362 0.7018 0.0236 0.0583
1 0.0358 0.5797 0.0233 0.0594
1 0.0616 0.7053 0.0271 0.0631
1 0.0620 0.5145 0.0305 0.0655
1 0.0619 0.7727 0.0298 0.0655
1 0.0159 0.5800 0.0174 0.0629
1 0.1574 0.7647 0.0346 0.0672
1 0.2745 0.5524 0.0364 0.0692
1 0.2367 0.5557 0.0370 0.0674
1 0.0612 0.6411 0.0299 0.0660
1 0.1619 0.6260 0.0350 0.0642
1 0.1276 0.5610 0.0355 0.0664
1 0.0939 0.4992 0.0336 0.0697
1 0.0911 0.7589 0.0312 0.0656
1 0.2732 0.6236 0.0352 0.0644
1 0.0939 0.5630 0.0346 0.0693
1 0.1282 0.4956 0.0342 0.0670
1 0.1622 0.5592 0.0375 0.0666
1 0.1266 0.6262 0.0336 0.0647
1 0.0925 0.6925 0.0336 0.0697
1 0.0931 0.6273 0.0330 0.0680
1 0.1949 0.7627 0.0390 0.0762
1 0.2331 0.7629 0.0334 0.0675
1 0.1976 0.6931 0.0363 0.0691
1 0.2721 0.7617 0.0403 0.0642
1 0.1599 0.6955 0.0357 0.0670
1 0.1657 0.4949 0.0353 0.0645
1 0.1978 0.6253 0.0340 0.0654
1 0.8764 0.5168 0.0411 0.0747
1 0.8776 0.6663 0.0433 0.0735
1 0.8326 0.6618 0.0448 0.0711
