3 0.1150 0.5587 0.0140 0.0453
3 0.5642 0.4876 0.0664 0.1145
2 0.2257 0.6675 0.0287 0.0674
2 0.1655 0.1323 0.0183 0.0624
2 0.0420 0.0990 0.0147 0.0620
2 0.1193 0.1389 0.0126 0.0500
2 0.2125 0.3636 0.0279 0.0728
2 0.0342 0.3163 0.0150 0.0378
2 0.0828 0.0683 0.0193 0.0636
2 0.1615 0.2373 0.0178 0.0557
2 0.8018 0.6009 0.2167 0.1419
2 0.0370 0.6771 0.0193 0.0201
2 0.1066 0.4675 0.0108 0.0488
3 0.5756 0.3719 0.0700 0.1172
2 0.1330 0.4535 0.0187 0.0587
2 0.1690 0.0777 0.0158 0.0649
2 0.2094 0.4223 0.0280 0.0641
2 0.4847 0.8070 0.0688 0.1215
2 0.6370 0.7126 0.1064 0.1149
2 0.0307 0.3930 0.0164 0.0444
2 0.0154 0.3695 0.0149 0.0400
2 0.0194 0.6740 0.0147 0.0201
2 0.0367 0.2462 0.0140 0.0445
3 0.2748 0.5297 0.0589 0.0768
2 0.1477 0.1525 0.0164 0.0551
2 0.1087 0.6941 0.0138 0.0340
2 0.0215 0.2606 0.0146 0.0514
2 0.0973 0.2519 0.0217 0.0559
3 0.0857 0.5211 0.0179 0.0405
2 0.5914 0.1629 0.0822 0.1283
2 0.1130 0.2803 0.0130 0.0465
2 0.5035 0.5005 0.0697 0.1105
3 0.3405 0.4456 0.0680 0.0846
2 0.2801 0.3944 0.0608 0.0812
2 0.0555 0.2204 0.0220 0.0560
2 0.0205 0.2974 0.0138 0.0450
2 0.5589 0.5948 0.0671 0.1083
2 0.4555 0.2315 0.0643 0.1086
3 0.0453 0.4918 0.0187 0.0394
2 0.2278 0.6041 0.0303 0.0664
2 0.0567 0.1816 0.0220 0.0560
2 0.1213 0.0925 0.0148 0.0580
2 0.3614 0.1304 0.0758 0.1025
3 0.1152 0.5126 0.0124 0.0428
2 0.1273 0.2681 0.0135 0.0473
2 0.3791 0.7735 0.0375 0.1001
2 0.6248 0.8477 0.1194 0.1623
3 0.1117 0.6058 0.0146 0.0437
2 0.2515 0.1573 0.0318 0.0784
2 0.4139 0.1757 0.0427 0.1022
3 0.1202 0.4112 0.0130 0.0434
2 0.1029 0.0789 0.0241 0.0670
3 0.0305 0.4626 0.0220 0.0439
3 0.0801 0.6084 0.0238 0.0399
2 0.0587 0.1408 0.0220 0.0560
2 0.7847 0.9024 0.2190 0.1935
2 0.3561 0.2880 0.0793 0.1000
2 0.1255 0.6577 0.0174 0.0483
3 0.1311 0.5057 0.0164 0.0503
3 0.1303 0.5570 0.0186 0.0526
2 0.1535 0.3940 0.0182 0.0521
2 0.1691 0.6623 0.0352 0.0551
2 0.1103 0.3284 0.0150 0.0449
3 0.1474 0.5550 0.0184 0.0555
3 0.2795 0.4576 0.0570 0.0846
2 0.0313 0.3542 0.0144 0.0439
2 0.1971 0.0448 0.0371 0.0579
3 0.1103 0.6546 0.0122 0.0403
2 0.0901 0.3842 0.0224 0.0457
2 0.9395 0.7469 0.0776 0.1582
2 0.0688 0.3989 0.0190 0.0494
2 0.4212 0.0859 0.0467 0.1130
2 0.2308 0.5407 0.0301 0.0699
2 0.0927 0.3433 0.0219 0.0538
2 0.2285 0.0586 0.0266 0.0845
3 0.0835 0.5634 0.0226 0.0408
3 0.5069 0.3920 0.0647 0.1088
2 0.1218 0.3653 0.0137 0.0457
3 0.0416 0.6089 0.0204 0.0404
2 0.1368 0.0388 0.0147 0.0465
2 0.3483 0.3680 0.0736 0.0933
2 0.4489 0.3240 0.0672 0.1032
3 0.0587 0.6493 0.0187 0.0394
3 0.8101 0.4556 0.2069 0.1524
2 0.2999 0.0576 0.0599 0.0850
2 0.3318 0.6026 0.0664 0.0792
2 0.5464 0.8196 0.0643 0.1224
3 0.0658 0.4822 0.0225 0.0412
2 0.0304 0.4259 0.0166 0.0422
2 0.1663 0.7041 0.0368 0.0340
2 0.1558 0.3411 0.0162 0.0568
2 0.2576 0.0418 0.0319 0.0545
2 0.9453 0.1173 0.0654 0.1485
2 0.0506 0.3387 0.0220 0.0529
2 0.2247 0.1196 0.0282 0.0786
2 0.0270 0.1224 0.0146 0.0514
2 0.5277 0.0958 0.0747 0.1388
3 0.0079 0.6086 0.0158 0.0394
2 0.3284 0.7650 0.0661 0.1040
2 0.1457 0.2024 0.0160 0.0522
3 0.1014 0.5625 0.0144 0.0443
2 0.1252 0.3168 0.0105 0.0419
2 0.0084 0.6730 0.0074 0.0201
2 0.0417 0.1293 0.0155 0.0531
2 0.8179 0.1865 0.2012 0.1945
2 0.2152 0.3044 0.0280 0.0722
3 0.1491 0.5020 0.0178 0.0486
3 0.0091 0.5422 0.0183 0.0394
2 0.4638 0.1413 0.0648 0.1146
2 0.2541 0.0941 0.0312 0.0815
2 0.1330 0.1206 0.0113 0.0499
2 0.0938 0.3001 0.0208 0.0537
2 0.0779 0.1907 0.0192 0.0515
3 0.0647 0.5242 0.0216 0.0446
2 0.2181 0.2440 0.0272 0.0672
2 0.2016 0.6048 0.0287 0.0656
3 0.0142 0.4702 0.0138 0.0394
2 0.1695 0.6045 0.0376 0.0530
3 0.6488 0.4754 0.1107 0.1254
2 0.2051 0.5431 0.0254 0.0638
2 0.3973 0.4285 0.0370 0.0865
2 0.1399 0.7007 0.0180 0.0340
2 0.5535 0.7042 0.0710 0.1049
2 0.2477 0.2182 0.0322 0.0798
2 0.0149 0.4367 0.0149 0.0400
2 0.2923 0.1850 0.0632 0.0958
3 0.0448 0.5296 0.0187 0.0394
2 0.1951 0.0988 0.0396 0.0956
3 0.2317 0.5395 0.0316 0.0667
2 0.2963 0.1166 0.0613 0.0989
2 0.2659 0.7245 0.0561 0.0240
2 0.0785 0.1526 0.0193 0.0510
2 0.1366 0.4050 0.0185 0.0523
2 0.1964 0.7100 0.0239 0.0340
3 0.9462 0.4362 0.0684 0.1653
2 0.2715 0.6058 0.0578 0.0673
2 0.6791 0.1137 0.1135 0.1555
2 0.4292 0.6891 0.0567 0.0888
3 0.0211 0.6474 0.0187 0.0394
2 0.5224 0.1941 0.0808 0.1200
3 0.1071 0.4177 0.0121 0.0428
2 0.0246 0.1891 0.0146 0.0514
3 0.1730 0.5465 0.0357 0.0664
2 0.1289 0.2199 0.0139 0.0468
3 0.2065 0.4826 0.0264 0.0673
2 0.9282 0.9166 0.0951 0.1667
2 0.1808 0.3815 0.0379 0.0755
2 0.3309 0.6796 0.0671 0.0724
2 0.1225 0.0512 0.0148 0.0580
3 0.6618 0.3573 0.1062 0.1238
3 0.0073 0.6464 0.0146 0.0394
2 0.4331 0.6010 0.0554 0.0910
2 0.0185 0.3326 0.0149 0.0400
2 0.5970 0.0665 0.0745 0.1035
3 0.0424 0.5699 0.0187 0.0394
3 0.4443 0.4130 0.0646 0.1027
3 0.0269 0.4984 0.0187 0.0394
2 0.3885 0.6014 0.0396 0.0817
2 0.4236 0.7932 0.0563 0.1175
3 0.0629 0.5651 0.0240 0.0424
2 0.2213 0.1830 0.0276 0.0720
2 0.1914 0.1564 0.0378 0.0880
2 0.3912 0.5163 0.0396 0.0817
2 0.0770 0.2333 0.0187 0.0489
2 0.0740 0.2773 0.0187 0.0479
2 0.1439 0.6071 0.0183 0.0541
3 0.0216 0.6097 0.0187 0.0394
2 0.7967 0.7421 0.2220 0.1546
2 0.1529 0.0488 0.0166 0.0634
2 0.2883 0.2548 0.0619 0.0864
3 0.0079 0.5754 0.0158 0.0394
2 0.1837 0.3255 0.0375 0.0751
2 0.1706 0.0370 0.0190 0.0436
2 0.2857 0.3287 0.0596 0.0841
3 0.0799 0.6519 0.0250 0.0428
2 0.1010 0.1182 0.0241 0.0670
2 0.0402 0.1697 0.0142 0.0415
2 0.4904 0.6951 0.0687 0.0950
3 0.3402 0.5219 0.0709 0.0784
2 0.1498 0.0970 0.0189 0.0642
2 0.1146 0.2315 0.0133 0.0402
2 0.1049 0.0421 0.0241 0.0528
2 0.6659 0.2370 0.1119 0.1414
2 0.0570 0.6808 0.0193 0.0201
2 0.2406 0.3457 0.0310 0.0632
2 0.0538 0.2601 0.0220 0.0560
2 0.0665 0.4424 0.0175 0.0467
3 0.0889 0.4280 0.0248 0.0481
2 0.0151 0.4052 0.0149 0.0400
3 0.0236 0.5739 0.0187 0.0394
2 0.4024 0.3484 0.0396 0.0817
2 0.0226 0.2306 0.0146 0.0514
2 0.9435 0.5925 0.0686 0.1538
3 0.9483 0.2716 0.0609 0.1591
2 0.0602 0.6097 0.0191 0.0454
2 0.0497 0.3740 0.0220 0.0529
2 0.0978 0.2068 0.0230 0.0467
2 0.1192 0.4627 0.0122 0.0491
2 0.2682 0.6740 0.0581 0.0653
2 0.3855 0.6855 0.0349 0.0819
2 0.1171 0.1850 0.0121 0.0465
2 0.1892 0.2133 0.0368 0.0798
2 0.1510 0.4484 0.0197 0.0592
2 0.5816 0.2697 0.0766 0.1244
2 0.1086 0.3749 0.0151 0.0474
2 0.4954 0.5953 0.0734 0.0990
2 0.2435 0.2856 0.0310 0.0748
2 0.0628 0.0585 0.0220 0.0645
2 0.1437 0.2532 0.0160 0.0493
3 0.0138 0.5054 0.0138 0.0394
2 0.0518 0.2989 0.0220 0.0529
3 0.0485 0.4518 0.0220 0.0439
2 0.1992 0.6648 0.0262 0.0642
2 0.3587 0.2073 0.0788 0.1061
3 0.0983 0.6559 0.0111 0.0424
3 0.0261 0.5366 0.0187 0.0394
2 0.0253 0.1597 0.0146 0.0514
2 0.1637 0.1855 0.0168 0.0575
2 0.1002 0.1611 0.0233 0.0614
3 0.8131 0.3204 0.2055 0.1705
2 0.5161 0.3005 0.0753 0.1099
2 0.8201 0.0814 0.1945 0.1358
2 0.6443 0.5958 0.1113 0.1204
2 0.0711 0.3598 0.0174 0.0508
2 0.0953 0.6926 0.0138 0.0340
2 0.1306 0.1696 0.0134 0.0467
2 0.3672 0.0621 0.0759 0.0944
2 0.4087 0.2593 0.0419 0.0932
2 0.1233 0.6978 0.0180 0.0340
2 0.0595 0.1050 0.0220 0.0631
2 0.0837 0.0367 0.0193 0.0432
2 0.2382 0.4119 0.0339 0.0797
2 0.0025 0.6722 0.0049 0.0201
3 0.0387 0.6494 0.0213 0.0394
2 0.4676 0.0618 0.0642 0.0955
3 0.0987 0.6081 0.0124 0.0435
3 0.2358 0.4730 0.0294 0.0667
2 0.2228 0.7135 0.0280 0.0340
3 0.1025 0.5159 0.0132 0.0421
2 0.1589 0.2883 0.0177 0.0468
2 0.1350 0.0737 0.0143 0.0548
2 0.1380 0.3550 0.0193 0.0556
2 0.0771 0.7025 0.0227 0.0585
2 0.1866 0.2696 0.0375 0.0747
3 0.1739 0.4920 0.0382 0.0643
2 0.1414 0.6597 0.0170 0.0516
2 0.0355 0.2811 0.0148 0.0500
3 0.2040 0.5423 0.0261 0.0616
2 0.0734 0.3161 0.0200 0.0510
2 0.1406 0.3033 0.0187 0.0498
2 0.1289 0.6079 0.0165 0.0495
3 0.0891 0.4767 0.0251 0.0456
3 0.4398 0.5074 0.0594 0.0954
2 0.1780 0.4355 0.0370 0.0707
2 0.0489 0.4133 0.0220 0.0440
2 0.0381 0.2075 0.0134 0.0422
2 0.0796 0.1103 0.0193 0.0636
