3 0.2135 0.3848 0.0400 0.0516
3 0.4033 0.2091 0.0561 0.0503
3 0.1649 0.4417 0.0513 0.0496
3 0.3631 0.2117 0.0269 0.0498
3 0.7254 0.1077 0.0334 0.0598
3 0.4912 0.1431 0.0271 0.0512
3 0.3633 0.5913 0.0264 0.0530
1 0.1596 0.6489 0.0514 0.0517
3 0.1634 0.5424 0.0519 0.0479
3 0.9025 0.5252 0.0813 0.0611
3 0.3634 0.6492 0.0277 0.0546
3 0.0068 0.7673 0.0135 0.0309
3 0.4931 0.2492 0.0290 0.0539
3 0.3642 0.7093 0.0273 0.0548
3 0.3350 0.1677 0.0255 0.0492
1 0.9831 0.8608 0.0321 0.0662
3 0.3342 0.2163 0.0277 0.0522
3 0.3632 0.1607 0.0258 0.0489
1 0.1556 0.8155 0.0545 0.0600
3 0.3331 0.5353 0.0270 0.0518
2 0.3633 0.9014 0.0263 0.0662
3 0.4062 0.5369 0.0561 0.0530
3 0.8719 0.0935 0.0702 0.0594
3 0.4054 0.7094 0.0578 0.0541
3 0.7932 0.6554 0.0372 0.0679
3 0.7011 0.7154 0.0708 0.0641
3 0.4559 0.2515 0.0428 0.0528
3 0.8146 0.2141 0.0538 0.0611
3 0.6860 0.4057 0.0687 0.0604
3 0.0219 0.7121 0.0153 0.0309
1 0.5691 0.7117 0.0330 0.0578
3 0.3330 0.7073 0.0273 0.0550
1 0.2573 0.7056 0.0594 0.0507
3 0.5301 0.4703 0.0273 0.0519
3 0.8250 0.3959 0.0571 0.0634
2 0.3036 0.8909 0.0318 0.0683
3 0.2128 0.4384 0.0391 0.0527
3 0.0881 0.4989 0.0470 0.0496
3 0.3339 0.3180 0.0273 0.0520
2 0.4095 0.9056 0.0565 0.0687
3 0.0995 0.2160 0.0434 0.0470
3 0.3052 0.4287 0.0282 0.0519
3 0.4554 0.2011 0.0446 0.0532
3 0.3338 0.3724 0.0264 0.0518
3 0.8210 0.3356 0.0609 0.0614
3 0.4590 0.4758 0.0430 0.0523
3 0.4034 0.1573 0.0529 0.0544
3 0.9587 0.3955 0.0578 0.0606
2 0.0767 0.8719 0.0490 0.0683
3 0.5373 0.7758 0.0332 0.0622
3 0.5905 0.2930 0.0325 0.0551
3 0.0185 0.7651 0.0154 0.0309
3 0.7848 0.5251 0.0359 0.0622
1 0.7034 0.7819 0.0743 0.0667
3 0.5966 0.4667 0.0321 0.0585
3 0.9541 0.3279 0.0557 0.0596
1 0.4634 0.8378 0.0484 0.0588
3 0.0112 0.6012 0.0180 0.0299
3 0.5873 0.1822 0.0329 0.0550
3 0.1227 0.5455 0.0270 0.0511
3 0.8825 0.2126 0.0756 0.0634
3 0.5528 0.1878 0.0307 0.0555
3 0.3629 0.2631 0.0271 0.0521
3 0.3630 0.4785 0.0265 0.0523
3 0.3045 0.4825 0.0286 0.0507
3 0.0121 0.5741 0.0186 0.0299
3 0.4545 0.1478 0.0431 0.0491
3 0.6245 0.2347 0.0334 0.0583
3 0.0672 0.2207 0.0220 0.0475
3 0.9757 0.6515 0.0486 0.0641
3 0.7817 0.4604 0.0378 0.0594
1 0.2577 0.6498 0.0605 0.0534
2 0.7879 0.5894 0.0405 0.0597
3 0.5223 0.1375 0.0274 0.0518
3 0.8430 0.6556 0.0589 0.0639
3 0.0222 0.6843 0.0154 0.0309
1 0.9231 0.7885 0.0819 0.0675
1 0.3037 0.8293 0.0280 0.0515
3 0.4950 0.3585 0.0274 0.0519
3 0.7692 0.2799 0.0368 0.0621
3 0.0508 0.5998 0.0242 0.0506
3 0.5633 0.5899 0.0307 0.0601
1 0.2047 0.8195 0.0381 0.0539
3 0.0231 0.6346 0.0162 0.0317
1 0.6491 0.8482 0.0366 0.0640
2 0.8065 0.9423 0.0308 0.0839
3 0.1263 0.4457 0.0259 0.0508
3 0.4035 0.3134 0.0552 0.0512
3 0.3336 0.4258 0.0270 0.0523
3 0.1630 0.4917 0.0521 0.0509
3 0.5991 0.5261 0.0324 0.0550
3 0.4943 0.3023 0.0274 0.0505
3 0.3060 0.2726 0.0266 0.0512
1 0.3038 0.7697 0.0274 0.0538
3 0.5555 0.2985 0.0318 0.0571
3 0.6744 0.1782 0.0680 0.0596
1 0.6463 0.7793 0.0351 0.0644
1 0.0839 0.5968 0.0468 0.0501
3 0.4604 0.5344 0.0418 0.0558
2 0.8364 0.5897 0.0609 0.0673
2 0.4654 0.9135 0.0479 0.0721
3 0.2629 0.3302 0.0572 0.0478
1 0.2082 0.6519 0.0414 0.0527
3 0.3056 0.3235 0.0269 0.0500
3 0.3630 0.4243 0.0261 0.0518
3 0.9353 0.0866 0.0540 0.0606
3 0.4915 0.1958 0.0292 0.0515
2 0.6006 0.5888 0.0360 0.0635
2 0.0412 0.8672 0.0240 0.0664
3 0.3632 0.3703 0.0254 0.0508
3 0.0469 0.7003 0.0241 0.0481
3 0.0537 0.5483 0.0240 0.0477
2 0.2054 0.8828 0.0377 0.0601
3 0.1244 0.4946 0.0265 0.0511
3 0.6770 0.2325 0.0698 0.0583
3 0.5574 0.4112 0.0282 0.0549
3 0.6790 0.2894 0.0684 0.0603
3 0.0908 0.4014 0.0467 0.0519
3 0.5311 0.5275 0.0278 0.0535
3 0.6828 0.3475 0.0691 0.0582
1 0.0485 0.6493 0.0241 0.0524
1 0.1566 0.7578 0.0526 0.0481
3 0.0216 0.7416 0.0154 0.0309
3 0.8160 0.2783 0.0573 0.0601
3 0.3634 0.7681 0.0268 0.0530
3 0.9138 0.6541 0.0772 0.0655
3 0.5544 0.2438 0.0319 0.0560
3 0.8889 0.3332 0.0781 0.0603
3 0.6063 0.7122 0.0357 0.0579
1 0.8047 0.8554 0.0404 0.0718
1 0.0803 0.7030 0.0470 0.0510
3 0.1288 0.3476 0.0252 0.0501
3 0.7632 0.1622 0.0342 0.0599
3 0.1696 0.2951 0.0479 0.0488
3 0.0641 0.3092 0.0229 0.0458
3 0.4032 0.2592 0.0559 0.0506
3 0.7465 0.5267 0.0367 0.0613
1 0.0771 0.8078 0.0479 0.0532
1 0.6106 0.8462 0.0350 0.0650
3 0.0853 0.5471 0.0477 0.0516
3 0.6040 0.6537 0.0356 0.0609
2 0.1146 0.8738 0.0269 0.0664
1 0.1150 0.8119 0.0266 0.0545
3 0.7603 0.1046 0.0337 0.0607
3 0.6892 0.4652 0.0709 0.0588
1 0.5009 0.6504 0.0290 0.0570
3 0.6428 0.6505 0.0361 0.0625
3 0.0233 0.6587 0.0153 0.0309
3 0.5325 0.5930 0.0296 0.0616
3 0.2186 0.1908 0.0364 0.0466
3 0.7328 0.2813 0.0335 0.0597
3 0.8337 0.5241 0.0583 0.0632
3 0.0892 0.4494 0.0471 0.0525
1 0.3326 0.6502 0.0274 0.0543
3 0.6308 0.4046 0.0301 0.0581
1 0.9296 0.8609 0.0753 0.0697
3 0.6446 0.7160 0.0373 0.0634
2 0.3325 0.9021 0.0273 0.0728
3 0.2640 0.2318 0.0556 0.0479
3 0.2610 0.4320 0.0578 0.0496
3 0.0964 0.3069 0.0471 0.0485
1 0.0782 0.7571 0.0499 0.0588
3 0.3332 0.7681 0.0295 0.0574
3 0.0076 0.7113 0.0152 0.0299
3 0.2086 0.5955 0.0395 0.0485
3 0.7430 0.4639 0.0345 0.0604
2 0.9719 0.5891 0.0561 0.0615
3 0.2633 0.2795 0.0580 0.0487
3 0.0451 0.7521 0.0243 0.0498
3 0.5280 0.4148 0.0297 0.0557
3 0.0964 0.2615 0.0456 0.0506
2 0.7687 0.9376 0.0378 0.0839
1 0.4631 0.7742 0.0483 0.0580
3 0.4979 0.5298 0.0287 0.0539
3 0.4563 0.3070 0.0445 0.0524
3 0.2593 0.5398 0.0588 0.0488
3 0.0083 0.6534 0.0165 0.0299
3 0.1607 0.5954 0.0502 0.0525
1 0.5690 0.7766 0.0321 0.0613
1 0.5389 0.8406 0.0300 0.0587
1 0.5057 0.8397 0.0324 0.0615
3 0.8575 0.8577 0.0638 0.0785
3 0.9685 0.5228 0.0562 0.0581
3 0.0427 0.8054 0.0218 0.0465
3 0.5347 0.6545 0.0294 0.0605
3 0.6976 0.6548 0.0695 0.0614
3 0.7475 0.5906 0.0379 0.0632
3 0.6920 0.5268 0.0708 0.0575
3 0.5923 0.3508 0.0328 0.0546
2 0.8575 0.9396 0.0684 0.0820
3 0.5863 0.1279 0.0308 0.0544
3 0.4062 0.4798 0.0567 0.0514
3 0.1212 0.5964 0.0253 0.0504
3 0.4059 0.5919 0.0572 0.0523
3 0.2146 0.3329 0.0392 0.0481
3 0.5239 0.2445 0.0302 0.0541
3 0.5947 0.4075 0.0322 0.0617
2 0.2565 0.8867 0.0608 0.0550
3 0.7664 0.2208 0.0348 0.0616
3 0.1275 0.3957 0.0249 0.0505
1 0.9825 0.7893 0.0349 0.0675
3 0.8114 0.1557 0.0537 0.0602
3 0.1340 0.2040 0.0228 0.0461
3 0.3345 0.2674 0.0287 0.0534
2 0.5064 0.9135 0.0330 0.0722
3 0.8849 0.2728 0.0779 0.0613
3 0.0080 0.6827 0.0159 0.0299
3 0.0586 0.4031 0.0240 0.0509
3 0.0561 0.4500 0.0244 0.0516
3 0.6264 0.2906 0.0316 0.0567
3 0.6335 0.4652 0.0331 0.0601
3 0.3069 0.1726 0.0271 0.0498
1 0.2566 0.7622 0.0597 0.0519
3 0.0236 0.6078 0.0169 0.0299
2 0.5412 0.9156 0.0295 0.0766
3 0.1674 0.3458 0.0495 0.0483
3 0.9401 0.1503 0.0564 0.0625
2 0.1560 0.8758 0.0572 0.0537
1 0.7087 0.8527 0.0751 0.0697
1 0.1178 0.7012 0.0243 0.0495
1 0.4077 0.8348 0.0597 0.0630
3 0.2098 0.5417 0.0396 0.0475
1 0.3025 0.6508 0.0290 0.0541
2 0.6108 0.9228 0.0380 0.0763
3 0.7716 0.3386 0.0342 0.0611
3 0.6921 0.5890 0.0698 0.0620
3 0.4065 0.7719 0.0589 0.0572
3 0.6288 0.3478 0.0330 0.0604
3 0.1707 0.2488 0.0483 0.0479
3 0.0934 0.3540 0.0431 0.0476
3 0.3067 0.2218 0.0258 0.0494
3 0.0556 0.5005 0.0234 0.0458
3 0.3634 0.5347 0.0270 0.0523
3 0.3331 0.5925 0.0270 0.0529
1 0.1163 0.7563 0.0259 0.0511
1 0.9802 0.7210 0.0396 0.0675
3 0.4962 0.4138 0.0288 0.0545
3 0.5562 0.3523 0.0295 0.0549
1 0.7655 0.8531 0.0359 0.0688
3 0.1336 0.2507 0.0232 0.0480
3 0.4573 0.3657 0.0440 0.0500
3 0.6227 0.1793 0.0322 0.0575
3 0.3625 0.3154 0.0279 0.0533
3 0.4050 0.3697 0.0554 0.0523
3 0.9641 0.4581 0.0573 0.0583
3 0.4043 0.4242 0.0560 0.0518
3 0.2592 0.5944 0.0600 0.0485
3 0.3334 0.4796 0.0267 0.0523
3 0.4998 0.5893 0.0296 0.0548
3 0.0250 0.5827 0.0149 0.0300
3 0.5269 0.3570 0.0293 0.0540
3 0.0625 0.3565 0.0227 0.0476
3 0.2155 0.2842 0.0375 0.0485
3 0.2619 0.3814 0.0582 0.0511
3 0.8083 0.0954 0.0518 0.0555
3 0.0087 0.6299 0.0175 0.0299
3 0.7529 0.6541 0.0393 0.0620
3 0.8964 0.4615 0.0741 0.0610
2 0.7112 0.9299 0.0766 0.0775
3 0.7953 0.7198 0.0381 0.0714
1 0.5033 0.7737 0.0302 0.0579
3 0.4972 0.4720 0.0280 0.0527
3 0.7307 0.2238 0.0337 0.0592
3 0.8779 0.1551 0.0721 0.0645
1 0.3342 0.8317 0.0293 0.0593
3 0.7367 0.3413 0.0352 0.0601
3 0.5516 0.1336 0.0290 0.0546
3 0.8471 0.7171 0.0586 0.0665
1 0.0821 0.6495 0.0479 0.0521
3 0.8941 0.3975 0.0742 0.0612
3 0.9503 0.2682 0.0537 0.0519
3 0.7773 0.3976 0.0351 0.0635
1 0.2053 0.7601 0.0401 0.0492
1 0.3642 0.8331 0.0239 0.0610
1 0.5706 0.8417 0.0305 0.0590
3 0.0353 0.5875 0.0064 0.0292
3 0.6363 0.5256 0.0326 0.0564
3 0.1724 0.2002 0.0490 0.0461
3 0.5669 0.6530 0.0320 0.0611
3 0.0658 0.2649 0.0234 0.0461
3 0.3040 0.5932 0.0292 0.0520
1 0.4619 0.6499 0.0467 0.0561
3 0.2161 0.2362 0.0371 0.0447
3 0.2603 0.4846 0.0580 0.0513
3 0.4603 0.5918 0.0460 0.0532
3 0.6728 0.1185 0.0659 0.0527
3 0.3055 0.3738 0.0276 0.0504
3 0.5024 0.7098 0.0312 0.0581
3 0.5252 0.3006 0.0288 0.0545
3 0.5893 0.2384 0.0330 0.0575
3 0.9184 0.7224 0.0803 0.0655
3 0.3045 0.5363 0.0291 0.0508
3 0.7554 0.7211 0.0390 0.0695
1 0.1213 0.6495 0.0247 0.0528
3 0.5622 0.5260 0.0287 0.0548
1 0.4627 0.7116 0.0475 0.0559
1 0.8017 0.7861 0.0424 0.0709
3 0.7280 0.1652 0.0342 0.0583
1 0.2564 0.8260 0.0605 0.0635
1 0.5369 0.7125 0.0304 0.0570
3 0.6377 0.5861 0.0327 0.0606
3 0.9462 0.2086 0.0538 0.0579
3 0.0075 0.7414 0.0150 0.0299
2 0.9291 0.9444 0.0761 0.0888
3 0.2646 0.1836 0.0548 0.0474
3 0.3035 0.7072 0.0297 0.0537
3 0.5601 0.4676 0.0302 0.0562
3 0.1318 0.2997 0.0232 0.0487
2 0.6520 0.9260 0.0392 0.0747
1 0.6077 0.7784 0.0356 0.0632
3 0.8305 0.4614 0.0575 0.0617
3 0.5229 0.1904 0.0294 0.0538
3 0.0347 0.6108 0.0068 0.0320
3 0.4060 0.6505 0.0583 0.0528
1 0.8529 0.7860 0.0620 0.0748
3 0.1573 0.7040 0.0518 0.0496
3 0.2114 0.4891 0.0379 0.0507
1 0.2059 0.7046 0.0432 0.0508
2 0.9832 0.9451 0.0335 0.0957
3 0.1663 0.3915 0.0515 0.0504
3 0.7615 0.7871 0.0396 0.0731
3 0.4577 0.4184 0.0442 0.0519
3 0.7385 0.3999 0.0345 0.0634
2 0.5733 0.9205 0.0331 0.0785
3 0.6206 0.1239 0.0311 0.0547
2 0.9060 0.5896 0.0763 0.0622
3 0.0345 0.6357 0.0072 0.0314
