3 0.6632 0.7882 0.1212 0.0418
3 0.9756 0.7874 0.0489 0.0403
3 0.0273 0.7474 0.0517 0.0393
3 0.1387 0.9698 0.1554 0.0437
3 0.9738 0.9203 0.0524 0.0407
3 0.1369 0.8360 0.1554 0.0419
3 0.9000 0.9655 0.0899 0.0419
3 0.8993 0.9218 0.0882 0.0407
2 0.3064 0.6988 0.1757 0.0475
3 0.7903 0.9682 0.1193 0.0416
3 0.7908 0.8769 0.1279 0.0447
3 0.5400 0.8775 0.1161 0.0412
3 0.9749 0.8328 0.0503 0.0424
3 0.5409 0.7429 0.1151 0.0414
3 0.7897 0.7456 0.1219 0.0412
3 0.4398 0.9673 0.0853 0.0420
3 0.5434 0.8321 0.1177 0.0422
3 0.8991 0.8314 0.0904 0.0414
3 0.5425 0.7876 0.1197 0.0439
3 0.7891 0.7889 0.1229 0.0428
3 0.3055 0.7929 0.1702 0.0446
3 0.1381 0.7019 0.1555 0.0476
3 0.6633 0.8341 0.1233 0.0422
3 0.0279 0.8786 0.0536 0.0430
2 0.6637 0.6987 0.1230 0.0467
3 0.7880 0.8329 0.1266 0.0419
3 0.0276 0.9677 0.0535 0.0437
3 0.4386 0.7440 0.0857 0.0416
3 0.4400 0.8311 0.0887 0.0447
3 0.4376 0.9219 0.0860 0.0413
3 0.5400 0.9669 0.1144 0.0421
3 0.4378 0.8777 0.0856 0.0445
3 0.0269 0.7904 0.0520 0.0429
3 0.1378 0.7479 0.1560 0.0413
3 0.0287 0.9227 0.0574 0.0412
3 0.9752 0.8773 0.0495 0.0406
3 0.8990 0.7455 0.0872 0.0399
3 0.3066 0.9678 0.1700 0.0405
2 0.7877 0.6987 0.1212 0.0469
3 0.0293 0.7019 0.0554 0.0443
3 0.4387 0.7877 0.0842 0.0432
3 0.9747 0.7448 0.0505 0.0393
3 0.4392 0.6986 0.0861 0.0449
3 0.6613 0.8795 0.1243 0.0408
3 0.5413 0.9218 0.1131 0.0440
3 0.8993 0.7880 0.0918 0.0403
2 0.8976 0.6990 0.0951 0.0447
3 0.6637 0.9676 0.1229 0.0413
3 0.9007 0.8761 0.0870 0.0415
3 0.3051 0.7463 0.1718 0.0429
3 0.3052 0.9250 0.1708 0.0412
3 0.3054 0.8807 0.1697 0.0470
3 0.3036 0.8370 0.1708 0.0438
3 0.0281 0.8342 0.0549 0.0400
3 0.1372 0.7922 0.1576 0.0418
3 0.1395 0.8814 0.1577 0.0468
3 0.9737 0.9656 0.0526 0.0414
3 0.1383 0.9253 0.1582 0.0423
3 0.7886 0.9229 0.1224 0.0430
3 0.6614 0.7460 0.1220 0.0388
3 0.5403 0.6986 0.1206 0.0450
3 0.6617 0.9255 0.1226 0.0443
2 0.9739 0.6995 0.0522 0.0445
