3 0.8384 0.9239 0.0554 0.0160
3 0.9158 0.8544 0.1083 0.0166
2 0.5183 0.8336 0.0620 0.0167
2 0.8201 0.7434 0.0775 0.0202
2 0.5157 0.8153 0.0551 0.0150
2 0.4502 0.7417 0.0537 0.0183
3 0.8360 0.9569 0.0521 0.0160
3 0.8280 0.8881 0.0538 0.0169
3 0.9172 0.8361 0.1117 0.0186
3 0.8265 0.8718 0.0554 0.0169
3 0.5285 0.8514 0.0569 0.0172
3 0.7580 0.9246 0.0909 0.0179
2 0.9165 0.7441 0.1160 0.0184
2 0.5837 0.8343 0.0713 0.0160
2 0.7293 0.7424 0.1029 0.0184
3 0.9245 0.9412 0.1070 0.0177
3 0.9240 0.9228 0.0989 0.0167
3 0.4661 0.9416 0.0714 0.0163
3 0.8247 0.8349 0.0616 0.0194
2 0.5083 0.7416 0.0536 0.0183
3 0.6121 0.9591 0.0474 0.0163
3 0.5992 0.8717 0.0512 0.0177
2 0.5844 0.8170 0.0715 0.0198
2 0.8237 0.7977 0.0802 0.0167
3 0.6560 0.8342 0.0658 0.0177
2 0.8186 0.7261 0.0756 0.0206
3 0.7545 0.8879 0.0820 0.0168
3 0.7490 0.8533 0.0916 0.0175
3 0.8261 0.8538 0.0521 0.0176
2 0.5841 0.7970 0.0674 0.0161
3 0.9152 0.8880 0.1045 0.0173
2 0.8216 0.7619 0.0764 0.0189
2 0.7371 0.8159 0.0999 0.0183
3 0.4650 0.9244 0.0748 0.0164
3 0.4602 0.8515 0.0624 0.0182
3 0.6167 0.9788 0.0540 0.0192
2 0.5748 0.7412 0.0679 0.0183
2 0.6552 0.8159 0.0720 0.0176
3 0.6090 0.9416 0.0491 0.0172
3 0.5494 0.9790 0.0704 0.0205
2 0.5164 0.7797 0.0585 0.0176
3 0.6625 0.8531 0.0581 0.0172
2 0.9187 0.7617 0.1150 0.0162
2 0.9175 0.7976 0.1223 0.0172
2 0.7326 0.7602 0.1029 0.0184
3 0.5437 0.9413 0.0545 0.0176
3 0.4628 0.9063 0.0773 0.0153
2 0.8227 0.7795 0.0723 0.0190
3 0.7573 0.9060 0.0840 0.0156
3 0.8357 0.9405 0.0572 0.0181
3 0.7486 0.8702 0.0875 0.0185
2 0.8245 0.8162 0.0706 0.0185
2 0.6462 0.7789 0.0679 0.0183
2 0.9179 0.7793 0.1215 0.0183
3 0.6755 0.9416 0.0657 0.0179
2 0.4575 0.8155 0.0590 0.0164
3 0.4702 0.9605 0.0748 0.0153
2 0.4550 0.7792 0.0585 0.0176
3 0.5301 0.8709 0.0508 0.0173
3 0.6080 0.9247 0.0488 0.0170
3 0.9153 0.8717 0.1079 0.0176
3 0.8363 0.9063 0.0568 0.0171
2 0.4562 0.7974 0.0588 0.0165
3 0.4585 0.8707 0.0738 0.0169
2 0.5170 0.7975 0.0588 0.0165
2 0.9197 0.8170 0.1221 0.0186
3 0.4721 0.9785 0.0799 0.0205
3 0.7701 0.9580 0.0772 0.0157
3 0.6683 0.8878 0.0529 0.0169
3 0.6658 0.8710 0.0521 0.0188
2 0.5093 0.7611 0.0536 0.0183
2 0.7369 0.7973 0.1005 0.0187
3 0.7405 0.8356 0.0946 0.0179
3 0.6048 0.9056 0.0523 0.0170
2 0.7368 0.7790 0.1012 0.0182
3 0.4614 0.8888 0.0711 0.0169
3 0.5475 0.9601 0.0568 0.0182
3 0.5335 0.8879 0.0568 0.0158
3 0.9253 0.9578 0.1060 0.0158
3 0.5950 0.8528 0.0533 0.0173
3 0.5381 0.9229 0.0562 0.0168
2 0.4544 0.7611 0.0537 0.0183
3 0.6017 0.8888 0.0497 0.0182
2 0.4585 0.8330 0.0631 0.0160
3 0.9210 0.9060 0.1006 0.0179
3 0.6748 0.9587 0.0664 0.0157
3 0.6734 0.9247 0.0509 0.0167
3 0.5372 0.9067 0.0554 0.0173
3 0.6738 0.9059 0.0494 0.0171
2 0.6539 0.7973 0.0738 0.0181
3 0.7600 0.9415 0.0857 0.0168
2 0.5790 0.7792 0.0679 0.0183
2 0.6460 0.7594 0.0679 0.0183
2 0.5758 0.7593 0.0679 0.0183
2 0.6476 0.7429 0.0679 0.0183
