3 0.2509 0.1058 0.0268 0.0789
1 0.0173 0.5133 0.0057 0.0258
1 0.4259 0.5217 0.0553 0.0776
3 0.1879 0.0679 0.0184 0.0592
1 0.1116 0.6187 0.0146 0.0414
3 0.3449 0.2277 0.0690 0.1056
3 0.1574 0.6145 0.0177 0.0493
1 0.0397 0.5839 0.0075 0.0316
1 0.0190 0.6573 0.0061 0.0337
3 0.1146 0.0429 0.0090 0.0202
3 0.1950 0.2735 0.0190 0.0542
1 0.0233 0.4095 0.0061 0.0221
1 0.0748 0.4110 0.0124 0.0317
1 0.0832 0.4470 0.0112 0.0339
1 0.2825 0.5407 0.0304 0.0712
1 0.0195 0.4805 0.0064 0.0236
2 0.0612 0.6202 0.0147 0.0409
1 0.1462 0.5660 0.0120 0.0406
3 0.1450 0.2137 0.0168 0.0497
3 0.0407 0.1526 0.0094 0.0358
1 0.0110 0.6551 0.0054 0.0275
1 0.0466 0.4288 0.0103 0.0227
3 0.2739 0.2106 0.0249 0.0722
1 0.1826 0.5019 0.0196 0.0440
3 0.3345 0.3878 0.0622 0.0760
3 0.5362 0.7149 0.0538 0.1018
2 0.5234 0.8298 0.0628 0.1343
3 0.2551 0.0496 0.0233 0.0323
1 0.0899 0.5743 0.0092 0.0390
3 0.5105 0.1114 0.0583 0.0585
3 0.3076 0.1177 0.0325 0.0846
1 0.0121 0.6195 0.0054 0.0306
3 0.1286 0.2356 0.0157 0.0491
1 0.1021 0.3048 0.0095 0.0308
3 0.0214 0.2781 0.0047 0.0183
3 0.0222 0.2123 0.0053 0.0252
3 0.1253 0.6165 0.0158 0.0429
3 0.4791 0.7058 0.0577 0.0925
3 0.0255 0.1733 0.0058 0.0306
3 0.1630 0.1973 0.0195 0.0539
3 0.1717 0.6714 0.0245 0.0461
3 0.2151 0.2553 0.0259 0.0534
1 0.0861 0.4047 0.0111 0.0412
1 0.0126 0.4833 0.0050 0.0250
3 0.1879 0.3866 0.0194 0.0520
3 0.2088 0.3749 0.0246 0.0583
3 0.6450 0.2565 0.1021 0.1300
3 0.0823 0.2414 0.0128 0.0431
3 0.2749 0.6847 0.0315 0.0722
1 0.0746 0.6183 0.0078 0.0334
3 0.1537 0.0626 0.0170 0.0568
1 0.0312 0.4032 0.0101 0.0246
2 0.4099 0.0456 0.0349 0.0302
1 0.0264 0.4783 0.0056 0.0274
3 0.1217 0.1487 0.0155 0.0478
1 0.0077 0.5845 0.0048 0.0248
3 0.0288 0.2321 0.0073 0.0255
3 0.1965 0.6176 0.0254 0.0620
3 0.1674 0.4516 0.0214 0.0585
3 0.0269 0.3070 0.0094 0.0261
3 0.0603 0.0847 0.0110 0.0220
2 0.0588 0.5412 0.0081 0.0385
2 0.4644 0.8161 0.0691 0.1279
3 0.2686 0.2749 0.0264 0.0602
1 0.0440 0.6576 0.0072 0.0326
1 0.2003 0.5540 0.0270 0.0508
3 0.0520 0.2741 0.0103 0.0312
3 0.0537 0.2363 0.0099 0.0256
1 0.7820 0.3410 0.2056 0.1596
3 0.1764 0.2858 0.0185 0.0512
3 0.0585 0.1234 0.0107 0.0277
1 0.1275 0.2800 0.0168 0.0444
1 0.0056 0.6204 0.0059 0.0329
1 0.0484 0.5830 0.0075 0.0347
2 0.1066 0.7220 0.0148 0.0635
3 0.3200 0.6903 0.0657 0.0696
3 0.0711 0.0684 0.0107 0.0220
3 0.0837 0.1989 0.0139 0.0442
2 0.7062 0.8891 0.0918 0.1765
3 0.0445 0.2484 0.0070 0.0260
3 0.0901 0.0629 0.0121 0.0385
1 0.0142 0.4506 0.0085 0.0227
3 0.1379 0.0420 0.0099 0.0190
3 0.1554 0.3539 0.0177 0.0506
3 0.1229 0.1039 0.0150 0.0528
3 0.9333 0.7606 0.1315 0.1460
3 0.1795 0.2317 0.0198 0.0574
1 0.2577 0.4769 0.0276 0.0656
2 0.3772 0.6176 0.0298 0.0761
3 0.1426 0.3164 0.0166 0.0473
3 0.2791 0.0739 0.0272 0.0729
1 0.0912 0.3106 0.0135 0.0303
1 0.0553 0.4224 0.0117 0.0246
1 0.0212 0.4448 0.0094 0.0229
2 0.3673 0.7830 0.0385 0.0870
2 0.0713 0.2551 0.0097 0.0340
1 0.1173 0.4745 0.0156 0.0412
2 0.3916 0.3689 0.0329 0.0724
2 0.3953 0.2818 0.0388 0.0763
1 0.1623 0.5617 0.0197 0.0505
3 0.0195 0.3136 0.0085 0.0207
3 0.3085 0.0537 0.0252 0.0597
1 0.0243 0.5115 0.0083 0.0234
3 0.2131 0.3128 0.0251 0.0478
2 0.0685 0.4553 0.0150 0.0445
3 0.1336 0.1373 0.0168 0.0549
3 0.0238 0.3411 0.0076 0.0212
3 0.1180 0.1984 0.0146 0.0439
3 0.0452 0.2110 0.0081 0.0228
3 0.2973 0.2610 0.0308 0.0773
3 0.1018 0.2619 0.0134 0.0426
1 0.0633 0.6594 0.0088 0.0285
3 0.2928 0.3295 0.0284 0.0718
3 0.2039 0.0997 0.0195 0.0650
1 0.1067 0.4807 0.0145 0.0410
1 0.0590 0.3442 0.0105 0.0235
1 0.1149 0.2944 0.0159 0.0484
1 0.2875 0.4697 0.0274 0.0563
1 0.0325 0.3674 0.0090 0.0226
1 0.1147 0.5697 0.0157 0.0426
1 0.0326 0.5482 0.0078 0.0350
1 0.0092 0.5546 0.0084 0.0309
1 0.0690 0.5365 0.0146 0.0388
3 0.2329 0.4247 0.0292 0.0695
3 0.0325 0.3336 0.0058 0.0210
3 0.9394 0.0512 0.0920 0.0372
2 0.1219 0.7243 0.0180 0.0660
1 0.0352 0.6570 0.0081 0.0343
2 0.2171 0.7496 0.0278 0.0883
2 0.0031 0.6856 0.0059 0.0269
3 0.1857 0.4454 0.0204 0.0589
3 0.1608 0.2475 0.0178 0.0539
3 0.1399 0.3653 0.0175 0.0397
3 0.2773 0.1414 0.0288 0.0764
3 0.0344 0.2944 0.0092 0.0274
1 0.0813 0.4900 0.0106 0.0356
3 0.0650 0.1820 0.0107 0.0241
3 0.1970 0.2180 0.0196 0.0584
2 0.0653 0.4177 0.0075 0.0364
3 0.0686 0.5767 0.0131 0.0386
1 0.0481 0.3931 0.0108 0.0244
3 0.2442 0.2338 0.0275 0.0660
3 0.2767 0.6102 0.0303 0.0739
1 0.0048 0.6542 0.0043 0.0303
3 0.7855 0.2046 0.1924 0.1950
3 0.2472 0.6806 0.0284 0.0656
2 0.9269 0.9179 0.1253 0.1642
3 0.1399 0.6676 0.0189 0.0481
3 0.2637 0.3440 0.0264 0.0667
2 0.0400 0.6856 0.0172 0.0180
1 0.0307 0.5845 0.0089 0.0302
3 0.3556 0.0820 0.0657 0.0974
3 0.0770 0.2854 0.0168 0.0375
3 0.1589 0.2999 0.0196 0.0547
3 0.1154 0.2478 0.0138 0.0439
1 0.0927 0.3525 0.0170 0.0439
1 0.0208 0.6211 0.0078 0.0320
3 0.3501 0.1539 0.0653 0.1118
3 0.0347 0.1244 0.0094 0.0271
1 0.1030 0.5267 0.0154 0.0405
2 0.0811 0.0515 0.0107 0.0306
2 0.0769 0.7151 0.0198 0.0640
1 0.0955 0.3954 0.0139 0.0385
1 0.1087 0.6666 0.0154 0.0432
2 0.0698 0.2985 0.0108 0.0317
3 0.0985 0.0950 0.0096 0.0297
1 0.0277 0.6201 0.0052 0.0340
3 0.0953 0.2250 0.0126 0.0419
2 0.1373 0.7271 0.0188 0.0701
1 0.1316 0.5174 0.0176 0.0450
3 0.0620 0.2650 0.0101 0.0232
3 0.0265 0.1393 0.0065 0.0239
1 0.3351 0.4609 0.0673 0.0724
1 0.2537 0.5447 0.0275 0.0649
1 0.2273 0.5520 0.0264 0.0565
1 0.4302 0.4302 0.0576 0.0875
3 0.5421 0.6095 0.0600 0.1142
3 0.1730 0.3432 0.0196 0.0481
2 0.0226 0.6873 0.0132 0.0282
1 0.0756 0.3681 0.0124 0.0397
3 0.7926 0.1003 0.1798 0.1320
3 0.2068 0.4353 0.0272 0.0683
3 0.1498 0.4599 0.0171 0.0471
2 0.0544 0.6610 0.0078 0.0401
3 0.1024 0.0514 0.0135 0.0366
3 0.7703 0.6127 0.2047 0.1409
1 0.1276 0.2800 0.0167 0.0438
1 0.6378 0.3569 0.0935 0.0898
1 0.1019 0.5723 0.0154 0.0430
2 0.3895 0.4556 0.0236 0.0819
1 0.0144 0.5849 0.0075 0.0255
2 0.0108 0.6854 0.0073 0.0265
1 0.0849 0.6593 0.0106 0.0342
3 0.4356 0.3397 0.0476 0.0928
2 0.6009 0.8536 0.0989 0.1621
2 0.0794 0.0906 0.0097 0.0363
1 0.0162 0.3804 0.0064 0.0218
3 0.0546 0.1984 0.0098 0.0311
1 0.9390 0.3032 0.1002 0.1591
3 0.4518 0.1632 0.0599 0.0917
3 0.1438 0.2633 0.0179 0.0497
2 0.4041 0.0999 0.0429 0.0792
1 0.0807 0.5755 0.0100 0.0334
3 0.2060 0.0496 0.0163 0.0370
3 0.0495 0.1386 0.0076 0.0252
2 0.0580 0.5805 0.0107 0.0376
3 0.6538 0.1401 0.1005 0.1450
3 0.6592 0.0539 0.0934 0.0372
1 0.5535 0.3938 0.0628 0.0988
3 0.0493 0.3125 0.0117 0.0292
3 0.9357 0.1495 0.0919 0.1480
3 0.0405 0.3251 0.0087 0.0227
3 0.1102 0.0822 0.0156 0.0527
2 0.0773 0.1322 0.0087 0.0339
3 0.0481 0.1760 0.0076 0.0285
1 0.0359 0.6211 0.0090 0.0343
1 0.6322 0.4891 0.0927 0.1173
1 0.0918 0.5284 0.0131 0.0396
1 0.1189 0.4272 0.0144 0.0410
3 0.3379 0.3083 0.0577 0.0921
1 0.0927 0.4846 0.0139 0.0413
3 0.5808 0.0752 0.0604 0.0993
3 0.1087 0.1217 0.0165 0.0558
3 0.7640 0.7474 0.2029 0.1473
1 0.2020 0.4948 0.0237 0.0587
3 0.2617 0.4152 0.0288 0.0741
3 0.1258 0.3295 0.0154 0.0430
1 0.4888 0.4166 0.0590 0.0944
1 0.1793 0.5586 0.0201 0.0509
1 0.0239 0.5494 0.0059 0.0299
1 0.1119 0.3393 0.0147 0.0427
1 0.0163 0.5509 0.0070 0.0296
2 0.0734 0.2177 0.0107 0.0358
3 0.0630 0.2262 0.0113 0.0245
3 0.0980 0.1826 0.0129 0.0249
2 0.4039 0.1935 0.0443 0.0786
3 0.1369 0.0821 0.0158 0.0608
3 0.2198 0.6791 0.0287 0.0623
1 0.0491 0.3555 0.0109 0.0260
3 0.4149 0.6976 0.0551 0.0818
3 0.9313 0.6066 0.1132 0.1489
3 0.5642 0.2916 0.0599 0.1106
3 0.1651 0.1421 0.0191 0.0579
3 0.0169 0.3495 0.0052 0.0204
1 0.0341 0.4731 0.0077 0.0260
1 0.1076 0.4351 0.0134 0.0410
3 0.0436 0.1137 0.0076 0.0207
3 0.1240 0.0610 0.0135 0.0460
3 0.1336 0.4165 0.0157 0.0487
1 0.2295 0.4882 0.0289 0.0633
2 0.3828 0.5359 0.0281 0.0739
1 0.0397 0.3619 0.0108 0.0230
3 0.1338 0.4682 0.0170 0.0476
3 0.1416 0.6172 0.0177 0.0466
3 0.2276 0.0733 0.0243 0.0679
3 0.2468 0.1699 0.0303 0.0726
2 0.1906 0.7437 0.0267 0.0823
2 0.0676 0.3355 0.0093 0.0388
1 0.0411 0.5463 0.0081 0.0374
3 0.1524 0.4078 0.0162 0.0510
1 0.0357 0.4349 0.0088 0.0212
3 0.4786 0.6104 0.0618 0.0919
3 0.5764 0.1781 0.0619 0.1059
1 0.0962 0.6636 0.0131 0.0427
3 0.2231 0.1358 0.0259 0.0699
1 0.1490 0.5117 0.0185 0.0473
3 0.1493 0.1661 0.0202 0.0555
2 0.3159 0.7750 0.0629 0.0966
3 0.1236 0.6671 0.0177 0.0459
2 0.0602 0.4989 0.0077 0.0371
3 0.1559 0.6693 0.0197 0.0517
1 0.0569 0.3818 0.0108 0.0221
3 0.5120 0.2105 0.0663 0.0983
3 0.0310 0.1978 0.0108 0.0207
1 0.0105 0.5164 0.0073 0.0251
3 0.1056 0.2127 0.0142 0.0430
2 0.0651 0.3725 0.0116 0.0329
2 0.2593 0.7663 0.0529 0.0935
3 0.0674 0.1016 0.0136 0.0362
3 0.4471 0.2481 0.0506 0.0997
1 0.0264 0.6553 0.0070 0.0297
1 0.4884 0.5119 0.0591 0.1007
1 0.0949 0.4377 0.0104 0.0317
3 0.0361 0.2591 0.0078 0.0230
3 0.6188 0.6082 0.0956 0.1228
3 0.0669 0.1446 0.0100 0.0294
3 0.2361 0.3630 0.0284 0.0590
3 0.4231 0.6099 0.0508 0.0816
1 0.1258 0.3295 0.0155 0.0434
1 0.1297 0.5683 0.0196 0.0493
3 0.2508 0.6147 0.0249 0.0753
3 0.1840 0.1205 0.0202 0.0621
1 0.9375 0.4545 0.1083 0.1409
3 0.3055 0.1845 0.0281 0.0771
3 0.0320 0.1656 0.0067 0.0212
1 0.0160 0.4112 0.0081 0.0244
3 0.0890 0.1103 0.0108 0.0343
1 0.0535 0.4625 0.0094 0.0283
2 0.3714 0.6963 0.0287 0.0769
3 0.1692 0.3988 0.0184 0.0522
1 0.0378 0.3975 0.0090 0.0224
3 0.0429 0.2873 0.0092 0.0297
3 0.1991 0.1581 0.0229 0.0668
1 0.0509 0.5429 0.0089 0.0347
3 0.0978 0.1386 0.0138 0.0538
3 0.4555 0.0706 0.0557 0.0885
1 0.0756 0.3278 0.0149 0.0450
3 0.1527 0.1120 0.0176 0.0579
1 0.3290 0.5345 0.0659 0.0759
3 0.5162 0.0517 0.0534 0.0381
3 0.0372 0.2248 0.0090 0.0207
2 0.0583 0.6914 0.0167 0.0160
3 0.2404 0.2980 0.0284 0.0541
3 0.5013 0.3073 0.0668 0.0961
3 0.2198 0.1929 0.0277 0.0689
2 0.1612 0.7335 0.0325 0.0709
1 0.0748 0.6603 0.0114 0.0312
3 0.1796 0.1773 0.0204 0.0599
1 0.0331 0.5089 0.0084 0.0252
3 0.0278 0.2690 0.0071 0.0266
3 0.0564 0.1624 0.0129 0.0281
3 0.0594 0.3064 0.0094 0.0278
3 0.6151 0.7227 0.0939 0.1195
3 0.0392 0.1897 0.0108 0.0290
1 0.1676 0.5066 0.0228 0.0449
1 0.0224 0.5837 0.0084 0.0265
1 0.1096 0.3886 0.0129 0.0408
1 0.0857 0.6177 0.0131 0.0372
3 0.1687 0.0916 0.0170 0.0622
1 0.0701 0.4944 0.0110 0.0302
3 0.0862 0.1526 0.0130 0.0318
2 0.0929 0.7183 0.0139 0.0574
2 0.4091 0.7971 0.0513 0.1079
3 0.0221 0.2424 0.0059 0.0165
1 0.0441 0.4684 0.0101 0.0255
3 0.1320 0.1791 0.0194 0.0520
3 0.0914 0.2726 0.0132 0.0407
3 0.1754 0.6191 0.0197 0.0529
1 0.0458 0.6201 0.0090 0.0323
3 0.0507 0.0988 0.0123 0.0227
3 0.1939 0.6744 0.0266 0.0537
1 0.0423 0.5043 0.0094 0.0235
1 0.7763 0.4723 0.2033 0.1377
1 0.5486 0.4993 0.0586 0.0932
3 0.1907 0.3302 0.0212 0.0461
2 0.0758 0.1743 0.0084 0.0330
1 0.1234 0.3777 0.0143 0.0419
2 0.8120 0.9040 0.0982 0.1540
3 0.2249 0.6153 0.0275 0.0660
1 0.0236 0.3768 0.0090 0.0242
3 0.2905 0.4028 0.0309 0.0774
1 0.1165 0.5224 0.0157 0.0429
1 0.0819 0.5328 0.0116 0.0399
3 0.1090 0.1691 0.0110 0.0249
1 0.0983 0.6219 0.0127 0.0413
1 0.0519 0.5014 0.0097 0.0292
3 0.3261 0.6121 0.0663 0.0762
1 0.0280 0.4394 0.0092 0.0224
