2 0.3957 0.4313 0.0782 0.0659
2 0.0239 0.3028 0.0478 0.0451
2 0.5674 0.5126 0.1022 0.0828
2 0.7085 0.3079 0.0955 0.0588
2 0.4726 0.4339 0.0953 0.0740
3 0.4617 0.6042 0.1114 0.0901
2 0.3653 0.2511 0.0734 0.0556
2 0.4215 0.2508 0.0588 0.0550
2 0.5583 0.2532 0.0759 0.0532
2 0.0473 0.3526 0.0945 0.0576
2 0.6566 0.5176 0.0866 0.0872
2 0.1588 0.4974 0.1131 0.0833
2 0.2450 0.2502 0.0869 0.0505
2 0.0392 0.2510 0.0782 0.0554
2 0.2346 0.4990 0.0898 0.0882
2 0.5761 0.7372 0.1261 0.1794
3 0.2974 0.5953 0.0911 0.0880
3 0.2111 0.5889 0.0938 0.0903
2 0.5642 0.4360 0.0904 0.0717
2 0.6823 0.7526 0.1187 0.1837
3 0.1371 0.5845 0.1039 0.0860
2 0.4511 0.7307 0.1344 0.1737
2 0.1007 0.4195 0.1283 0.0716
2 0.0348 0.4154 0.0695 0.0760
2 0.7187 0.3705 0.0982 0.0681
2 0.3085 0.5058 0.1009 0.0882
2 0.3067 0.2518 0.0661 0.0505
2 0.6963 0.2517 0.0881 0.0572
2 0.6328 0.3071 0.0710 0.0539
2 0.4105 0.3055 0.0612 0.0539
2 0.3488 0.3022 0.0697 0.0539
2 0.2896 0.3031 0.0661 0.0489
2 0.2267 0.3015 0.0893 0.0489
2 0.6394 0.3688 0.0721 0.0659
2 0.0813 0.7116 0.1598 0.1603
2 0.5623 0.3666 0.0850 0.0664
2 0.4778 0.3678 0.0837 0.0606
2 0.4030 0.3629 0.0632 0.0664
2 0.2784 0.3571 0.0749 0.0664
2 0.2088 0.3571 0.0969 0.0586
2 0.1296 0.3541 0.1086 0.0528
2 0.7328 0.4408 0.1075 0.0718
2 0.6479 0.4385 0.0794 0.0733
2 0.1759 0.7126 0.1173 0.1583
2 0.2616 0.7214 0.1363 0.1681
2 0.3562 0.7262 0.1085 0.1661
3 0.0506 0.5816 0.0982 0.0919
3 0.7681 0.6139 0.1290 0.0977
3 0.6684 0.6090 0.0967 0.0997
2 0.7931 0.7546 0.1598 0.1779
2 0.0639 0.4951 0.1252 0.0774
3 0.3739 0.5973 0.0876 0.0880
2 0.1522 0.3021 0.1040 0.0501
2 0.1849 0.4230 0.1063 0.0688
3 0.5673 0.6076 0.1026 0.0969
2 0.4838 0.2523 0.0759 0.0548
2 0.5607 0.3067 0.0832 0.0579
2 0.0960 0.2516 0.0942 0.0534
2 0.4698 0.5119 0.0999 0.0923
2 0.3334 0.3629 0.0734 0.0664
2 0.3242 0.4283 0.0916 0.0675
2 0.2555 0.4257 0.0849 0.0677
2 0.1729 0.2510 0.1015 0.0489
2 0.6277 0.2510 0.0607 0.0554
2 0.7481 0.5201 0.1128 0.0842
2 0.3842 0.5072 0.0833 0.0855
2 0.4801 0.3077 0.0832 0.0608
2 0.0728 0.3029 0.0942 0.0485
