2 0.2472 0.1296 0.0494 0.0669
2 0.5689 0.9141 0.0544 0.1242
3 0.1389 0.7460 0.0416 0.0972
2 0.4086 0.1206 0.0272 0.0675
2 0.0838 0.1286 0.0307 0.0813
3 0.2346 0.4004 0.0516 0.0748
2 0.4869 0.5562 0.0316 0.0857
2 0.5556 0.2562 0.0510 0.0617
3 0.1637 0.4048 0.0292 0.0783
2 0.3536 0.2537 0.0300 0.0720
3 0.0323 0.6558 0.0323 0.0941
3 0.6875 0.7836 0.0302 0.0844
2 0.5237 0.9178 0.0303 0.1158
2 0.6906 0.8920 0.0280 0.1328
2 0.1030 0.1954 0.0290 0.0691
2 0.8934 0.4550 0.0475 0.0804
3 0.4432 0.7250 0.0547 0.0788
3 0.3372 0.8218 0.0296 0.0941
3 0.3161 0.6459 0.0289 0.0856
3 0.9168 0.6576 0.0447 0.0777
2 0.8985 0.8442 0.0354 0.1226
3 0.9541 0.7255 0.0237 0.0748
2 0.2004 0.3317 0.0333 0.0859
3 0.2093 0.8364 0.0632 0.0964
2 0.9014 0.5233 0.0433 0.0681
2 0.2952 0.1242 0.0490 0.0551
3 0.9481 0.6525 0.0237 0.0748
2 0.3823 0.1201 0.0290 0.0702
2 0.7838 0.8748 0.0495 0.1304
3 0.9090 0.5832 0.0459 0.0814
2 0.5163 0.3252 0.0295 0.0754
2 0.4865 0.3979 0.0298 0.0804
2 0.2917 0.2589 0.0512 0.0713
3 0.6605 0.7852 0.0232 0.0838
3 0.3719 0.6464 0.0299 0.0827
3 0.1527 0.5642 0.0339 0.0888
2 0.8550 0.3783 0.0319 0.0825
3 0.5232 0.8071 0.0327 0.0880
2 0.1764 0.2598 0.0395 0.0817
3 0.5602 0.4699 0.0508 0.0711
2 0.2134 0.1226 0.0261 0.0618
3 0.0392 0.5766 0.0306 0.0871
3 0.9398 0.5831 0.0237 0.0748
2 0.4849 0.1854 0.0320 0.0715
3 0.9594 0.5791 0.0245 0.0738
2 0.8707 0.8500 0.0355 0.1281
2 0.3812 0.1891 0.0302 0.0673
2 0.8570 0.6699 0.0320 0.0901
3 0.6431 0.3859 0.0245 0.0710
2 0.4452 0.1851 0.0490 0.0635
2 0.0620 0.3362 0.0307 0.0813
3 0.9230 0.7371 0.0440 0.0797
2 0.7234 0.4557 0.0272 0.0874
3 0.1075 0.5672 0.0567 0.0932
2 0.2635 0.9401 0.0605 0.1177
3 0.7435 0.7621 0.0242 0.0844
3 0.7176 0.7733 0.0276 0.0829
2 0.5149 0.1876 0.0313 0.0730
3 0.2866 0.3994 0.0496 0.0737
3 0.1852 0.5623 0.0313 0.0927
3 0.6748 0.5307 0.0278 0.0741
3 0.8487 0.5941 0.0283 0.0865
3 0.4026 0.6403 0.0260 0.0856
3 0.5648 0.6313 0.0521 0.0713
3 0.1722 0.7428 0.0301 0.0949
2 0.9272 0.3114 0.0237 0.0748
3 0.6188 0.7096 0.0505 0.0787
3 0.1893 0.4792 0.0300 0.0871
3 0.4441 0.6367 0.0542 0.0868
3 0.1155 0.4843 0.0583 0.0848
3 0.6232 0.7938 0.0534 0.0828
2 0.8073 0.5264 0.0513 0.0873
3 0.3685 0.8198 0.0296 0.0968
3 0.7119 0.6852 0.0260 0.0813
3 0.6467 0.4588 0.0254 0.0792
2 0.4899 0.9227 0.0340 0.1096
2 0.3661 0.9339 0.0345 0.1205
2 0.6535 0.0558 0.0238 0.0669
2 0.4879 0.6362 0.0321 0.0876
3 0.2137 0.7383 0.0615 0.1026
2 0.2427 0.2616 0.0538 0.0716
3 0.5629 0.5497 0.0525 0.0687
2 0.4860 0.4726 0.0313 0.0831
3 0.3753 0.4787 0.0288 0.0771
3 0.7671 0.6039 0.0478 0.0797
2 0.4438 0.9240 0.0521 0.1060
2 0.3352 0.9348 0.0305 0.1215
3 0.8255 0.7619 0.0519 0.0854
2 0.9112 0.3199 0.0237 0.0747
2 0.3310 0.1882 0.0290 0.0688
3 0.6143 0.5433 0.0489 0.0742
2 0.3803 0.2534 0.0310 0.0709
2 0.3552 0.1911 0.0275 0.0666
2 0.8686 0.5176 0.0342 0.0839
3 0.7797 0.7666 0.0495 0.0853
3 0.8913 0.7425 0.0322 0.0788
3 0.6530 0.6219 0.0241 0.0762
3 0.3427 0.6421 0.0264 0.0842
3 0.7725 0.6814 0.0494 0.0782
2 0.6646 0.8967 0.0261 0.1269
3 0.2754 0.6471 0.0513 0.0783
2 0.6624 0.2496 0.0278 0.0669
3 0.4890 0.8132 0.0328 0.0869
3 0.3706 0.7285 0.0311 0.0801
2 0.3263 0.3263 0.0322 0.0785
2 0.8812 0.3163 0.0386 0.0614
2 0.1589 0.9455 0.0378 0.1033
2 0.4076 0.2527 0.0288 0.0735
2 0.3517 0.3269 0.0295 0.0840
2 0.6556 0.1175 0.0238 0.0669
2 0.6976 0.3884 0.0300 0.0907
3 0.5180 0.4719 0.0303 0.0736
2 0.8867 0.3806 0.0459 0.0795
2 0.1843 0.1289 0.0354 0.0624
2 0.4460 0.2527 0.0493 0.0657
3 0.5172 0.3959 0.0320 0.0664
3 0.0836 0.8462 0.0603 0.0900
3 0.6714 0.4546 0.0289 0.0751
2 0.7924 0.3206 0.0475 0.0647
3 0.5217 0.7190 0.0313 0.0754
3 0.3173 0.5547 0.0267 0.0843
3 0.8741 0.5848 0.0271 0.0816
2 0.6381 0.2504 0.0235 0.0670
2 0.9339 0.3798 0.0237 0.0748
3 0.5594 0.4005 0.0509 0.0626
3 0.4000 0.8174 0.0291 0.0928
3 0.3405 0.7306 0.0272 0.0900
3 0.1466 0.6511 0.0422 0.0888
3 0.3766 0.4042 0.0291 0.0703
3 0.0255 0.7481 0.0303 0.0920
2 0.2375 0.3298 0.0534 0.0772
3 0.6679 0.3831 0.0268 0.0711
3 0.0997 0.6603 0.0583 0.0899
2 0.3050 0.9371 0.0330 0.1182
3 0.3198 0.4747 0.0250 0.0755
2 0.1713 0.3370 0.0409 0.0923
3 0.0434 0.8328 0.0296 0.0964
2 0.9441 0.4444 0.0237 0.0748
2 0.3560 0.1271 0.0269 0.0809
3 0.1659 0.8389 0.0371 0.1060
2 0.2096 0.1901 0.0300 0.0723
2 0.9186 0.3826 0.0237 0.0748
3 0.2664 0.8309 0.0557 0.0935
2 0.1801 0.1929 0.0359 0.0688
2 0.4847 0.1212 0.0302 0.0644
3 0.6167 0.6249 0.0493 0.0767
2 0.7208 0.3874 0.0274 0.0896
2 0.9527 0.5119 0.0237 0.0748
2 0.8631 0.7505 0.0326 0.0822
2 0.7609 0.5237 0.0469 0.0876
2 0.1390 0.1930 0.0542 0.0686
2 0.3288 0.2568 0.0317 0.0811
3 0.5210 0.6346 0.0319 0.0738
2 0.8343 0.8658 0.0586 0.1294
3 0.0918 0.7482 0.0585 0.0910
2 0.7280 0.5319 0.0282 0.0842
2 0.2883 0.3293 0.0490 0.0745
2 0.6059 0.3187 0.0450 0.0723
2 0.6404 0.3166 0.0243 0.0687
2 0.4885 0.7170 0.0327 0.0875
2 0.4061 0.3256 0.0286 0.0785
2 0.6026 0.1854 0.0449 0.0655
2 0.1272 0.3384 0.0586 0.0829
2 0.2442 0.1924 0.0471 0.0687
2 0.8428 0.5221 0.0323 0.0762
2 0.4468 0.0544 0.0489 0.0651
2 0.5158 0.2533 0.0317 0.0712
2 0.4081 0.1856 0.0286 0.0686
3 0.4057 0.3975 0.0241 0.0722
3 0.0797 0.4062 0.0318 0.0890
3 0.3738 0.5619 0.0314 0.0848
2 0.5996 0.1200 0.0460 0.0556
2 0.0712 0.2578 0.0307 0.0813
3 0.4051 0.4731 0.0258 0.0796
3 0.5195 0.5515 0.0304 0.0749
3 0.6504 0.5397 0.0247 0.0747
3 0.1201 0.4091 0.0579 0.0791
3 0.3084 0.8241 0.0283 0.0976
3 0.0185 0.8330 0.0269 0.0912
2 0.4858 0.3258 0.0303 0.0765
2 0.4451 0.1212 0.0489 0.0566
2 0.8375 0.4483 0.0349 0.0834
2 0.5137 0.0548 0.0304 0.0651
3 0.1583 0.4802 0.0333 0.0875
2 0.7030 0.5295 0.0297 0.0854
2 0.9247 0.4435 0.0237 0.0748
2 0.8631 0.4529 0.0334 0.0815
2 0.2946 0.1913 0.0493 0.0682
2 0.5539 0.1907 0.0518 0.0609
2 0.0555 0.4094 0.0307 0.1050
3 0.0593 0.6550 0.0340 0.1044
2 0.0883 0.3357 0.0327 0.0799
2 0.9829 0.8122 0.0285 0.1170
3 0.8133 0.6013 0.0490 0.0788
2 0.1072 0.1272 0.0276 0.0766
3 0.9670 0.6458 0.0269 0.0723
3 0.4444 0.3980 0.0494 0.0670
2 0.7524 0.3862 0.0472 0.0996
2 0.0776 0.9458 0.0611 0.1079
2 0.4456 0.3254 0.0482 0.0682
2 0.6637 0.3173 0.0254 0.0754
2 0.3316 0.1229 0.0267 0.0683
2 0.4841 0.0580 0.0306 0.0550
2 0.9312 0.5176 0.0237 0.0748
3 0.0746 0.4826 0.0310 0.0948
2 0.7219 0.8803 0.0289 0.1248
2 0.5982 0.0603 0.0450 0.0544
3 0.7073 0.6077 0.0306 0.0817
3 0.2201 0.6510 0.0564 0.0811
2 0.0956 0.2604 0.0363 0.0951
3 0.6115 0.4655 0.0476 0.0714
2 0.9617 0.8176 0.0285 0.1170
2 0.4856 0.2522 0.0314 0.0727
2 0.6339 0.1202 0.0263 0.0721
3 0.1772 0.6489 0.0288 0.0931
2 0.6259 0.9072 0.0518 0.1275
3 0.4012 0.7246 0.0264 0.0864
2 0.1243 0.9456 0.0468 0.1057
3 0.2284 0.4862 0.0563 0.0818
2 0.7566 0.4541 0.0471 0.0862
3 0.4439 0.5542 0.0526 0.0754
2 0.5576 0.3242 0.0491 0.0720
3 0.0674 0.5669 0.0324 0.0996
3 0.3111 0.7336 0.0291 0.0868
2 0.4014 0.9313 0.0325 0.1159
2 0.7967 0.3821 0.0486 0.0878
2 0.6589 0.1850 0.0238 0.0669
2 0.6991 0.4561 0.0289 0.0857
2 0.5142 0.1196 0.0304 0.0651
2 0.0152 0.9388 0.0275 0.0998
3 0.1311 0.8393 0.0418 0.0964
3 0.6793 0.6138 0.0282 0.0729
2 0.6041 0.2520 0.0452 0.0621
2 0.0780 0.1866 0.0307 0.0813
3 0.6086 0.3955 0.0487 0.0624
3 0.6566 0.6969 0.0253 0.0789
2 0.0383 0.9408 0.0306 0.1094
2 0.8021 0.4563 0.0501 0.0842
2 0.5522 0.0610 0.0479 0.0540
2 0.1345 0.2606 0.0571 0.0841
3 0.7331 0.6069 0.0248 0.0797
3 0.2832 0.4816 0.0507 0.0836
2 0.6359 0.1880 0.0246 0.0709
3 0.8190 0.6764 0.0524 0.0775
2 0.2018 0.9416 0.0683 0.1167
2 0.8294 0.3770 0.0287 0.0713
3 0.4426 0.8185 0.0561 0.0952
3 0.3236 0.3990 0.0276 0.0779
3 0.3470 0.4741 0.0274 0.0764
2 0.5528 0.1235 0.0487 0.0610
3 0.3496 0.3981 0.0257 0.0783
3 0.2243 0.5642 0.0559 0.0911
3 0.9745 0.7190 0.0243 0.0687
2 0.6334 0.0601 0.0263 0.0578
3 0.5679 0.8038 0.0575 0.0789
3 0.0519 0.7416 0.0304 0.0945
2 0.7489 0.8775 0.0294 0.1346
2 0.8242 0.3147 0.0265 0.0638
3 0.3444 0.5562 0.0249 0.0857
3 0.0486 0.4955 0.0334 0.0943
2 0.2053 0.2569 0.0332 0.0781
3 0.7373 0.6813 0.0232 0.0795
3 0.1958 0.4026 0.0300 0.0835
2 0.3788 0.3262 0.0325 0.0825
2 0.1440 0.1233 0.0511 0.0653
3 0.2695 0.7328 0.0562 0.0907
3 0.4443 0.4744 0.0504 0.0742
2 0.9311 0.8358 0.0445 0.1235
3 0.5659 0.7122 0.0530 0.0758
3 0.4038 0.5520 0.0254 0.0827
3 0.8833 0.6615 0.0293 0.0826
3 0.6832 0.6933 0.0282 0.0778
3 0.2788 0.5661 0.0511 0.0864
