1 0.1743 0.4484 0.0262 0.0529
1 0.1272 0.4759 0.0212 0.0490
1 0.2771 0.4596 0.0318 0.0529
3 0.7663 0.7316 0.0445 0.0660
3 0.4288 0.3465 0.0385 0.0603
1 0.1809 0.7311 0.0262 0.0529
3 0.8759 0.2491 0.0471 0.0723
3 0.8241 0.1987 0.0471 0.0723
1 0.8355 0.3927 0.0455 0.0736
1 0.1826 0.8803 0.0262 0.0529
3 0.3617 0.3642 0.0337 0.0644
1 0.4327 0.4516 0.0355 0.0626
3 0.6895 0.1832 0.0471 0.0694
1 0.2491 0.3752 0.0303 0.0490
1 0.3131 0.7083 0.0318 0.0529
1 0.1997 0.3930 0.0303 0.0490
1 0.5061 0.4930 0.0416 0.0725
3 0.7568 0.5987 0.0445 0.0660
2 0.0524 0.7170 0.0174 0.0428
3 0.1346 0.9417 0.0236 0.0425
1 0.2239 0.3857 0.0303 0.0490
1 0.3028 0.4004 0.0305 0.0621
1 0.2039 0.6779 0.0275 0.0539
3 0.7288 0.8627 0.0445 0.0660
2 0.0931 0.8909 0.0187 0.0460
3 0.6939 0.2442 0.0471 0.0723
1 0.1572 0.7996 0.0262 0.0529
2 0.0481 0.5903 0.0197 0.0456
3 0.8455 0.5829 0.0504 0.0729
1 0.4819 0.7850 0.0403 0.0626
1 0.7028 0.4242 0.0404 0.0678
1 0.2068 0.7792 0.0262 0.0529
3 0.4173 0.9082 0.0339 0.0509
2 0.0564 0.8449 0.0174 0.0443
3 0.8315 0.3295 0.0471 0.0723
3 0.6308 0.6261 0.0445 0.0660
2 0.0716 0.7595 0.0194 0.0456
1 0.1321 0.7996 0.0262 0.0529
1 0.3729 0.6300 0.0337 0.0644
1 0.0555 0.4677 0.0212 0.0490
1 0.5477 0.6014 0.0416 0.0725
3 0.6438 0.8729 0.0445 0.0590
1 0.2083 0.8297 0.0262 0.0529
1 0.6643 0.4982 0.0455 0.0736
3 0.2077 0.9275 0.0281 0.0455
1 0.2341 0.8778 0.0262 0.0529
3 0.9868 0.2057 0.0208 0.0723
1 0.3034 0.4528 0.0318 0.0529
1 0.7081 0.5430 0.0455 0.0736
3 0.5504 0.6553 0.0385 0.0603
3 0.9750 0.4733 0.0344 0.0729
1 0.1824 0.8307 0.0262 0.0529
3 0.6382 0.7485 0.0445 0.0590
1 0.6622 0.4318 0.0403 0.0678
3 0.5757 0.2892 0.0385 0.0603
2 0.0498 0.6322 0.0193 0.0447
3 0.4978 0.3130 0.0385 0.0603
1 0.3986 0.4055 0.0337 0.0644
1 0.5757 0.3496 0.0383 0.0725
3 0.7419 0.3519 0.0471 0.0723
1 0.3379 0.5456 0.0318 0.0529
3 0.3828 0.9082 0.0339 0.0509
3 0.2580 0.7709 0.0288 0.0550
3 0.8297 0.2624 0.0471 0.0723
2 0.0676 0.5837 0.0195 0.0448
1 0.3660 0.4714 0.0337 0.0644
1 0.1800 0.6831 0.0262 0.0529
3 0.2860 0.7671 0.0288 0.0550
3 0.6486 0.1902 0.0471 0.0694
1 0.2761 0.4144 0.0305 0.0621
1 0.1513 0.5601 0.0240 0.0554
3 0.5037 0.4333 0.0385 0.0603
2 0.0889 0.6653 0.0205 0.0462
1 0.4369 0.5577 0.0403 0.0626
2 0.0920 0.8480 0.0204 0.0495
3 0.9224 0.2848 0.0471 0.0723
3 0.4646 0.3311 0.0385 0.0603
3 0.2898 0.9261 0.0297 0.0455
1 0.5100 0.6084 0.0416 0.0725
3 0.7829 0.2729 0.0471 0.0723
3 0.4097 0.6798 0.0385 0.0603
3 0.5351 0.3039 0.0385 0.0603
1 0.4154 0.8513 0.0339 0.0585
1 0.8377 0.4604 0.0455 0.0736
3 0.5629 0.8991 0.0390 0.0550
3 0.4784 0.6679 0.0385 0.0603
3 0.8109 0.7234 0.0445 0.0660
1 0.1079 0.4418 0.0212 0.0490
2 0.0692 0.6697 0.0179 0.0472
1 0.5173 0.7244 0.0416 0.0725
1 0.7890 0.4032 0.0455 0.0736
1 0.0713 0.4572 0.0212 0.0490
1 0.5069 0.5489 0.0416 0.0725
1 0.1758 0.5436 0.0262 0.0529
3 0.6408 0.8108 0.0445 0.0590
3 0.8017 0.5893 0.0445 0.0660
1 0.6556 0.3123 0.0404 0.0626
2 0.0737 0.8451 0.0200 0.0480
1 0.6214 0.4455 0.0403 0.0678
2 0.0665 0.5409 0.0196 0.0478
3 0.9771 0.0805 0.0334 0.0569
3 0.1132 0.9386 0.0204 0.0425
1 0.2816 0.6141 0.0318 0.0529
1 0.2791 0.5636 0.0318 0.0529
2 0.0891 0.7129 0.0212 0.0503
1 0.1078 0.5735 0.0217 0.0516
3 0.5708 0.2339 0.0385 0.0603
1 0.5536 0.7124 0.0403 0.0626
1 0.3645 0.4192 0.0337 0.0644
1 0.2778 0.5116 0.0318 0.0529
3 0.9807 0.6598 0.0324 0.0527
1 0.1320 0.7506 0.0216 0.0502
1 0.1292 0.5665 0.0223 0.0537
1 0.2018 0.5830 0.0262 0.0529
3 0.2344 0.9271 0.0281 0.0455
3 0.7714 0.7945 0.0445 0.0660
2 0.0681 0.6297 0.0193 0.0471
1 0.3996 0.4615 0.0337 0.0643
3 0.1820 0.9285 0.0281 0.0455
1 0.3364 0.4926 0.0318 0.0529
1 0.4849 0.8450 0.0403 0.0626
1 0.2235 0.4767 0.0245 0.0545
1 0.1587 0.8973 0.0262 0.0529
3 0.8189 0.8575 0.0445 0.0660
1 0.2262 0.5745 0.0249 0.0548
1 0.4746 0.6136 0.0416 0.0725
1 0.4989 0.3729 0.0337 0.0644
1 0.4131 0.7890 0.0339 0.0585
1 0.2749 0.3627 0.0303 0.0490
1 0.9683 0.3414 0.0391 0.0782
2 0.0582 0.8876 0.0164 0.0415
3 0.3660 0.3088 0.0385 0.0603
1 0.2305 0.7234 0.0262 0.0529
3 0.7311 0.1643 0.0471 0.0694
1 0.5460 0.5431 0.0416 0.0725
1 0.3709 0.5781 0.0337 0.0644
3 0.7735 0.8604 0.0445 0.0660
1 0.2532 0.5684 0.0262 0.0529
3 0.5997 0.8336 0.0390 0.0550
1 0.1341 0.8953 0.0262 0.0529
1 0.7472 0.4772 0.0455 0.0736
1 0.8854 0.4506 0.0455 0.0736
3 0.8605 0.1237 0.0471 0.0694
1 0.7047 0.4863 0.0455 0.0736
2 0.0706 0.7132 0.0196 0.0463
1 0.4009 0.5151 0.0337 0.0643
3 0.7221 0.7385 0.0445 0.0660
3 0.9845 0.1421 0.0236 0.0723
1 0.1502 0.4222 0.0212 0.0490
3 0.3148 0.7636 0.0312 0.0588
3 0.7262 0.8032 0.0445 0.0660
1 0.5221 0.8456 0.0403 0.0626
1 0.4454 0.7891 0.0404 0.0626
1 0.1976 0.4385 0.0262 0.0529
3 0.5581 0.7757 0.0403 0.0626
1 0.2502 0.4708 0.0262 0.0529
1 0.4043 0.5728 0.0337 0.0644
3 0.4957 0.2598 0.0385 0.0603
1 0.5359 0.3647 0.0383 0.0725
3 0.9144 0.1568 0.0471 0.0723
2 0.0774 0.9321 0.0204 0.0425
3 0.2613 0.9261 0.0281 0.0455
1 0.1527 0.6059 0.0235 0.0528
3 0.6985 0.3617 0.0471 0.0723
1 0.1313 0.6568 0.0223 0.0515
1 0.5968 0.7739 0.0403 0.0626
1 0.0853 0.4919 0.0205 0.0490
1 0.3787 0.7435 0.0339 0.0585
1 0.6145 0.3251 0.0403 0.0696
3 0.3500 0.9241 0.0297 0.0455
1 0.2008 0.5344 0.0262 0.0529
1 0.0656 0.4981 0.0186 0.0469
1 0.8806 0.3828 0.0455 0.0736
1 0.7964 0.5297 0.0455 0.0736
3 0.7394 0.2883 0.0471 0.0723
1 0.0863 0.5343 0.0206 0.0515
1 0.1752 0.4027 0.0303 0.0490
1 0.3334 0.4436 0.0318 0.0529
2 0.0745 0.8888 0.0164 0.0414
1 0.1580 0.8448 0.0262 0.0529
2 0.0541 0.7591 0.0191 0.0423
1 0.1749 0.4936 0.0262 0.0529
1 0.9712 0.4084 0.0388 0.0782
1 0.6708 0.5493 0.0455 0.0736
1 0.3075 0.5028 0.0318 0.0529
1 0.0397 0.4652 0.0212 0.0490
3 0.9338 0.4859 0.0504 0.0729
3 0.9776 0.5371 0.0337 0.0729
1 0.1550 0.7005 0.0262 0.0529
1 0.2485 0.4208 0.0305 0.0621
1 0.1336 0.8487 0.0262 0.0529
1 0.3419 0.6515 0.0318 0.0529
3 0.5233 0.9018 0.0378 0.0509
1 0.3175 0.8710 0.0279 0.0529
3 0.8140 0.7916 0.0445 0.0660
1 0.4439 0.7320 0.0403 0.0626
1 0.3800 0.7965 0.0339 0.0585
3 0.9199 0.2232 0.0471 0.0723
3 0.7345 0.2267 0.0471 0.0723
1 0.1317 0.7029 0.0221 0.0511
1 0.1775 0.6345 0.0262 0.0529
1 0.4725 0.5571 0.0416 0.0725
3 0.1580 0.9407 0.0247 0.0425
3 0.8725 0.1813 0.0471 0.0723
1 0.4643 0.3851 0.0337 0.0644
1 0.9268 0.3513 0.0455 0.0736
1 0.7931 0.4660 0.0455 0.0736
3 0.9813 0.6026 0.0307 0.0729
1 0.1118 0.8013 0.0193 0.0455
1 0.3015 0.3534 0.0303 0.0490
1 0.2517 0.5208 0.0262 0.0529
3 0.9667 0.2792 0.0403 0.0723
1 0.6292 0.5604 0.0455 0.0736
3 0.8431 0.5220 0.0494 0.0736
1 0.2833 0.6646 0.0318 0.0529
1 0.5609 0.8375 0.0403 0.0626
1 0.2282 0.6243 0.0275 0.0556
1 0.1102 0.7068 0.0209 0.0481
1 0.2089 0.8793 0.0262 0.0529
3 0.6839 0.8091 0.0445 0.0660
1 0.1103 0.7523 0.0204 0.0478
3 0.7178 0.6750 0.0445 0.0660
1 0.2570 0.6714 0.0262 0.0529
1 0.3475 0.8710 0.0318 0.0529
3 0.2318 0.7741 0.0288 0.0550
1 0.2234 0.4314 0.0305 0.0621
3 0.5796 0.4149 0.0471 0.0723
3 0.3749 0.6891 0.0335 0.0612
1 0.6336 0.6846 0.0455 0.0736
3 0.6036 0.8942 0.0391 0.0550
3 0.0942 0.9361 0.0204 0.0425
3 0.8528 0.6488 0.0504 0.0729
1 0.1109 0.8483 0.0208 0.0485
1 0.1284 0.5204 0.0219 0.0523
3 0.6790 0.7438 0.0445 0.0660
3 0.4679 0.4416 0.0385 0.0603
1 0.3699 0.5233 0.0337 0.0644
3 0.9039 0.0966 0.0403 0.0723
3 0.4511 0.9047 0.0339 0.0509
3 0.5132 0.6581 0.0385 0.0603
1 0.1295 0.4320 0.0212 0.0490
3 0.6129 0.2680 0.0471 0.0723
1 0.1055 0.4833 0.0208 0.0496
1 0.4382 0.6218 0.0403 0.0626
3 0.3974 0.3535 0.0385 0.0603
3 0.8936 0.6521 0.0504 0.0729
3 0.6726 0.6179 0.0445 0.0660
1 0.0888 0.4502 0.0212 0.0490
1 0.5841 0.5326 0.0383 0.0725
2 0.0553 0.8022 0.0176 0.0436
3 0.3956 0.2990 0.0385 0.0603
3 0.7730 0.1498 0.0471 0.0597
1 0.2303 0.6738 0.0262 0.0529
1 0.0872 0.5792 0.0201 0.0487
2 0.0596 0.9283 0.0204 0.0425
3 0.4442 0.6707 0.0385 0.0603
3 0.8557 0.7218 0.0450 0.0729
1 0.3333 0.3384 0.0337 0.0546
3 0.9357 0.5480 0.0504 0.0729
1 0.2611 0.8759 0.0262 0.0529
3 0.6870 0.8720 0.0445 0.0660
1 0.4331 0.5070 0.0403 0.0626
1 0.1824 0.7797 0.0262 0.0529
1 0.1121 0.8910 0.0198 0.0456
1 0.7527 0.5353 0.0455 0.0736
1 0.1068 0.5275 0.0213 0.0494
1 0.4103 0.7365 0.0339 0.0585
3 0.7856 0.3352 0.0471 0.0723
3 0.4279 0.2864 0.0385 0.0603
1 0.1989 0.4912 0.0262 0.0529
1 0.3812 0.8525 0.0339 0.0585
3 0.8066 0.6540 0.0445 0.0660
3 0.3456 0.7594 0.0312 0.0588
3 0.9401 0.6110 0.0504 0.0729
1 0.4297 0.3962 0.0337 0.0644
1 0.3081 0.5534 0.0318 0.0529
1 0.3307 0.3899 0.0305 0.0621
3 0.8847 0.5120 0.0504 0.0729
3 0.5339 0.2430 0.0385 0.0603
1 0.7451 0.4137 0.0403 0.0678
1 0.1086 0.6163 0.0208 0.0483
3 0.7624 0.6680 0.0445 0.0660
3 0.6575 0.3687 0.0471 0.0723
1 0.2577 0.7209 0.0262 0.0529
3 0.9593 0.2106 0.0403 0.0723
1 0.5813 0.4714 0.0383 0.0725
3 0.8854 0.5774 0.0504 0.0729
1 0.5188 0.7827 0.0403 0.0626
1 0.1496 0.4720 0.0242 0.0531
3 0.6101 0.2073 0.0385 0.0603
3 0.9441 0.6701 0.0471 0.0527
3 0.9562 0.1428 0.0403 0.0723
1 0.3466 0.8132 0.0318 0.0529
1 0.3107 0.6588 0.0318 0.0529
1 0.1552 0.7506 0.0262 0.0529
1 0.6961 0.3012 0.0404 0.0684
3 0.8158 0.1398 0.0471 0.0694
1 0.2551 0.6194 0.0262 0.0529
2 0.0917 0.7998 0.0195 0.0458
2 0.0515 0.6741 0.0179 0.0438
3 0.5898 0.6476 0.0385 0.0603
1 0.5865 0.5909 0.0416 0.0725
1 0.1504 0.5119 0.0239 0.0563
2 0.0728 0.8004 0.0188 0.0442
1 0.4798 0.7279 0.0403 0.0626
1 0.2253 0.5249 0.0251 0.0562
1 0.4485 0.8474 0.0403 0.0626
2 0.0485 0.5473 0.0177 0.0471
1 0.4076 0.6259 0.0337 0.0644
1 0.3438 0.7020 0.0318 0.0529
3 0.7795 0.2106 0.0471 0.0723
3 0.8774 0.3149 0.0471 0.0723
1 0.3092 0.6053 0.0318 0.0529
1 0.2021 0.6301 0.0262 0.0529
1 0.5441 0.4802 0.0383 0.0725
3 0.5403 0.4242 0.0385 0.0603
1 0.3389 0.6005 0.0318 0.0529
3 0.6767 0.6791 0.0445 0.0660
3 0.7150 0.6097 0.0445 0.0660
1 0.3163 0.8152 0.0318 0.0529
1 0.4694 0.4994 0.0416 0.0725
2 0.0482 0.5058 0.0144 0.0447
3 0.6172 0.3876 0.0471 0.0723
1 0.1533 0.6516 0.0249 0.0495
1 0.2902 0.8735 0.0262 0.0529
3 0.4867 0.9029 0.0378 0.0509
1 0.1088 0.6615 0.0212 0.0495
1 0.5930 0.7092 0.0403 0.0626
3 0.9452 0.0875 0.0403 0.0611
1 0.2850 0.7180 0.0318 0.0529
1 0.2061 0.7248 0.0262 0.0529
3 0.3199 0.9254 0.0297 0.0455
1 0.1301 0.6108 0.0226 0.0487
3 0.6529 0.2519 0.0471 0.0723
1 0.9301 0.4213 0.0455 0.0736
3 0.4621 0.2759 0.0385 0.0603
