2 0.8970 0.8825 0.2061 0.2351
3 0.1455 0.4831 0.1899 0.1593
2 0.7434 0.8833 0.1948 0.2333
2 0.8363 0.1915 0.1264 0.1005
2 0.4206 0.2114 0.1229 0.1121
2 0.0244 0.5844 0.0489 0.1003
2 0.0231 0.4716 0.0462 0.1201
2 0.0492 0.5118 0.0493 0.0897
2 0.1875 0.3405 0.1603 0.1373
2 0.2977 0.3349 0.1231 0.1262
2 0.8781 0.3098 0.1476 0.1262
2 0.6605 0.3195 0.1275 0.1290
2 0.2217 0.2222 0.1384 0.0956
2 0.3192 0.2195 0.1085 0.1005
2 0.5399 0.2055 0.1229 0.0958
2 0.6467 0.2020 0.1121 0.0981
2 0.7427 0.1974 0.1300 0.0981
2 0.9307 0.1893 0.1386 0.1096
2 0.9504 0.3117 0.0993 0.1305
2 0.6319 0.0988 0.1035 0.1070
2 0.5585 0.8813 0.2227 0.2370
2 0.3612 0.8824 0.2237 0.2353
2 0.0730 0.8853 0.1460 0.2294
3 0.3786 0.6569 0.1948 0.2078
3 0.5481 0.4675 0.1660 0.1593
3 0.9487 0.6571 0.1027 0.2234
3 0.9229 0.4627 0.1542 0.1612
2 0.7643 0.3139 0.1519 0.1401
3 0.6829 0.4656 0.1433 0.1593
3 0.8012 0.4666 0.1533 0.1614
3 0.0950 0.6666 0.1900 0.2078
3 0.2357 0.6628 0.1606 0.2117
3 0.4007 0.4792 0.1527 0.1476
3 0.7012 0.6569 0.1522 0.2195
3 0.8340 0.6532 0.1579 0.2156
3 0.5497 0.6530 0.1811 0.2117
3 0.2785 0.4782 0.1246 0.1535
2 0.2474 0.1229 0.1234 0.1012
2 0.5389 0.1079 0.1143 0.1086
2 0.5461 0.3236 0.1446 0.1377
2 0.9685 0.0802 0.0629 0.1068
2 0.9044 0.0891 0.1413 0.1005
2 0.8059 0.0919 0.1029 0.1050
2 0.7197 0.0950 0.1080 0.1089
2 0.4297 0.1131 0.1135 0.1108
2 0.3378 0.1167 0.0986 0.1035
2 0.4094 0.3355 0.1403 0.1329
2 0.1878 0.8851 0.2028 0.2254
