3 0.6952 0.0681 0.0370 0.0731
3 0.3263 0.1645 0.0789 0.0935
3 0.5461 0.0985 0.0398 0.0594
3 0.1676 0.0753 0.0359 0.0718
3 0.3397 0.2203 0.0789 0.0935
3 0.4882 0.1205 0.0398 0.0935
3 0.8981 0.0820 0.0533 0.0681
3 0.3149 0.1056 0.0789 0.0935
3 0.2545 0.1198 0.0675 0.0948
3 0.6983 0.1273 0.0370 0.0774
3 0.2065 0.1316 0.0422 0.0793
3 0.5230 0.1744 0.0398 0.0935
3 0.6225 0.1582 0.0619 0.0973
3 0.2203 0.1905 0.0422 0.0793
3 0.5069 0.0539 0.0351 0.0463
3 0.2767 0.2392 0.0718 0.0935
3 0.4784 0.0616 0.0398 0.0575
3 0.3780 0.0814 0.0690 0.0935
3 0.6616 0.0740 0.0370 0.0774
3 0.5705 0.0483 0.0336 0.0320
3 0.5532 0.1707 0.0398 0.0935
3 0.4470 0.1291 0.0617 0.0935
3 0.3888 0.1422 0.0691 0.0935
3 0.4945 0.1880 0.0398 0.0935
3 0.2431 0.0709 0.0675 0.0786
3 0.1954 0.0740 0.0422 0.0793
3 0.7942 0.1084 0.0511 0.0879
3 0.3972 0.2091 0.0724 0.0935
3 0.5751 0.0932 0.0336 0.0662
3 0.4550 0.1961 0.0617 0.0935
3 0.1935 0.1948 0.0422 0.0794
3 0.2357 0.2512 0.0422 0.0793
3 0.2638 0.1815 0.0675 0.0948
3 0.4368 0.0659 0.0617 0.0675
3 0.8438 0.0913 0.0533 0.0718
3 0.7415 0.1186 0.0563 0.0849
3 0.2060 0.2587 0.0422 0.0793
3 0.1795 0.1360 0.0395 0.0794
3 0.7919 0.0521 0.0511 0.0461
3 0.5394 0.0510 0.0398 0.0421
3 0.6165 0.0811 0.0585 0.0719
3 0.5153 0.1053 0.0398 0.0619
3 0.6661 0.1335 0.0370 0.0774
3 0.5834 0.1682 0.0336 0.0935
