3 0.5145 0.7106 0.0312 0.0850
2 0.4018 0.2195 0.0266 0.0787
3 0.1824 0.5464 0.0289 0.0931
3 0.2623 0.8267 0.0573 0.0919
3 0.6022 0.4477 0.0495 0.0776
2 0.3736 0.3014 0.0278 0.0756
2 0.3492 0.2223 0.0260 0.0835
2 0.7733 0.8718 0.0519 0.1425
2 0.2422 0.1498 0.0511 0.0736
2 0.1078 0.0802 0.0270 0.0853
2 0.0641 0.3021 0.0339 0.0919
2 0.6904 0.4390 0.0307 0.0865
3 0.3349 0.7211 0.0267 0.0863
3 0.9259 0.5622 0.0250 0.0905
3 0.8689 0.6513 0.0323 0.0886
3 0.6441 0.6041 0.0257 0.0827
3 0.9456 0.5622 0.0268 0.0835
2 0.5491 0.2987 0.0496 0.0647
3 0.4380 0.3759 0.0477 0.0743
3 0.3386 0.6300 0.0266 0.0826
2 0.5078 0.1496 0.0288 0.0736
3 0.1120 0.4612 0.0574 0.0860
2 0.8573 0.8505 0.0323 0.1352
2 0.8495 0.4247 0.0344 0.0954
2 0.2364 0.3031 0.0479 0.0757
2 0.3533 0.0788 0.0238 0.0786
2 0.4395 0.1483 0.0473 0.0725
3 0.3395 0.5441 0.0266 0.0797
3 0.3628 0.8134 0.0299 0.0985
2 0.3240 0.2194 0.0275 0.0743
2 0.2933 0.0759 0.0426 0.0633
3 0.0463 0.4645 0.0346 0.0981
3 0.8768 0.7356 0.0320 0.0896
2 0.5067 0.0800 0.0297 0.0744
2 0.4799 0.6219 0.0326 0.0887
3 0.8136 0.7535 0.0499 0.0899
2 0.1795 0.1505 0.0328 0.0860
2 0.4788 0.2201 0.0292 0.0751
2 0.9377 0.4802 0.0248 0.0854
2 0.4390 0.2218 0.0478 0.0677
3 0.2158 0.6428 0.0597 0.0860
2 0.5158 0.9099 0.0296 0.1149
3 0.6775 0.7772 0.0306 0.0821
3 0.9095 0.7288 0.0446 0.0819
2 0.1382 0.1501 0.0476 0.0813
3 0.2064 0.8287 0.0606 0.0872
2 0.8749 0.3524 0.0451 0.0701
3 0.6685 0.5988 0.0302 0.0841
2 0.2024 0.9390 0.0591 0.1201
3 0.7065 0.7695 0.0308 0.0888
3 0.3701 0.4545 0.0278 0.0767
2 0.1585 0.9416 0.0306 0.1149
3 0.4371 0.4545 0.0493 0.0746
2 0.8233 0.4258 0.0349 0.0819
3 0.6002 0.3686 0.0467 0.0719
3 0.1740 0.6377 0.0192 0.0896
3 0.0742 0.4627 0.0322 0.1015
3 0.6073 0.6145 0.0481 0.0788
3 0.5567 0.6167 0.0535 0.0755
2 0.9667 0.8121 0.0341 0.1240
3 0.1447 0.6429 0.0423 0.0885
3 0.8955 0.5719 0.0446 0.0801
3 0.5105 0.4538 0.0300 0.0786
3 0.0977 0.6445 0.0597 0.0922
2 0.5461 0.0858 0.0479 0.0640
3 0.5522 0.4532 0.0521 0.0720
3 0.3983 0.4568 0.0270 0.0751
2 0.4783 0.1493 0.0289 0.0747
2 0.3751 0.2203 0.0279 0.0807
3 0.0389 0.5581 0.0305 0.0924
3 0.6658 0.5199 0.0277 0.0802
2 0.8433 0.3551 0.0329 0.0880
2 0.2856 0.3022 0.0452 0.0711
2 0.8284 0.5021 0.0359 0.0816
3 0.2267 0.4595 0.0539 0.0779
2 0.1835 0.0784 0.0342 0.0723
3 0.6364 0.4364 0.0237 0.0780
2 0.8228 0.8631 0.0593 0.1337
2 0.7894 0.4357 0.0504 0.0771
2 0.5956 0.2216 0.0452 0.0673
2 0.4797 0.5358 0.0292 0.0854
3 0.1870 0.4601 0.0285 0.0901
2 0.8887 0.5021 0.0442 0.0776
3 0.6727 0.6811 0.0319 0.0855
2 0.5084 0.2227 0.0310 0.0747
3 0.3959 0.6296 0.0274 0.0777
2 0.2122 0.0757 0.0248 0.0723
2 0.6823 0.8849 0.0305 0.1261
2 0.1988 0.3010 0.0274 0.0914
2 0.6164 0.8933 0.0562 0.1236
3 0.2801 0.3825 0.0510 0.0740
2 0.8825 0.4302 0.0470 0.0798
3 0.5143 0.8064 0.0328 0.0945
3 0.1717 0.7279 0.0274 0.0907
3 0.6053 0.5297 0.0489 0.0740
3 0.7611 0.6758 0.0472 0.0866
3 0.0550 0.3867 0.0322 0.0917
3 0.5577 0.7072 0.0556 0.0842
2 0.4493 0.9222 0.0280 0.1231
3 0.1042 0.5516 0.0602 0.0919
3 0.6126 0.7916 0.0504 0.0906
3 0.9334 0.6468 0.0221 0.0817
2 0.9454 0.8173 0.0265 0.1207
2 0.0691 0.2284 0.0335 0.0841
2 0.0805 0.9425 0.0514 0.1149
2 0.1754 0.2260 0.0325 0.0812
2 0.8546 0.4995 0.0329 0.0939
2 0.6514 0.2174 0.0248 0.0721
3 0.1377 0.7399 0.0462 0.0989
2 0.9185 0.4880 0.0248 0.0854
2 0.7458 0.4345 0.0451 0.0841
3 0.3941 0.8109 0.0279 0.0946
3 0.1650 0.8281 0.0328 0.1054
3 0.3966 0.5409 0.0272 0.0774
3 0.4375 0.6262 0.0506 0.0788
2 0.7111 0.8790 0.0295 0.1285
2 0.0755 0.1519 0.0335 0.0841
2 0.1422 0.0798 0.0501 0.0758
3 0.7669 0.7601 0.0496 0.0931
2 0.8873 0.8431 0.0395 0.1386
3 0.2114 0.7331 0.0587 0.0947
2 0.7413 0.3599 0.0441 0.0668
3 0.3136 0.5435 0.0262 0.0793
3 0.6461 0.6841 0.0264 0.0855
2 0.7111 0.3605 0.0235 0.0737
2 0.3777 0.0782 0.0275 0.0767
2 0.3471 0.3025 0.0260 0.0835
3 0.8618 0.5723 0.0301 0.0922
3 0.5132 0.6227 0.0313 0.0830
3 0.3661 0.6285 0.0294 0.0874
2 0.9112 0.4156 0.0272 0.0881
3 0.1931 0.3727 0.0259 0.0812
2 0.0392 0.9401 0.0268 0.1197
3 0.5116 0.5365 0.0296 0.0784
3 0.2742 0.5484 0.0530 0.0867
2 0.5088 0.2952 0.0310 0.0806
2 0.9313 0.4135 0.0248 0.0854
3 0.6105 0.6991 0.0507 0.0816
3 0.5596 0.7983 0.0551 0.0946
2 0.2601 0.9371 0.0517 0.1180
2 0.7853 0.3651 0.0474 0.0720
3 0.8368 0.5818 0.0313 0.0928
2 0.7494 0.5102 0.0478 0.0780
3 0.5541 0.5336 0.0530 0.0730
3 0.5099 0.3746 0.0294 0.0736
2 0.2388 0.2225 0.0482 0.0777
2 0.4799 0.4524 0.0304 0.0864
3 0.0582 0.6364 0.0292 0.0964
3 0.7277 0.6739 0.0235 0.0878
3 0.2295 0.3803 0.0543 0.0781
3 0.3997 0.3772 0.0247 0.0737
2 0.3300 0.9301 0.0277 0.1361
3 0.0665 0.5478 0.0329 0.1035
3 0.1192 0.3809 0.0562 0.0894
2 0.3943 0.9291 0.0292 0.1246
2 0.6942 0.5152 0.0281 0.0761
3 0.6620 0.4352 0.0301 0.0818
3 0.6405 0.5199 0.0257 0.0770
3 0.0903 0.7392 0.0601 0.0961
2 0.4802 0.7096 0.0325 0.0856
2 0.6874 0.3615 0.0266 0.0696
3 0.1509 0.5520 0.0419 0.0925
2 0.5981 0.2958 0.0463 0.0677
3 0.7330 0.7622 0.0254 0.0932
3 0.6339 0.3610 0.0233 0.0718
2 0.6264 0.1502 0.0257 0.0795
2 0.4781 0.0788 0.0293 0.0773
3 0.3713 0.3754 0.0277 0.0718
2 0.0146 0.9345 0.0264 0.1238
3 0.4372 0.8114 0.0546 0.0936
3 0.3190 0.3744 0.0263 0.0777
2 0.3615 0.9303 0.0317 0.1224
2 0.6550 0.8910 0.0266 0.1297
2 0.6292 0.2191 0.0246 0.0765
2 0.3758 0.1490 0.0287 0.0803
3 0.4820 0.8043 0.0308 0.0933
3 0.0320 0.6419 0.0337 0.0986
3 0.5503 0.3751 0.0511 0.0771
2 0.4795 0.2961 0.0292 0.0775
3 0.1577 0.4627 0.0396 0.0842
3 0.6510 0.7839 0.0267 0.0845
3 0.1632 0.3801 0.0371 0.0707
3 0.0182 0.8268 0.0308 0.0939
2 0.4022 0.1479 0.0270 0.0777
2 0.4382 0.2977 0.0483 0.0683
2 0.2471 0.0778 0.0478 0.0792
3 0.3680 0.5425 0.0291 0.0785
2 0.4399 0.0766 0.0467 0.0700
2 0.6311 0.2941 0.0235 0.0745
3 0.3419 0.4577 0.0272 0.0819
3 0.7558 0.5904 0.0480 0.0878
2 0.7134 0.4363 0.0234 0.0787
2 0.0810 0.0833 0.0335 0.0841
3 0.3944 0.7143 0.0266 0.0900
3 0.3644 0.7198 0.0306 0.0808
2 0.1033 0.1537 0.0270 0.0853
3 0.3332 0.8178 0.0279 0.0880
3 0.3159 0.4586 0.0286 0.0775
2 0.7179 0.5158 0.0260 0.0850
3 0.8018 0.5887 0.0466 0.0837
2 0.3224 0.2961 0.0265 0.0734
2 0.3512 0.1513 0.0245 0.0816
3 0.9526 0.6351 0.0304 0.0843
2 0.4816 0.9147 0.0338 0.1180
3 0.9607 0.7120 0.0264 0.0776
3 0.9025 0.6510 0.0440 0.0805
3 0.2774 0.4612 0.0520 0.0876
2 0.5905 0.0836 0.0428 0.0658
2 0.1700 0.3043 0.0334 0.0842
2 0.5937 0.1517 0.0437 0.0686
2 0.5482 0.2251 0.0506 0.0668
2 0.2887 0.2233 0.0445 0.0703
2 0.9020 0.3499 0.0248 0.0854
2 0.3288 0.0680 0.0257 0.0745
2 0.6549 0.2935 0.0254 0.0719
2 0.4008 0.2965 0.0271 0.0802
2 0.4032 0.0769 0.0262 0.0759
3 0.1304 0.8365 0.0439 0.0926
3 0.7222 0.5906 0.0259 0.0894
2 0.0907 0.3053 0.0269 0.0847
3 0.9404 0.7206 0.0221 0.0817
3 0.8085 0.6745 0.0496 0.0816
2 0.5605 0.9073 0.0535 0.1155
3 0.3434 0.3766 0.0263 0.0782
3 0.3075 0.7276 0.0293 0.0904
2 0.8199 0.3556 0.0334 0.0960
2 0.8430 0.6597 0.0314 0.0926
2 0.2914 0.1460 0.0434 0.0776
3 0.0522 0.7310 0.0291 0.0962
3 0.0819 0.3788 0.0279 0.0893
3 0.6984 0.5944 0.0281 0.0863
2 0.1295 0.3059 0.0482 0.0917
3 0.3039 0.8230 0.0311 0.0886
3 0.2213 0.5479 0.0569 0.0857
2 0.2029 0.2215 0.0256 0.0748
2 0.0961 0.2302 0.0285 0.0854
3 0.0841 0.8340 0.0585 0.0974
2 0.7948 0.5096 0.0465 0.0751
2 0.7384 0.8748 0.0296 0.1401
3 0.0250 0.7334 0.0330 0.0927
3 0.7023 0.6781 0.0278 0.0815
2 0.5468 0.1549 0.0483 0.0674
3 0.2707 0.6392 0.0544 0.0784
3 0.3116 0.6325 0.0271 0.0845
3 0.6595 0.3593 0.0299 0.0757
2 0.6235 0.0818 0.0245 0.0688
2 0.3028 0.9325 0.0306 0.1276
3 0.4362 0.7176 0.0520 0.0959
2 0.1332 0.2244 0.0479 0.0848
2 0.2076 0.1418 0.0255 0.0747
3 0.2673 0.7318 0.0548 0.0878
3 0.0440 0.8283 0.0300 0.1054
2 0.1264 0.9431 0.0411 0.1139
2 0.4799 0.3734 0.0291 0.0804
2 0.9154 0.8360 0.0450 0.1359
3 0.8506 0.7429 0.0306 0.0930
2 0.4219 0.9254 0.0229 0.1264
2 0.9217 0.3428 0.0248 0.0854
2 0.3260 0.1497 0.0258 0.0761
3 0.4373 0.5387 0.0514 0.0805
