2 0.5561 0.2298 0.0883 0.0524
2 0.5637 0.2897 0.0925 0.0699
3 0.9424 0.5968 0.0743 0.0908
3 0.9755 0.5684 0.0489 0.0999
2 0.8381 0.5130 0.0582 0.0730
2 0.3766 0.3631 0.0917 0.0853
2 0.4598 0.4571 0.1121 0.1000
2 0.9137 0.3772 0.0764 0.1040
2 0.9416 0.4273 0.0942 0.1018
2 0.8844 0.4706 0.0754 0.0888
2 0.2833 0.2791 0.1087 0.0759
2 0.3202 0.1606 0.0886 0.0646
2 0.9471 0.2750 0.0765 0.0906
2 0.9783 0.3929 0.0435 0.0947
3 0.9522 0.6450 0.0898 0.0429
2 0.8476 0.3767 0.0571 0.0723
2 0.3158 0.7648 0.1608 0.2457
2 0.2630 0.3592 0.1357 0.0823
2 0.3074 0.2168 0.0962 0.0604
2 0.5772 0.4601 0.1180 0.0940
3 0.4537 0.5707 0.1252 0.1235
2 0.8122 0.4219 0.0465 0.0683
2 0.3596 0.4543 0.1105 0.1033
2 0.4011 0.1668 0.0766 0.0646
2 0.2314 0.4500 0.1416 0.1007
2 0.4712 0.2248 0.0807 0.0555
2 0.3940 0.2209 0.0739 0.0567
3 0.3371 0.5703 0.1366 0.1254
2 0.9076 0.5377 0.0772 0.0974
3 0.8824 0.6186 0.0597 0.0723
3 0.2023 0.5682 0.1763 0.1338
2 0.9603 0.4951 0.0793 0.1103
2 0.5598 0.3684 0.1204 0.0892
2 0.1365 0.7570 0.2017 0.2403
3 0.5865 0.5754 0.1384 0.1331
2 0.4416 0.7639 0.1510 0.2542
2 0.9665 0.3244 0.0670 0.1026
2 0.9189 0.7799 0.1622 0.2414
2 0.8654 0.4232 0.0593 0.0877
2 0.6049 0.7668 0.1756 0.2463
2 0.7795 0.7773 0.2398 0.2491
2 0.5502 0.1763 0.0811 0.0571
2 0.4745 0.1689 0.0766 0.0646
2 0.8965 0.3369 0.0739 0.0985
2 0.8255 0.4636 0.0426 0.0703
2 0.8607 0.5663 0.0566 0.0788
2 0.4576 0.3669 0.0875 0.0860
2 0.4738 0.2896 0.0875 0.0708
2 0.3847 0.2842 0.0976 0.0725
