2 0.1805 0.3471 0.1295 0.2003
2 0.9234 0.4306 0.1532 0.2175
2 0.6253 0.1899 0.1366 0.2090
2 0.7649 0.2109 0.1392 0.2036
2 0.0476 0.5712 0.0952 0.2335
2 0.6207 0.6403 0.1530 0.2804
2 0.0426 0.3561 0.0852 0.2003
2 0.3295 0.5950 0.1492 0.2571
2 0.0436 0.1531 0.0872 0.2003
2 0.4701 0.6096 0.1369 0.2627
2 0.1832 0.1537 0.1382 0.2003
2 0.6232 0.3911 0.1429 0.2051
2 0.4773 0.1800 0.1323 0.1992
2 0.7596 0.4163 0.1348 0.2094
2 0.3386 0.3640 0.1417 0.2071
2 0.3399 0.1726 0.1286 0.1936
2 0.1876 0.5741 0.1430 0.2436
2 0.9269 0.2196 0.1440 0.1920
2 0.4745 0.3733 0.1395 0.2046
2 0.7686 0.6640 0.1530 0.2804
