2 0.5535 0.3146 0.0158 0.0779
2 0.7830 0.7955 0.0351 0.2212
3 0.5734 0.5431 0.0209 0.0769
2 0.2262 0.5670 0.0083 0.0918
2 0.9638 0.7778 0.0598 0.2505
2 0.6866 0.8242 0.0668 0.2320
3 0.4434 0.3144 0.0181 0.0842
2 0.6855 0.3103 0.0275 0.0839
2 0.5537 0.8302 0.0668 0.2320
2 0.1476 0.1937 0.0202 0.0965
2 0.5364 0.3205 0.0158 0.0779
2 0.2325 0.4828 0.0083 0.0918
2 0.2265 0.4007 0.0083 0.0918
3 0.2473 0.3332 0.0122 0.0830
2 0.3040 0.6443 0.0159 0.0803
3 0.5216 0.5425 0.0157 0.0802
3 0.2488 0.6469 0.0123 0.0843
2 0.3464 0.4075 0.0134 0.0787
3 0.6337 0.5492 0.0171 0.0789
2 0.4056 0.4821 0.0211 0.0807
3 0.4350 0.6435 0.0358 0.0981
2 0.3833 0.6487 0.0227 0.0908
2 0.1707 0.1897 0.0229 0.1040
2 0.2326 0.5670 0.0083 0.0918
3 0.5960 0.5448 0.0234 0.0766
2 0.3461 0.6465 0.0170 0.0906
2 0.4693 0.5467 0.0319 0.0755
2 0.4983 0.1543 0.0290 0.0858
2 0.3040 0.1730 0.0149 0.0742
2 0.5529 0.1585 0.0158 0.0779
2 0.2933 0.8445 0.0640 0.2320
2 0.5213 0.4726 0.0139 0.0779
2 0.5946 0.3133 0.0222 0.0740
2 0.3466 0.5606 0.0134 0.0788
2 0.4992 0.4793 0.0290 0.0859
2 0.3033 0.4825 0.0144 0.0733
3 0.2488 0.5696 0.0112 0.0803
3 0.6562 0.4723 0.0304 0.0840
3 0.4250 0.4008 0.0174 0.0778
3 0.6245 0.6208 0.0346 0.0789
3 0.4444 0.5571 0.0174 0.0778
2 0.3466 0.2475 0.0134 0.0787
3 0.6855 0.4663 0.0275 0.0840
2 0.1471 0.7989 0.0202 0.0412
2 0.2265 0.3165 0.0083 0.0918
2 0.3743 0.3279 0.0387 0.0747
2 0.3256 0.2515 0.0271 0.0742
2 0.2380 0.3246 0.0083 0.0918
3 0.2474 0.1780 0.0120 0.0797
2 0.5362 0.6251 0.0158 0.0779
2 0.4058 0.5586 0.0211 0.0807
2 0.2321 0.6591 0.0083 0.0918
2 0.2881 0.4872 0.0149 0.0769
3 0.4254 0.4807 0.0174 0.0778
2 0.6851 0.1572 0.0275 0.0729
3 0.6147 0.4727 0.0171 0.0789
2 0.2673 0.5659 0.0270 0.0755
2 0.3030 0.5626 0.0152 0.0726
2 0.3252 0.4850 0.0271 0.0742
2 0.1226 0.3828 0.0225 0.0852
2 0.3234 0.6529 0.0282 0.0964
2 0.5726 0.3187 0.0205 0.0849
2 0.2372 0.4062 0.0083 0.0918
2 0.1247 0.5861 0.0259 0.0822
2 0.2673 0.6466 0.0274 0.0837
2 0.4997 0.5478 0.0290 0.0858
3 0.4262 0.5583 0.0174 0.0778
2 0.1470 0.3860 0.0205 0.0975
2 0.4992 0.3968 0.0290 0.0858
2 0.4688 0.2430 0.0299 0.0872
2 0.6559 0.2308 0.0295 0.0840
3 0.6565 0.5495 0.0281 0.0711
2 0.5364 0.1565 0.0158 0.0779
2 0.5536 0.6251 0.0158 0.0779
2 0.6562 0.1523 0.0295 0.0840
3 0.4440 0.4795 0.0174 0.0778
2 0.5202 0.2341 0.0139 0.0779
2 0.3466 0.3270 0.0134 0.0788
2 0.3638 0.6517 0.0170 0.0906
2 0.6558 0.3153 0.0295 0.0839
3 0.6147 0.1547 0.0171 0.0789
2 0.5535 0.2400 0.0158 0.0779
2 0.9149 0.7885 0.0413 0.2504
2 0.4061 0.6463 0.0225 0.0901
2 0.1461 0.7101 0.0200 0.1408
2 0.2666 0.3305 0.0274 0.0793
2 0.2267 0.4793 0.0083 0.0918
2 0.4038 0.1581 0.0237 0.0788
2 0.6208 0.8313 0.0668 0.2320
2 0.5364 0.4010 0.0158 0.0779
2 0.5949 0.3918 0.0222 0.0740
2 0.2664 0.1755 0.0278 0.0717
2 0.3254 0.5596 0.0271 0.0742
2 0.3518 0.8433 0.0537 0.2320
3 0.4251 0.2425 0.0174 0.0778
3 0.2475 0.2533 0.0117 0.0831
3 0.2477 0.4113 0.0107 0.0831
2 0.1213 0.7919 0.0202 0.0412
2 0.2885 0.3301 0.0144 0.0750
2 0.2663 0.4887 0.0274 0.0772
2 0.5728 0.4706 0.0205 0.0849
3 0.6161 0.5463 0.0171 0.0789
2 0.1715 0.5839 0.0218 0.1029
2 0.3258 0.1730 0.0271 0.0742
2 0.5530 0.4000 0.0158 0.0779
2 0.3466 0.1689 0.0134 0.0788
2 0.3036 0.4073 0.0141 0.0765
2 0.2889 0.2517 0.0149 0.0742
2 0.5724 0.1503 0.0217 0.0858
2 0.6852 0.3918 0.0275 0.0839
2 0.1224 0.2937 0.0219 0.0884
2 0.1714 0.3762 0.0220 0.1073
2 0.2664 0.2587 0.0278 0.0865
2 0.1238 0.4849 0.0225 0.0852
2 0.7141 0.4677 0.0275 0.0840
2 0.3742 0.2476 0.0386 0.0887
3 0.6851 0.5482 0.0285 0.0789
2 0.2664 0.4088 0.0270 0.0781
3 0.4431 0.3985 0.0174 0.0778
2 0.3737 0.5576 0.0406 0.0756
2 0.3036 0.2509 0.0149 0.0742
3 0.6323 0.3147 0.0171 0.0789
2 0.5366 0.4696 0.0158 0.0779
2 0.1709 0.7143 0.0212 0.1496
2 0.4821 0.8373 0.0710 0.2320
3 0.4691 0.6342 0.0310 0.0822
2 0.5956 0.2324 0.0221 0.0740
2 0.3731 0.1618 0.0386 0.0797
2 0.2392 0.5642 0.0083 0.0918
2 0.4048 0.2423 0.0237 0.0789
3 0.6154 0.3157 0.0171 0.0789
2 0.2390 0.4842 0.0083 0.0918
2 0.6849 0.2318 0.0275 0.0839
3 0.2480 0.4883 0.0107 0.0717
2 0.2380 0.2407 0.0083 0.0918
3 0.6314 0.4737 0.0171 0.0789
2 0.3039 0.3262 0.0143 0.0737
3 0.4438 0.1575 0.0174 0.0778
2 0.5202 0.1585 0.0139 0.0779
2 0.2881 0.5664 0.0150 0.0745
3 0.5375 0.5434 0.0151 0.0800
2 0.3737 0.4062 0.0399 0.0787
2 0.1215 0.7069 0.0196 0.1321
2 0.1237 0.2019 0.0225 0.0852
3 0.5540 0.5402 0.0157 0.0744
2 0.2886 0.1755 0.0149 0.0742
2 0.1469 0.2885 0.0202 0.0965
2 0.1480 0.4811 0.0204 0.0869
2 0.7134 0.1575 0.0275 0.0687
2 0.5533 0.4696 0.0158 0.0779
3 0.6325 0.1551 0.0171 0.0789
3 0.4250 0.1592 0.0174 0.0778
2 0.3254 0.3277 0.0271 0.0742
2 0.3735 0.4830 0.0406 0.0756
2 0.2880 0.4082 0.0148 0.0787
2 0.2322 0.4027 0.0083 0.0918
2 0.6560 0.3938 0.0295 0.0840
2 0.2326 0.3184 0.0083 0.0918
2 0.5214 0.3970 0.0139 0.0779
2 0.2443 0.8421 0.0375 0.2320
3 0.5952 0.4680 0.0234 0.0665
2 0.4997 0.6298 0.0296 0.0730
2 0.8184 0.7866 0.0325 0.2239
2 0.7130 0.3127 0.0275 0.0839
2 0.2265 0.6588 0.0083 0.0918
2 0.2268 0.2319 0.0083 0.0918
3 0.6156 0.2352 0.0171 0.0789
2 0.5734 0.6309 0.0191 0.0810
2 0.7141 0.3892 0.0275 0.0840
2 0.4048 0.3959 0.0211 0.0807
2 0.4691 0.1573 0.0290 0.0858
2 0.1466 0.5780 0.0210 0.0852
3 0.6154 0.3922 0.0171 0.0789
2 0.5949 0.1533 0.0217 0.0859
2 0.3461 0.4841 0.0134 0.0788
2 0.2396 0.6535 0.0083 0.0918
2 0.4692 0.3967 0.0310 0.0744
2 0.7434 0.8176 0.0456 0.2320
2 0.4688 0.3162 0.0294 0.0717
2 0.4987 0.2323 0.0290 0.0858
3 0.4438 0.2406 0.0174 0.0778
2 0.5216 0.3165 0.0139 0.0779
3 0.6328 0.2342 0.0171 0.0789
2 0.5734 0.2345 0.0205 0.0849
2 0.4691 0.4703 0.0310 0.0744
3 0.6327 0.3952 0.0171 0.0789
2 0.5364 0.2400 0.0158 0.0779
2 0.7134 0.2372 0.0275 0.0839
2 0.5952 0.6251 0.0234 0.0765
2 0.5726 0.3919 0.0205 0.0849
2 0.4053 0.3241 0.0210 0.0719
2 0.5211 0.6259 0.0158 0.0779
2 0.4130 0.8421 0.0668 0.2320
2 0.2883 0.6495 0.0160 0.0934
2 0.1721 0.4783 0.0220 0.1028
2 0.4993 0.3155 0.0290 0.0750
2 0.2329 0.2359 0.0083 0.0918
3 0.4248 0.3188 0.0177 0.0807
2 0.1713 0.2845 0.0238 0.0999
2 0.8645 0.7820 0.0589 0.2181
2 0.3250 0.4099 0.0272 0.0785
