2 0.4463 0.3600 0.1258 0.0881
2 0.7670 0.7848 0.2023 0.2797
2 0.0102 0.3940 0.0203 0.0657
2 0.0125 0.5418 0.0249 0.0786
2 0.0582 0.3789 0.0692 0.1072
2 0.0323 0.4217 0.0580 0.1004
2 0.0225 0.3345 0.0450 0.0870
2 0.6777 0.3627 0.1173 0.0945
3 0.3246 0.4583 0.1233 0.0976
2 0.7497 0.2828 0.1195 0.0707
2 0.5691 0.3590 0.1368 0.0946
3 0.4390 0.4567 0.1436 0.1023
3 0.5742 0.4546 0.1384 0.1059
2 0.9302 0.2853 0.1396 0.0738
3 0.8354 0.5787 0.1353 0.1428
3 0.5837 0.5744 0.1575 0.1380
2 0.0402 0.6259 0.0805 0.0989
3 0.6979 0.4564 0.1170 0.1057
3 0.3016 0.5757 0.1369 0.1253
3 0.9808 0.4593 0.0384 0.1056
3 0.7170 0.5797 0.1256 0.1311
3 0.1608 0.5776 0.1795 0.1292
3 0.2041 0.4594 0.1516 0.0999
3 0.9471 0.5738 0.1058 0.1368
2 0.7707 0.3641 0.1441 0.0897
2 0.8894 0.7917 0.2212 0.2971
2 0.3557 0.2842 0.1009 0.0719
2 0.6377 0.1611 0.0811 0.0694
2 0.5547 0.1621 0.0951 0.0694
3 0.4280 0.5768 0.1598 0.1393
2 0.8359 0.2833 0.1103 0.0735
2 0.2393 0.3621 0.1490 0.0925
2 0.9650 0.2193 0.0699 0.0541
3 0.9117 0.4600 0.1061 0.1047
2 0.8086 0.2224 0.0911 0.0528
2 0.8959 0.2227 0.1303 0.0598
2 0.0256 0.4746 0.0513 0.0878
2 0.3419 0.3617 0.1075 0.0816
2 0.2631 0.2835 0.1258 0.0621
2 0.6095 0.7848 0.2067 0.2875
2 0.5618 0.2835 0.0999 0.0706
2 0.4585 0.2184 0.1009 0.0570
2 0.6514 0.2184 0.0958 0.0543
2 0.6596 0.2824 0.1141 0.0683
2 0.4524 0.2835 0.1151 0.0706
3 0.8057 0.4592 0.1386 0.1035
2 0.5562 0.2204 0.0927 0.0556
2 0.1122 0.4288 0.0794 0.0903
2 0.2569 0.7644 0.1906 0.2541
2 0.2845 0.2250 0.1148 0.0559
2 0.1126 0.7692 0.2243 0.2482
2 0.4109 0.7761 0.1935 0.2619
2 0.7871 0.1636 0.0939 0.0694
2 0.9843 0.2825 0.0313 0.0662
2 0.3705 0.2236 0.0856 0.0593
2 0.8734 0.3633 0.1129 0.0865
2 0.0516 0.5676 0.1008 0.0991
2 0.7316 0.2233 0.1025 0.0633
2 0.8649 0.1656 0.1219 0.0694
2 0.2999 0.1659 0.1110 0.0655
2 0.9490 0.1611 0.1019 0.0694
2 0.7108 0.1626 0.0939 0.0694
2 0.4627 0.1629 0.0962 0.0679
2 0.3834 0.1666 0.0856 0.0593
2 0.0712 0.5206 0.0882 0.1023
2 0.0984 0.4650 0.0967 0.1111
2 0.9495 0.3654 0.1011 0.0872
