3 0.6334 0.1353 0.0338 0.0541
3 0.3762 0.3278 0.0559 0.0503
3 0.3778 0.4382 0.0572 0.0510
3 0.4318 0.4332 0.0453 0.0533
3 0.3758 0.1721 0.0557 0.0491
3 0.8543 0.1120 0.0751 0.0634
1 0.1722 0.7857 0.0434 0.0517
2 0.6659 0.9394 0.0345 0.0631
3 0.3346 0.4961 0.0273 0.0512
3 0.0593 0.3213 0.0456 0.0484
3 0.7894 0.1747 0.0604 0.0604
1 0.9119 0.8910 0.0778 0.0685
3 0.7428 0.1785 0.0355 0.0602
3 0.2299 0.3978 0.0605 0.0496
3 0.4966 0.1514 0.0297 0.0527
3 0.3355 0.6115 0.0283 0.0562
1 0.2735 0.7311 0.0287 0.0566
3 0.7678 0.6105 0.0422 0.0637
3 0.2272 0.6135 0.0616 0.0519
2 0.4388 0.9183 0.0498 0.0502
1 0.7860 0.8790 0.0410 0.0723
3 0.7474 0.2364 0.0384 0.0591
3 0.7720 0.6745 0.0422 0.0662
3 0.8712 0.3537 0.0795 0.0634
3 0.8398 0.8878 0.0636 0.0774
3 0.0981 0.2640 0.0251 0.0485
3 0.7873 0.1146 0.0579 0.0574
3 0.3053 0.5554 0.0272 0.0523
2 0.5138 0.9204 0.0338 0.0491
1 0.6656 0.8706 0.0397 0.0643
3 0.5047 0.4887 0.0303 0.0532
3 0.7500 0.2955 0.0402 0.0608
3 0.3042 0.4966 0.0273 0.0527
2 0.2708 0.9167 0.0361 0.0709
3 0.4288 0.2128 0.0456 0.0529
3 0.3350 0.3852 0.0267 0.0524
3 0.7121 0.2981 0.0322 0.0591
3 0.1322 0.4097 0.0553 0.0487
3 0.9343 0.2873 0.0574 0.0659
1 0.2725 0.6715 0.0293 0.0557
1 0.0786 0.8326 0.0245 0.0510
3 0.0243 0.3705 0.0249 0.0469
3 0.4686 0.3180 0.0280 0.0522
2 0.3343 0.9169 0.0305 0.0624
3 0.0520 0.5155 0.0497 0.0531
3 0.5007 0.3170 0.0308 0.0556
3 0.0197 0.4666 0.0241 0.0541
3 0.1824 0.3505 0.0393 0.0493
3 0.7424 0.8071 0.0384 0.0716
3 0.4313 0.3771 0.0460 0.0524
3 0.4326 0.4908 0.0451 0.0531
2 0.5862 0.9290 0.0397 0.0521
3 0.0609 0.2719 0.0462 0.0482
3 0.8623 0.2330 0.0802 0.0616
3 0.3784 0.4946 0.0578 0.0512
3 0.3047 0.2818 0.0289 0.0543
3 0.5128 0.8625 0.0344 0.0616
3 0.1359 0.3085 0.0526 0.0493
3 0.5065 0.5468 0.0291 0.0551
2 0.5773 0.6079 0.0386 0.0599
3 0.0922 0.4096 0.0254 0.0499
3 0.9004 0.7424 0.0810 0.0662
2 0.1195 0.8978 0.0583 0.0649
3 0.1311 0.4592 0.0529 0.0492
3 0.7232 0.4826 0.0357 0.0605
1 0.6227 0.7346 0.0388 0.0635
3 0.6094 0.4223 0.0329 0.0573
2 0.5485 0.9213 0.0333 0.0448
3 0.8143 0.5422 0.0607 0.0634
3 0.6059 0.3647 0.0330 0.0588
3 0.8272 0.7411 0.0615 0.0699
3 0.2780 0.1858 0.0287 0.0507
3 0.1283 0.5641 0.0548 0.0487
3 0.8061 0.4167 0.0587 0.0623
3 0.9495 0.4763 0.0586 0.0634
3 0.4297 0.2674 0.0435 0.0526
3 0.1294 0.5102 0.0540 0.0513
3 0.3040 0.7287 0.0300 0.0573
1 0.3804 0.7978 0.0580 0.0574
3 0.5083 0.6124 0.0309 0.0634
3 0.6880 0.5457 0.0331 0.0586
3 0.1388 0.2147 0.0499 0.0480
3 0.1782 0.5092 0.0410 0.0504
3 0.6777 0.3615 0.0345 0.0572
1 0.5436 0.7330 0.0306 0.0573
2 0.8383 0.9622 0.0668 0.0743
3 0.3797 0.6779 0.0575 0.0587
3 0.1363 0.2591 0.0516 0.0455
3 0.5358 0.4852 0.0297 0.0557
3 0.6471 0.4241 0.0355 0.0603
3 0.1356 0.3578 0.0543 0.0486
3 0.0308 0.2322 0.0234 0.0492
3 0.9394 0.3490 0.0553 0.0672
2 0.8183 0.6080 0.0571 0.0642
3 0.3048 0.3881 0.0276 0.0527
3 0.6947 0.6730 0.0372 0.0597
3 0.5327 0.3694 0.0311 0.0563
3 0.3802 0.6144 0.0566 0.0588
3 0.9697 0.7464 0.0514 0.0653
3 0.4333 0.5498 0.0454 0.0535
3 0.0962 0.3117 0.0260 0.0505
3 0.4286 0.1600 0.0453 0.0497
3 0.7045 0.1250 0.0336 0.0576
3 0.5642 0.1977 0.0334 0.0565
1 0.2727 0.7937 0.0294 0.0560
3 0.2324 0.2437 0.0578 0.0492
3 0.8108 0.4774 0.0600 0.0624
1 0.1730 0.7280 0.0430 0.0532
3 0.4677 0.2638 0.0305 0.0544
3 0.5385 0.6076 0.0311 0.0594
3 0.0533 0.4659 0.0485 0.0514
3 0.6697 0.1282 0.0315 0.0566
2 0.6277 0.9333 0.0388 0.0597
3 0.6377 0.2480 0.0344 0.0581
1 0.0080 0.8278 0.0159 0.0491
3 0.7307 0.6729 0.0384 0.0658
3 0.1792 0.4556 0.0403 0.0514
3 0.3341 0.7908 0.0291 0.0552
3 0.7245 0.5470 0.0352 0.0620
3 0.5657 0.2532 0.0336 0.0563
1 0.2264 0.7308 0.0629 0.0641
3 0.2755 0.4456 0.0298 0.0510
3 0.8241 0.6750 0.0615 0.0653
3 0.7106 0.2417 0.0348 0.0608
3 0.6769 0.3019 0.0353 0.0571
3 0.8016 0.3556 0.0596 0.0623
2 0.4807 0.9171 0.0313 0.0509
1 0.0821 0.7234 0.0252 0.0498
3 0.2328 0.2953 0.0592 0.0494
3 0.6709 0.1861 0.0346 0.0587
3 0.5101 0.6746 0.0286 0.0597
3 0.3350 0.1742 0.0273 0.0513
3 0.4700 0.3753 0.0289 0.0540
3 0.3348 0.4412 0.0272 0.0526
3 0.3346 0.2780 0.0302 0.0547
1 0.4369 0.7359 0.0499 0.0534
3 0.2758 0.3387 0.0282 0.0511
3 0.7269 0.6106 0.0394 0.0584
3 0.3759 0.2755 0.0555 0.0511
3 0.0288 0.2758 0.0225 0.0464
3 0.5018 0.4317 0.0321 0.0545
3 0.6001 0.1947 0.0328 0.0581
2 0.9123 0.9633 0.0774 0.0734
1 0.0097 0.7759 0.0194 0.0514
2 0.9603 0.6064 0.0551 0.0578
2 0.7052 0.9438 0.0428 0.0723
3 0.1846 0.2500 0.0400 0.0481
1 0.9076 0.8167 0.0771 0.0720
1 0.6259 0.8664 0.0361 0.0623
1 0.4380 0.8611 0.0483 0.0607
3 0.2751 0.6125 0.0301 0.0534
3 0.5290 0.2018 0.0313 0.0558
3 0.2774 0.2357 0.0298 0.0510
3 0.3033 0.7899 0.0297 0.0550
2 0.0762 0.8943 0.0264 0.0687
3 0.5710 0.4284 0.0361 0.0599
1 0.1708 0.8430 0.0428 0.0574
1 0.5872 0.8667 0.0397 0.0675
3 0.6342 0.1927 0.0350 0.0596
3 0.7155 0.3582 0.0370 0.0591
3 0.8947 0.6734 0.0789 0.0658
3 0.8810 0.4792 0.0767 0.0622
3 0.4733 0.5472 0.0308 0.0561
3 0.6401 0.3066 0.0350 0.0594
3 0.0580 0.3688 0.0484 0.0498
3 0.8842 0.5441 0.0812 0.0613
3 0.5379 0.5460 0.0292 0.0541
1 0.9755 0.8836 0.0490 0.0690
3 0.7646 0.5433 0.0388 0.0622
3 0.7757 0.7411 0.0407 0.0709
1 0.1247 0.6716 0.0539 0.0552
1 0.5482 0.8634 0.0382 0.0619
3 0.2760 0.3906 0.0287 0.0501
3 0.2748 0.5030 0.0299 0.0571
3 0.3045 0.4425 0.0276 0.0526
3 0.6427 0.3644 0.0343 0.0578
3 0.9640 0.6734 0.0551 0.0699
2 0.7850 0.9574 0.0390 0.0743
3 0.5312 0.3152 0.0312 0.0574
3 0.5982 0.1378 0.0313 0.0563
1 0.1226 0.7837 0.0558 0.0530
1 0.4774 0.6716 0.0304 0.0564
1 0.7806 0.8055 0.0400 0.0732
1 0.4358 0.6751 0.0478 0.0549
3 0.6035 0.3073 0.0321 0.0578
1 0.2258 0.6701 0.0619 0.0563
3 0.3348 0.2274 0.0282 0.0523
1 0.6642 0.8033 0.0409 0.0629
3 0.3773 0.3837 0.0564 0.0516
3 0.7069 0.1852 0.0352 0.0600
3 0.7945 0.2320 0.0568 0.0603
1 0.4368 0.7978 0.0503 0.0553
3 0.6626 0.7380 0.0370 0.0660
3 0.2768 0.2863 0.0291 0.0507
3 0.7534 0.3581 0.0364 0.0618
3 0.5306 0.2582 0.0320 0.0551
3 0.0858 0.6152 0.0262 0.0510
3 0.4339 0.6126 0.0458 0.0528
1 0.3341 0.8523 0.0293 0.0597
3 0.1836 0.2980 0.0401 0.0492
3 0.0878 0.5635 0.0266 0.0501
3 0.3052 0.2301 0.0279 0.0525
2 0.7462 0.9530 0.0384 0.0771
3 0.0489 0.5650 0.0486 0.0518
3 0.7606 0.4805 0.0362 0.0639
1 0.7053 0.8036 0.0396 0.0668
1 0.5482 0.7976 0.0361 0.0644
3 0.3750 0.2243 0.0554 0.0530
3 0.0142 0.5654 0.0215 0.0457
3 0.2319 0.3469 0.0587 0.0494
3 0.9535 0.5420 0.0604 0.0628
3 0.1001 0.2173 0.0242 0.0480
3 0.0627 0.2289 0.0455 0.0487
3 0.7587 0.4164 0.0393 0.0645
1 0.8348 0.8099 0.0685 0.0738
3 0.2293 0.4517 0.0611 0.0512
3 0.3352 0.7305 0.0293 0.0550
3 0.0166 0.5169 0.0232 0.0486
3 0.6984 0.7355 0.0349 0.0655
1 0.0460 0.6710 0.0500 0.0553
1 0.2708 0.8486 0.0301 0.0547
3 0.3347 0.6722 0.0283 0.0549
3 0.7975 0.2948 0.0583 0.0621
3 0.5337 0.4271 0.0296 0.0546
3 0.9195 0.1029 0.0520 0.0679
1 0.5125 0.7985 0.0315 0.0601
3 0.6542 0.6082 0.0383 0.0617
3 0.0952 0.3638 0.0246 0.0507
1 0.3799 0.8592 0.0608 0.0666
1 0.0118 0.6686 0.0231 0.0511
3 0.2338 0.1942 0.0568 0.0482
3 0.7347 0.7409 0.0387 0.0709
3 0.3348 0.5523 0.0285 0.0531
3 0.6196 0.6728 0.0349 0.0628
2 0.0378 0.8924 0.0493 0.0728
3 0.4795 0.7335 0.0313 0.0612
1 0.0128 0.6165 0.0252 0.0524
3 0.1761 0.6148 0.0426 0.0514
3 0.7402 0.1194 0.0337 0.0585
2 0.9758 0.9607 0.0484 0.0743
1 0.0477 0.6168 0.0482 0.0520
2 0.8909 0.6064 0.0816 0.0618
1 0.4788 0.7974 0.0314 0.0593
3 0.2752 0.5590 0.0280 0.0520
1 0.1205 0.8388 0.0542 0.0521
3 0.6809 0.4199 0.0327 0.0588
3 0.6914 0.6091 0.0321 0.0582
3 0.3064 0.1786 0.0272 0.0507
3 0.5625 0.1423 0.0317 0.0547
3 0.9295 0.2259 0.0549 0.0595
3 0.9435 0.4157 0.0563 0.0603
3 0.6153 0.5459 0.0342 0.0560
3 0.3345 0.3303 0.0267 0.0521
3 0.5277 0.1487 0.0305 0.0544
3 0.4720 0.4894 0.0296 0.0535
3 0.9239 0.1678 0.0571 0.0630
2 0.3819 0.9193 0.0616 0.0709
1 0.6242 0.8006 0.0360 0.0642
3 0.1228 0.7286 0.0560 0.0559
3 0.0213 0.4169 0.0240 0.0489
1 0.0845 0.6707 0.0249 0.0511
1 0.7064 0.8742 0.0377 0.0693
3 0.2289 0.5084 0.0595 0.0571
3 0.5809 0.7348 0.0386 0.0606
3 0.4664 0.2088 0.0298 0.0541
3 0.1777 0.5622 0.0408 0.0497
1 0.0413 0.7778 0.0489 0.0569
2 0.3045 0.9193 0.0283 0.0709
3 0.6863 0.4834 0.0340 0.0598
3 0.6515 0.5453 0.0330 0.0565
3 0.8668 0.2926 0.0786 0.0639
3 0.4753 0.6105 0.0298 0.0559
1 0.0804 0.7785 0.0253 0.0514
3 0.3807 0.7343 0.0586 0.0541
3 0.1269 0.6158 0.0535 0.0521
3 0.1848 0.2021 0.0390 0.0463
3 0.6593 0.6731 0.0316 0.0637
3 0.8751 0.4180 0.0798 0.0623
3 0.4708 0.4310 0.0287 0.0531
3 0.6110 0.4836 0.0324 0.0576
1 0.2247 0.7909 0.0630 0.0532
3 0.0263 0.3232 0.0239 0.0445
3 0.0103 0.7214 0.0207 0.0526
3 0.5003 0.2594 0.0300 0.0543
3 0.7186 0.4187 0.0362 0.0627
3 0.4987 0.2045 0.0295 0.0553
1 0.7454 0.8755 0.0377 0.0711
2 0.2222 0.9134 0.0599 0.0640
3 0.1805 0.4007 0.0396 0.0500
3 0.4675 0.1552 0.0286 0.0522
1 0.4792 0.8596 0.0315 0.0607
3 0.4298 0.3203 0.0438 0.0519
3 0.3047 0.6110 0.0277 0.0543
1 0.9722 0.8126 0.0500 0.0660
1 0.3038 0.6693 0.0294 0.0539
1 0.5867 0.7980 0.0403 0.0642
1 0.3029 0.8500 0.0296 0.0586
3 0.5756 0.4855 0.0361 0.0576
3 0.5800 0.6754 0.0373 0.0587
1 0.5424 0.6713 0.0311 0.0564
3 0.5689 0.3096 0.0347 0.0549
3 0.2278 0.5616 0.0604 0.0476
2 0.1691 0.9064 0.0391 0.0649
3 0.3792 0.5502 0.0560 0.0535
3 0.5776 0.5468 0.0353 0.0572
3 0.6499 0.4850 0.0353 0.0572
3 0.0911 0.4618 0.0264 0.0525
3 0.6015 0.2500 0.0338 0.0572
3 0.6734 0.2430 0.0358 0.0574
3 0.5690 0.3681 0.0343 0.0578
3 0.0547 0.4160 0.0479 0.0512
1 0.0392 0.8320 0.0498 0.0550
1 0.2237 0.8499 0.0626 0.0568
1 0.5128 0.7334 0.0312 0.0593
3 0.0894 0.5111 0.0274 0.0531
3 0.6156 0.6058 0.0326 0.0564
1 0.0433 0.7228 0.0483 0.0575
1 0.1748 0.6723 0.0418 0.0518
3 0.8588 0.1728 0.0765 0.0648
3 0.3046 0.3343 0.0275 0.0524
3 0.5014 0.3739 0.0307 0.0556
