2 0.5157 0.3864 0.1037 0.0401
2 0.9234 0.6933 0.0205 0.0135
2 0.9342 0.6816 0.0225 0.0135
2 0.9522 0.6824 0.0168 0.0108
2 0.9453 0.6691 0.0176 0.0135
2 0.9336 0.6448 0.0213 0.0098
2 0.9659 0.6534 0.0180 0.0135
2 0.9731 0.6657 0.0192 0.0110
3 0.9914 0.7060 0.0173 0.0150
3 0.9406 0.6939 0.0221 0.0123
2 0.8157 0.6441 0.0231 0.0098
2 0.8328 0.6443 0.0210 0.0101
2 0.5084 0.5348 0.1393 0.0636
2 0.6910 0.7025 0.1939 0.1165
3 0.9285 0.7068 0.0217 0.0117
2 0.5146 0.4779 0.1183 0.0534
2 0.4094 0.3479 0.1173 0.0416
2 0.8113 0.6788 0.0202 0.0136
3 0.9868 0.6922 0.0213 0.0126
2 0.9876 0.6527 0.0248 0.0117
2 0.7774 0.6436 0.0282 0.0114
2 0.8338 0.6927 0.0240 0.0129
2 0.8147 0.6919 0.0210 0.0126
2 0.3900 0.4315 0.1309 0.0408
2 0.8960 0.6931 0.0410 0.0138
2 0.6314 0.3860 0.1320 0.0408
2 0.6377 0.4296 0.1424 0.0448
2 0.9788 0.6800 0.0217 0.0107
2 0.9391 0.6562 0.0209 0.0123
2 0.3374 0.6967 0.1964 0.1140
2 0.5157 0.6992 0.1602 0.1143
3 0.9623 0.7064 0.0180 0.0126
3 0.9469 0.7071 0.0217 0.0129
2 0.7989 0.6924 0.0181 0.0123
2 0.8757 0.6441 0.0307 0.0089
2 0.8992 0.6448 0.0213 0.0105
2 0.8696 0.6937 0.0231 0.0129
2 0.9166 0.6445 0.0193 0.0092
3 0.8042 0.7055 0.0202 0.0120
2 0.7845 0.6668 0.0303 0.0117
3 0.3475 0.6032 0.1609 0.0726
2 0.5131 0.3465 0.0922 0.0436
2 0.8382 0.7055 0.0236 0.0126
3 0.8195 0.7054 0.0231 0.0123
3 0.3616 0.5345 0.1508 0.0634
2 0.9291 0.6681 0.0221 0.0135
3 0.6594 0.5347 0.1634 0.0619
2 0.9119 0.6674 0.0205 0.0144
2 0.7882 0.6796 0.0303 0.0117
2 0.5099 0.4304 0.1131 0.0448
2 0.6482 0.4779 0.1508 0.0503
2 0.8500 0.6444 0.0244 0.0092
2 0.7814 0.6542 0.0303 0.0117
2 0.8035 0.6552 0.0206 0.0117
2 0.8204 0.6547 0.0198 0.0107
2 0.8370 0.6550 0.0219 0.0107
2 0.8547 0.6555 0.0244 0.0117
2 0.8814 0.6542 0.0366 0.0110
2 0.8858 0.6673 0.0396 0.0139
2 0.9077 0.6552 0.0177 0.0117
2 0.9218 0.6553 0.0198 0.0114
2 0.8917 0.6799 0.0404 0.0114
2 0.8582 0.6672 0.0257 0.0110
2 0.8414 0.6667 0.0231 0.0114
2 0.8239 0.6664 0.0210 0.0107
2 0.8069 0.6672 0.0206 0.0098
2 0.8652 0.6807 0.0227 0.0129
2 0.8464 0.6798 0.0223 0.0123
2 0.8277 0.6799 0.0227 0.0126
3 0.7892 0.7057 0.0164 0.0129
3 0.6751 0.6042 0.1772 0.0782
2 0.3801 0.4787 0.1508 0.0518
2 0.4005 0.3879 0.1288 0.0432
2 0.8519 0.6930 0.0274 0.0136
2 0.5078 0.6035 0.1571 0.0754
2 0.7987 0.6433 0.0194 0.0095
2 0.9176 0.6813 0.0189 0.0105
2 0.6209 0.3455 0.1236 0.0401
