3 0.8039 0.6395 0.0557 0.0726
2 0.1762 0.0748 0.0889 0.0753
3 0.7285 0.2798 0.0966 0.0638
3 0.4657 0.7866 0.0699 0.0666
3 0.1736 0.3561 0.0893 0.0661
3 0.8045 0.2757 0.0519 0.0674
3 0.8628 0.4215 0.0627 0.0739
3 0.8625 0.2741 0.0615 0.0717
2 0.6582 0.0605 0.0417 0.0631
3 0.2679 0.4975 0.0948 0.0632
3 0.6053 0.4940 0.0515 0.0664
2 0.0100 0.5358 0.0200 0.0373
3 0.4012 0.5671 0.0613 0.0670
3 0.1744 0.2878 0.0895 0.0618
3 0.4711 0.2153 0.0689 0.0621
3 0.4679 0.5685 0.0699 0.0651
2 0.9197 0.0571 0.0476 0.0731
3 0.1028 0.3561 0.0410 0.0624
2 0.6568 0.3468 0.0445 0.0718
2 0.1760 0.1491 0.0933 0.0714
2 0.9199 0.1318 0.0480 0.0690
2 0.7292 0.0643 0.0930 0.0689
3 0.1737 0.4270 0.0905 0.0625
2 0.7294 0.1373 0.0947 0.0683
3 0.9714 0.5645 0.0446 0.0699
3 0.6063 0.8572 0.0531 0.0683
2 0.0404 0.9212 0.0565 0.0562
3 0.0535 0.2874 0.0525 0.0611
3 0.7281 0.5667 0.0930 0.0653
3 0.1683 0.7111 0.0917 0.0640
3 0.3975 0.8607 0.0645 0.0691
3 0.6039 0.7838 0.0510 0.0682
3 0.0956 0.7066 0.0436 0.0657
3 0.9220 0.8593 0.0488 0.0747
3 0.0968 0.6379 0.0431 0.0668
2 0.4713 0.1423 0.0708 0.0720
2 0.0087 0.6424 0.0173 0.0373
3 0.1069 0.2185 0.0434 0.0668
3 0.6555 0.6379 0.0429 0.0631
2 0.0068 0.7099 0.0135 0.0373
3 0.7273 0.6398 0.0956 0.0680
3 0.2686 0.3611 0.0958 0.0645
2 0.9718 0.3419 0.0446 0.0650
3 0.8630 0.8564 0.0659 0.0706
2 0.6057 0.9214 0.0553 0.0525
3 0.9718 0.6402 0.0442 0.0668
3 0.6570 0.5669 0.0430 0.0667
2 0.0080 0.6739 0.0160 0.0374
3 0.5412 0.8571 0.0745 0.0727
3 0.4037 0.2830 0.0626 0.0648
3 0.3390 0.8543 0.0525 0.0729
3 0.8020 0.7829 0.0494 0.0663
3 0.3421 0.6413 0.0529 0.0720
3 0.6576 0.4961 0.0439 0.0668
3 0.2644 0.7148 0.0957 0.0641
3 0.8615 0.7838 0.0676 0.0695
3 0.6550 0.7143 0.0423 0.0653
3 0.0477 0.6384 0.0551 0.0661
3 0.9217 0.5624 0.0502 0.0696
3 0.4030 0.4251 0.0602 0.0720
3 0.5419 0.3495 0.0666 0.0725
3 0.4686 0.4271 0.0691 0.0623
3 0.2653 0.5706 0.0928 0.0610
3 0.0945 0.8497 0.0474 0.0721
3 0.3479 0.0766 0.0486 0.0651
3 0.3994 0.7139 0.0618 0.0723
3 0.9716 0.4926 0.0449 0.0655
3 0.8037 0.4209 0.0518 0.0709
2 0.0092 0.5715 0.0184 0.0373
3 0.8025 0.8583 0.0521 0.0737
3 0.0553 0.2182 0.0524 0.0615
3 0.3476 0.1464 0.0509 0.0697
2 0.6085 0.0694 0.0505 0.0708
3 0.8629 0.1361 0.0633 0.0732
3 0.0449 0.7093 0.0534 0.0646
3 0.0493 0.5668 0.0536 0.0649
2 0.9731 0.9415 0.0523 0.0797
3 0.9736 0.7872 0.0453 0.0679
2 0.5393 0.9082 0.0751 0.0244
3 0.6054 0.6386 0.0519 0.0673
3 0.9210 0.4906 0.0478 0.0638
2 0.2618 0.9128 0.1016 0.0468
3 0.2652 0.6418 0.0964 0.0628
3 0.1693 0.6397 0.0903 0.0648
3 0.0378 0.8527 0.0627 0.0688
3 0.9717 0.2015 0.0472 0.0656
3 0.8046 0.0618 0.0517 0.0690
3 0.9717 0.7140 0.0462 0.0681
3 0.9215 0.6382 0.0486 0.0683
3 0.4044 0.1435 0.0606 0.0661
3 0.4040 0.0756 0.0602 0.0633
2 0.4720 0.0706 0.0667 0.0700
3 0.4673 0.8574 0.0704 0.0704
3 0.5411 0.4952 0.0696 0.0640
3 0.8031 0.4948 0.0552 0.0680
3 0.2633 0.8556 0.0955 0.0658
3 0.9726 0.8595 0.0490 0.0787
3 0.8642 0.4947 0.0639 0.0707
3 0.8634 0.0603 0.0615 0.0762
3 0.1706 0.5683 0.0905 0.0640
3 0.0927 0.7786 0.0414 0.0633
3 0.3452 0.4254 0.0512 0.0672
2 0.0072 0.7477 0.0143 0.0374
3 0.8016 0.9251 0.0529 0.0507
3 0.4014 0.4970 0.0622 0.0702
2 0.6078 0.1424 0.0507 0.0651
3 0.0494 0.4956 0.0521 0.0635
2 0.1064 0.1482 0.0428 0.0661
2 0.6550 0.9259 0.0416 0.0541
3 0.1766 0.2181 0.0904 0.0621
3 0.9207 0.2021 0.0489 0.0646
2 0.5432 0.1423 0.0700 0.0689
3 0.3392 0.7835 0.0503 0.0650
3 0.5387 0.6380 0.0708 0.0686
3 0.8629 0.3464 0.0631 0.0676
3 0.6573 0.2101 0.0430 0.0622
3 0.6078 0.2113 0.0508 0.0626
2 0.0912 0.9147 0.0421 0.0469
3 0.8048 0.5662 0.0557 0.0689
3 0.3983 0.7874 0.0638 0.0673
3 0.4670 0.4979 0.0682 0.0645
3 0.6576 0.4242 0.0433 0.0643
3 0.8629 0.9223 0.0685 0.0525
3 0.6031 0.7121 0.0521 0.0693
2 0.7270 0.9252 0.0941 0.0541
3 0.6071 0.2793 0.0494 0.0649
3 0.9711 0.2712 0.0453 0.0685
2 0.0588 0.0747 0.0481 0.0728
3 0.8634 0.5668 0.0591 0.0686
3 0.5420 0.4243 0.0698 0.0667
3 0.2683 0.4293 0.0977 0.0639
3 0.4664 0.7127 0.0695 0.0676
3 0.6566 0.8587 0.0453 0.0643
3 0.5396 0.7122 0.0717 0.0649
3 0.3420 0.5677 0.0528 0.0714
3 0.8036 0.3478 0.0513 0.0674
3 0.7279 0.8589 0.0950 0.0644
3 0.1663 0.8536 0.0939 0.0641
2 0.9211 0.3425 0.0505 0.0641
3 0.3467 0.2839 0.0528 0.0662
3 0.2707 0.2912 0.0964 0.0595
3 0.7287 0.2106 0.0943 0.0691
3 0.3457 0.4962 0.0513 0.0653
3 0.7286 0.4988 0.0943 0.0685
3 0.2705 0.2200 0.0931 0.0635
3 0.5398 0.5661 0.0711 0.0708
3 0.8040 0.1353 0.0509 0.0712
3 0.2622 0.7857 0.0975 0.0635
3 0.1623 0.9121 0.0906 0.0458
2 0.0108 0.6084 0.0204 0.0373
3 0.8627 0.7085 0.0686 0.0733
2 0.0103 0.5018 0.0204 0.0374
2 0.2732 0.0809 0.0970 0.0675
2 0.0569 0.1477 0.0514 0.0663
3 0.4044 0.2155 0.0613 0.0664
3 0.3415 0.7172 0.0534 0.0717
3 0.0519 0.3575 0.0535 0.0649
3 0.4705 0.2821 0.0695 0.0649
3 0.0422 0.7810 0.0562 0.0666
3 0.5439 0.2786 0.0678 0.0641
3 0.3452 0.3538 0.0510 0.0644
3 0.7280 0.7883 0.0974 0.0670
2 0.6575 0.1359 0.0415 0.0669
3 0.3470 0.2150 0.0504 0.0631
3 0.4668 0.6400 0.0694 0.0693
3 0.0991 0.4956 0.0433 0.0620
2 0.7285 0.3492 0.0934 0.0696
3 0.1014 0.4255 0.0414 0.0618
3 0.0995 0.5645 0.0457 0.0643
3 0.8625 0.2040 0.0619 0.0580
3 0.6567 0.2798 0.0416 0.0604
3 0.1713 0.4982 0.0888 0.0638
2 0.9699 0.1283 0.0455 0.0686
2 0.4649 0.9092 0.0703 0.0244
3 0.8644 0.6365 0.0645 0.0634
3 0.4007 0.6381 0.0598 0.0694
2 0.9718 0.4170 0.0441 0.0721
3 0.6060 0.3485 0.0513 0.0688
3 0.6058 0.4230 0.0507 0.0710
3 0.9200 0.4201 0.0491 0.0707
3 0.6548 0.7861 0.0444 0.0674
3 0.0513 0.4250 0.0539 0.0648
2 0.9211 0.9157 0.0493 0.0300
3 0.4686 0.3512 0.0697 0.0691
3 0.7287 0.4244 0.0952 0.0682
3 0.9200 0.2746 0.0498 0.0672
3 0.7268 0.7137 0.0962 0.0684
2 0.1066 0.0756 0.0436 0.0690
2 0.0064 0.7796 0.0127 0.0374
3 0.4034 0.3529 0.0639 0.0658
3 0.9221 0.7112 0.0486 0.0700
3 0.8023 0.7126 0.0534 0.0716
3 0.5433 0.2120 0.0678 0.0625
2 0.0114 0.4638 0.0204 0.0373
3 0.1041 0.2861 0.0399 0.0625
2 0.2728 0.1491 0.0990 0.0660
3 0.9231 0.7855 0.0493 0.0698
3 0.8052 0.2059 0.0519 0.0657
2 0.5435 0.0715 0.0679 0.0642
3 0.1647 0.7830 0.0931 0.0670
2 0.9705 0.0535 0.0456 0.0698
3 0.6051 0.5663 0.0523 0.0692
3 0.5395 0.7836 0.0726 0.0646
