2 0.1078 0.3344 0.1343 0.1284
2 0.1657 0.4766 0.1400 0.1504
2 0.2001 0.3336 0.1259 0.1355
2 0.5680 0.3343 0.1615 0.1396
2 0.7332 0.3370 0.1773 0.1423
2 0.8803 0.3377 0.1549 0.1463
2 0.7456 0.4915 0.1922 0.1748
2 0.9022 0.4935 0.1706 0.1680
2 0.7676 0.7252 0.2311 0.3008
2 0.5725 0.2013 0.1491 0.1319
2 0.9213 0.7272 0.1574 0.2967
2 0.5696 0.4854 0.1715 0.1707
2 0.1406 0.2125 0.1283 0.1154
2 0.1068 0.6913 0.1613 0.2818
2 0.8533 0.2022 0.1408 0.1301
2 0.5662 0.7116 0.1916 0.2981
2 0.7237 0.2027 0.1615 0.1264
2 0.0188 0.4414 0.0269 0.0855
2 0.0433 0.6893 0.0744 0.2805
2 0.0448 0.3328 0.0793 0.1349
2 0.0718 0.4718 0.1328 0.1561
2 0.0635 0.2151 0.1112 0.1154
2 0.2286 0.2090 0.1098 0.1145
2 0.9686 0.0036 0.0627 0.0071
3 0.3138 0.6981 0.3411 0.2910
3 0.3565 0.4754 0.2695 0.1512
3 0.3744 0.3323 0.2536 0.1284
3 0.3828 0.2063 0.2546 0.1203
