1 0.5483 0.9098 0.0435 0.0893
1 0.7523 0.0861 0.0625 0.0511
1 0.6778 0.1205 0.0365 0.0542
1 0.7119 0.1268 0.0385 0.0492
1 0.7003 0.7835 0.0436 0.0800
1 0.0206 0.1759 0.0329 0.0495
1 0.8148 0.1417 0.0638 0.0451
1 0.8240 0.1905 0.0649 0.0601
1 0.0532 0.1777 0.0367 0.0469
1 0.9400 0.4399 0.0322 0.0457
1 0.8646 0.4886 0.0621 0.0561
1 0.9138 0.4913 0.0348 0.0629
1 0.8055 0.5378 0.0704 0.0574
1 0.6458 0.1146 0.0363 0.0524
1 0.0113 0.2718 0.0226 0.0533
1 0.0392 0.2718 0.0385 0.0538
1 0.8826 0.6083 0.0639 0.0582
1 0.6895 0.2588 0.0361 0.0552
1 0.7404 0.7874 0.0417 0.0828
1 0.0076 0.3208 0.0151 0.0538
1 0.0436 0.4912 0.0431 0.0546
1 0.0863 0.5568 0.0762 0.0636
1 0.0614 0.7539 0.0786 0.0800
1 0.7294 0.7178 0.0472 0.0738
1 0.7725 0.7205 0.0410 0.0693
1 0.7230 0.6482 0.0452 0.0693
1 0.7468 0.4702 0.0380 0.0528
1 0.9067 0.7942 0.0650 0.0777
1 0.9650 0.6152 0.0343 0.0620
1 0.9313 0.6129 0.0323 0.0666
1 0.9569 0.5553 0.0321 0.0611
1 0.9084 0.4414 0.0361 0.0502
1 0.8583 0.4357 0.0691 0.0501
1 0.9713 0.4439 0.0299 0.0504
1 0.7802 0.3161 0.0703 0.0547
1 0.9218 0.1662 0.0292 0.0477
1 0.8454 0.8658 0.0728 0.0765
1 0.5994 0.0596 0.0571 0.0497
1 0.8574 0.1071 0.0381 0.0471
1 0.8895 0.1143 0.0290 0.0493
1 0.8628 0.1527 0.0385 0.0461
1 0.8835 0.2907 0.0402 0.0492
1 0.9270 0.3446 0.0282 0.0502
1 0.9012 0.3863 0.0404 0.0538
1 0.6621 0.3012 0.0345 0.0549
1 0.6179 0.3941 0.0656 0.0558
1 0.6216 0.4497 0.0677 0.0624
1 0.6782 0.5179 0.0341 0.0646
1 0.7083 0.4616 0.0383 0.0550
1 0.6165 0.3429 0.0654 0.0563
1 0.8891 0.6664 0.0643 0.0640
1 0.9068 0.2499 0.0289 0.0513
1 0.8941 0.3370 0.0432 0.0514
1 0.9150 0.2987 0.0276 0.0562
1 0.9366 0.2528 0.0310 0.0493
1 0.9300 0.2083 0.0320 0.0482
1 0.6673 0.4054 0.0368 0.0607
1 0.0088 0.1291 0.0176 0.0469
3 0.5332 0.1496 0.0138 0.0439
1 0.5074 0.9037 0.0396 0.0808
1 0.5582 0.1454 0.0362 0.0518
1 0.6417 0.0691 0.0367 0.0533
3 0.5097 0.1485 0.0085 0.0410
1 0.0771 0.0132 0.0347 0.0264
1 0.0726 0.2755 0.0407 0.0499
1 0.0665 0.0892 0.0362 0.0439
1 0.0160 0.0423 0.0319 0.0404
1 0.6368 0.7030 0.0742 0.0739
1 0.6483 0.8503 0.0761 0.0820
1 0.7972 0.9361 0.0506 0.0805
1 0.0604 0.1319 0.0356 0.0456
1 0.6075 0.1936 0.0603 0.0493
1 0.0297 0.1319 0.0323 0.0482
1 0.0813 0.2278 0.0409 0.0499
1 0.0521 0.4368 0.0444 0.0576
1 0.0593 0.3811 0.0452 0.0572
1 0.8503 0.3796 0.0710 0.0591
1 0.7067 0.8614 0.0441 0.0810
1 0.0206 0.0115 0.0341 0.0230
1 0.7834 0.7934 0.0489 0.0785
1 0.7661 0.6512 0.0358 0.0715
1 0.8761 0.2436 0.0398 0.0481
1 0.9530 0.3523 0.0301 0.0504
1 0.9356 0.3924 0.0340 0.0556
1 0.6138 0.2918 0.0629 0.0554
1 0.8700 0.1960 0.0377 0.0499
1 0.0148 0.2228 0.0295 0.0477
1 0.0732 0.0455 0.0357 0.0417
1 0.0123 0.0844 0.0247 0.0439
1 0.0043 0.1725 0.0085 0.0495
1 0.0865 0.1805 0.0423 0.0464
1 0.0666 0.3269 0.0422 0.0598
1 0.9151 0.1230 0.0285 0.0557
1 0.8400 0.7908 0.0673 0.0796
1 0.7223 0.2148 0.0388 0.0484
1 0.0362 0.5488 0.0443 0.0702
1 0.9443 0.4919 0.0303 0.0633
1 0.9749 0.4988 0.0334 0.0629
1 0.8118 0.5967 0.0766 0.0629
1 0.8763 0.5476 0.0659 0.0572
1 0.7561 0.5894 0.0356 0.0652
1 0.7182 0.5833 0.0416 0.0663
1 0.8992 0.7310 0.0657 0.0692
1 0.0118 0.4881 0.0236 0.0615
1 0.1470 0.6287 0.0764 0.0673
1 0.0310 0.3226 0.0402 0.0572
1 0.7528 0.5242 0.0354 0.0681
1 0.9252 0.5518 0.0399 0.0666
1 0.9859 0.5581 0.0283 0.0624
1 0.9887 0.6135 0.0226 0.0595
1 0.0470 0.2237 0.0395 0.0469
1 0.6038 0.1533 0.0608 0.0554
1 0.4679 0.2730 0.0317 0.0547
1 0.6950 0.3069 0.0390 0.0561
1 0.6995 0.3559 0.0420 0.0578
1 0.5880 0.8427 0.0476 0.0800
1 0.5916 0.9184 0.0482 0.0866
1 0.6335 0.6362 0.0698 0.0709
1 0.5780 0.6306 0.0444 0.0648
1 0.6814 0.5762 0.0384 0.0683
1 0.6312 0.5712 0.0707 0.0764
1 0.5742 0.5049 0.0428 0.0663
1 0.5689 0.3913 0.0395 0.0645
1 0.6099 0.2455 0.0632 0.0607
1 0.4190 0.2674 0.0687 0.0526
2 0.9012 0.9851 0.0241 0.0299
1 0.7282 0.3132 0.0372 0.0569
1 0.9933 0.7322 0.0134 0.0583
1 0.9141 0.9348 0.0604 0.0688
1 0.7738 0.2710 0.0674 0.0600
1 0.8519 0.9396 0.0712 0.0734
1 0.9956 0.9146 0.0089 0.0638
1 0.9572 0.9272 0.0322 0.0689
1 0.9568 0.8598 0.0332 0.0644
1 0.8271 0.7271 0.0767 0.0686
1 0.9476 0.7346 0.0370 0.0632
1 0.3666 0.2522 0.0393 0.0568
1 0.9381 0.6688 0.0429 0.0662
1 0.7982 0.4789 0.0720 0.0631
1 0.7896 0.4232 0.0684 0.0584
1 0.7630 0.1792 0.0639 0.0557
1 0.5320 0.3289 0.0360 0.0562
1 0.7684 0.2249 0.0641 0.0586
1 0.7571 0.1359 0.0634 0.0557
1 0.4954 0.2140 0.0325 0.0704
1 0.6532 0.2067 0.0376 0.0545
1 0.5292 0.2783 0.0336 0.0511
1 0.0035 0.0115 0.0071 0.0230
1 0.0487 0.0123 0.0304 0.0247
1 0.1089 0.0141 0.0382 0.0281
3 0.5308 0.0783 0.0127 0.0929
3 0.5316 0.1211 0.0128 0.0811
3 0.5191 0.1208 0.0110 0.0747
1 0.1546 0.0158 0.0596 0.0316
3 0.5202 0.1486 0.0116 0.0436
1 0.5545 0.0555 0.0342 0.0513
1 0.6741 0.0760 0.0352 0.0554
1 0.7071 0.0824 0.0374 0.0554
1 0.5561 0.1009 0.0351 0.0501
1 0.2529 0.0196 0.0331 0.0393
1 0.6012 0.1066 0.0600 0.0527
1 0.2101 0.0188 0.0598 0.0376
1 0.7159 0.1704 0.0403 0.0545
1 0.6819 0.1647 0.0371 0.0536
1 0.2814 0.0203 0.0308 0.0406
1 0.2792 0.0629 0.0325 0.0421
1 0.5600 0.1911 0.0367 0.0542
1 0.6865 0.2129 0.0373 0.0533
1 0.8084 0.0995 0.0631 0.0603
1 0.8955 0.1624 0.0327 0.0466
1 0.2493 0.0602 0.0352 0.0434
1 0.2057 0.0567 0.0621 0.0408
1 0.9015 0.2044 0.0316 0.0533
1 0.1495 0.0526 0.0614 0.0413
1 0.1042 0.0488 0.0398 0.0413
1 0.8335 0.2810 0.0667 0.0618
1 0.8275 0.2344 0.0653 0.0554
1 0.0433 0.0455 0.0334 0.0409
1 0.2754 0.1059 0.0322 0.0447
1 0.2458 0.1042 0.0345 0.0439
1 0.2020 0.0980 0.0619 0.0478
1 0.1447 0.0950 0.0637 0.0478
1 0.0982 0.0922 0.0426 0.0464
1 0.0366 0.0875 0.0334 0.0464
1 0.2729 0.1521 0.0333 0.0507
1 0.8414 0.3323 0.0675 0.0595
1 0.7861 0.3715 0.0722 0.0654
1 0.2426 0.1486 0.0347 0.0482
1 0.1973 0.1435 0.0637 0.0473
1 0.8194 0.6618 0.0751 0.0709
1 0.1387 0.1390 0.0639 0.0477
1 0.9696 0.6724 0.0354 0.0633
1 0.9912 0.6730 0.0176 0.0603
1 0.9122 0.8634 0.0637 0.0680
1 0.0925 0.1353 0.0432 0.0473
1 0.9543 0.7972 0.0393 0.0632
1 0.9774 0.7337 0.0296 0.0601
1 0.9827 0.7945 0.0279 0.0601
1 0.9961 0.7923 0.0079 0.0547
1 0.9852 0.8551 0.0283 0.0611
1 0.1938 0.1880 0.0665 0.0486
1 0.9822 0.9197 0.0200 0.0698
1 0.1339 0.1846 0.0649 0.0460
1 0.2689 0.1975 0.0340 0.0486
1 0.9283 0.9821 0.0292 0.0359
1 0.9568 0.9768 0.0298 0.0464
1 0.9799 0.9755 0.0198 0.0490
1 0.9952 0.9707 0.0097 0.0586
1 0.2392 0.1927 0.0368 0.0495
2 0.8717 0.9876 0.0365 0.0248
1 0.7235 0.2635 0.0386 0.0586
1 0.2659 0.2471 0.0359 0.0525
1 0.7333 0.3662 0.0365 0.0633
1 0.7408 0.4225 0.0404 0.0570
1 0.6562 0.2536 0.0390 0.0557
1 0.5622 0.2390 0.0381 0.0570
1 0.5648 0.2877 0.0374 0.0557
1 0.2351 0.2432 0.0377 0.0525
1 0.1876 0.2364 0.0665 0.0516
1 0.6636 0.3529 0.0397 0.0552
1 0.5675 0.3381 0.0383 0.0595
1 0.1272 0.2312 0.0667 0.0507
1 0.7015 0.4100 0.0402 0.0649
1 0.5707 0.4478 0.0404 0.0620
1 0.6708 0.4579 0.0415 0.0578
1 0.6276 0.5092 0.0709 0.0729
1 0.7145 0.5203 0.0433 0.0638
1 0.1212 0.2803 0.0690 0.0517
1 0.1825 0.2875 0.0674 0.0516
1 0.5759 0.5654 0.0417 0.0678
1 0.5824 0.6967 0.0449 0.0703
1 0.2307 0.2929 0.0391 0.0538
1 0.6836 0.6410 0.0384 0.0683
1 0.5851 0.7678 0.0476 0.0810
1 0.2611 0.2959 0.0354 0.0546
1 0.6526 0.9232 0.0809 0.0911
1 0.7116 0.9305 0.0501 0.0835
1 0.7548 0.9341 0.0520 0.0835
1 0.7909 0.8683 0.0539 0.0764
1 0.7487 0.8665 0.0463 0.0709
1 0.2576 0.3490 0.0349 0.0568
1 0.2555 0.4049 0.0386 0.0628
1 0.6906 0.7136 0.0384 0.0739
1 0.6442 0.7721 0.0793 0.0876
2 0.5928 0.9765 0.0453 0.0471
2 0.6553 0.9790 0.0792 0.0420
1 0.2497 0.4615 0.0375 0.0615
1 0.2453 0.5217 0.0393 0.0615
1 0.2255 0.3445 0.0402 0.0555
1 0.2209 0.4009 0.0416 0.0589
1 0.1714 0.3944 0.0699 0.0572
1 0.1771 0.3394 0.0708 0.0555
1 0.1659 0.4494 0.0704 0.0589
1 0.1602 0.5073 0.0757 0.0585
1 0.2168 0.4576 0.0412 0.0580
1 0.2113 0.5161 0.0421 0.0589
1 0.1149 0.3314 0.0692 0.0533
1 0.1088 0.3858 0.0699 0.0589
1 0.1012 0.4441 0.0703 0.0551
1 0.0941 0.4985 0.0745 0.0606
1 0.0218 0.3755 0.0435 0.0563
1 0.0173 0.4314 0.0345 0.0546
1 0.4692 0.9013 0.0361 0.0844
1 0.4091 0.8901 0.0854 0.1033
1 0.3430 0.8819 0.0507 0.0966
1 0.2413 0.5812 0.0414 0.0697
1 0.2789 0.8679 0.0764 0.1039
1 0.2371 0.6468 0.0419 0.0692
1 0.2862 0.7200 0.0767 0.0826
1 0.2922 0.5894 0.0744 0.0741
1 0.3006 0.4667 0.0731 0.0644
1 0.3041 0.4069 0.0728 0.0638
1 0.2316 0.7150 0.0423 0.0722
1 0.2069 0.5767 0.0435 0.0675
1 0.3124 0.2462 0.0676 0.0541
1 0.3458 0.7977 0.0533 0.0830
1 0.2010 0.6417 0.0423 0.0675
1 0.3515 0.6552 0.0479 0.0724
1 0.4129 0.8129 0.0809 0.0901
1 0.1953 0.7098 0.0446 0.0688
1 0.4130 0.7458 0.0785 0.0784
1 0.4703 0.8242 0.0365 0.0785
1 0.5071 0.8265 0.0436 0.0800
1 0.5450 0.8318 0.0414 0.0764
1 0.5049 0.7552 0.0403 0.0709
1 0.4689 0.7483 0.0371 0.0734
1 0.1407 0.6989 0.0798 0.0778
1 0.1527 0.5666 0.0768 0.0628
1 0.5412 0.6901 0.0387 0.0663
1 0.5028 0.6222 0.0371 0.0719
1 0.0779 0.6208 0.0770 0.0676
1 0.4124 0.6047 0.0761 0.0845
1 0.3538 0.5933 0.0493 0.0749
1 0.0689 0.6886 0.0812 0.0702
1 0.4691 0.5508 0.0341 0.0648
1 0.5033 0.5544 0.0371 0.0668
1 0.5377 0.5627 0.0365 0.0673
1 0.5016 0.4941 0.0363 0.0577
1 0.4690 0.4916 0.0349 0.0617
1 0.0084 0.5470 0.0167 0.0624
1 0.0244 0.6117 0.0488 0.0650
1 0.3604 0.4144 0.0414 0.0663
1 0.4156 0.4263 0.0728 0.0668
1 0.0204 0.6778 0.0408 0.0702
1 0.4683 0.4314 0.0336 0.0658
1 0.5016 0.4362 0.0357 0.0623
1 0.2261 0.7851 0.0434 0.0836
1 0.4998 0.3790 0.0344 0.0562
1 0.4684 0.3724 0.0317 0.0592
1 0.3641 0.3033 0.0411 0.0668
1 0.4683 0.3190 0.0319 0.0547
1 0.4994 0.3220 0.0325 0.0617
1 0.1881 0.7805 0.0480 0.0784
1 0.1335 0.7684 0.0828 0.0882
1 0.5277 0.2198 0.0322 0.0688
1 0.4978 0.2768 0.0357 0.0592
1 0.4668 0.2122 0.0290 0.0729
1 0.4187 0.2069 0.0661 0.0744
1 0.0144 0.7469 0.0289 0.0733
1 0.0093 0.8181 0.0187 0.0774
1 0.3661 0.1973 0.0387 0.0663
1 0.0496 0.8272 0.0800 0.0893
1 0.1255 0.8429 0.0817 0.0950
1 0.2203 0.8592 0.0406 0.0924
1 0.1810 0.8496 0.0486 0.0847
3 0.0406 0.9190 0.0809 0.1295
3 0.1150 0.9359 0.0867 0.1282
3 0.1741 0.9439 0.0497 0.1122
3 0.2138 0.9498 0.0475 0.1003
3 0.5497 0.9732 0.0428 0.0537
3 0.5090 0.9699 0.0405 0.0601
3 0.4697 0.9669 0.0377 0.0661
3 0.4068 0.9620 0.0885 0.0760
3 0.3398 0.9612 0.0450 0.0775
3 0.2770 0.9535 0.0806 0.0930
1 0.3623 0.3572 0.0403 0.0612
1 0.4190 0.3148 0.0682 0.0549
1 0.5345 0.4415 0.0338 0.0587
1 0.5326 0.3848 0.0355 0.0587
1 0.4178 0.3699 0.0707 0.0612
1 0.3579 0.4696 0.0444 0.0643
1 0.5357 0.4984 0.0357 0.0623
1 0.4161 0.4820 0.0725 0.0678
1 0.3564 0.5281 0.0463 0.0698
1 0.4148 0.5412 0.0734 0.0719
1 0.4692 0.6815 0.0365 0.0714
1 0.4694 0.6133 0.0336 0.0724
1 0.5041 0.6863 0.0376 0.0678
1 0.5401 0.6267 0.0395 0.0709
1 0.4121 0.6757 0.0755 0.0749
1 0.5428 0.7597 0.0409 0.0769
1 0.3502 0.7255 0.0509 0.0714
1 0.2971 0.5275 0.0750 0.0729
1 0.3146 0.1934 0.0666 0.0595
1 0.3065 0.3486 0.0705 0.0516
1 0.3099 0.2970 0.0682 0.0541
1 0.2821 0.7902 0.0731 0.0869
1 0.2902 0.6544 0.0789 0.0765
1 0.9428 0.2999 0.0373 0.0522
1 0.6489 0.1605 0.0371 0.0527
