3 0.4540 0.9654 0.0878 0.0352
3 0.4571 0.8867 0.0878 0.0399
2 0.7066 0.6856 0.1042 0.0374
2 0.1473 0.8059 0.0933 0.0388
2 0.5800 0.6072 0.1398 0.0399
2 0.2384 0.5255 0.0767 0.0390
2 0.1447 0.6474 0.0901 0.0391
2 0.2399 0.4032 0.0766 0.0433
3 0.4556 0.9257 0.0941 0.0386
2 0.4568 0.7656 0.0894 0.0364
2 0.3449 0.5672 0.1297 0.0401
3 0.7915 0.8448 0.0753 0.0355
2 0.7125 0.4846 0.1066 0.0396
3 0.1520 0.8869 0.0870 0.0396
3 0.1540 0.9681 0.0847 0.0368
3 0.3409 0.8858 0.1357 0.0356
3 0.5732 0.9248 0.1373 0.0374
2 0.2405 0.4439 0.0756 0.0411
2 0.4627 0.4843 0.0928 0.0415
2 0.5751 0.7279 0.1355 0.0393
3 0.2351 0.9656 0.0706 0.0362
2 0.1472 0.5655 0.0912 0.0399
3 0.7954 0.9254 0.0734 0.0370
2 0.7027 0.8054 0.1024 0.0382
2 0.7059 0.6468 0.1036 0.0377
2 0.2371 0.6059 0.0722 0.0380
2 0.5847 0.5265 0.1398 0.0413
2 0.3459 0.4857 0.1326 0.0423
2 0.2364 0.6464 0.0714 0.0400
2 0.8006 0.6881 0.0778 0.0401
2 0.5762 0.6877 0.1401 0.0395
2 0.3490 0.4444 0.1291 0.0406
2 0.1476 0.7682 0.0962 0.0363
3 0.6987 0.9651 0.1024 0.0361
3 0.7928 0.8841 0.0802 0.0381
2 0.8112 0.4874 0.0784 0.0395
2 0.8207 0.4018 0.0859 0.0418
2 0.5874 0.4030 0.1418 0.0459
2 0.4650 0.4445 0.0958 0.0400
2 0.1509 0.4045 0.0930 0.0408
2 0.2346 0.8056 0.0725 0.0391
2 0.7975 0.7657 0.0803 0.0368
3 0.1523 0.8480 0.0915 0.0429
2 0.4594 0.6462 0.0927 0.0399
2 0.5791 0.5671 0.1405 0.0424
2 0.3444 0.6068 0.1324 0.0391
2 0.7122 0.5252 0.1060 0.0380
2 0.5783 0.8054 0.1379 0.0383
3 0.5753 0.8458 0.1386 0.0372
3 0.2330 0.9266 0.0737 0.0397
2 0.8092 0.5277 0.0785 0.0386
2 0.3402 0.8061 0.1278 0.0388
2 0.3462 0.5259 0.1346 0.0426
3 0.7024 0.8453 0.0993 0.0341
2 0.1474 0.6068 0.0899 0.0393
2 0.7099 0.5658 0.1078 0.0400
2 0.4562 0.8059 0.0873 0.0381
3 0.5730 0.8853 0.1370 0.0365
2 0.7172 0.4007 0.1113 0.0435
2 0.7071 0.6072 0.1087 0.0377
2 0.4617 0.5259 0.0933 0.0388
2 0.4573 0.7269 0.0868 0.0389
2 0.3406 0.7283 0.1329 0.0401
3 0.1513 0.9264 0.0793 0.0375
3 0.7010 0.8854 0.0982 0.0382
2 0.7977 0.7287 0.0767 0.0386
3 0.7892 0.9660 0.0700 0.0354
2 0.8022 0.6483 0.0788 0.0396
2 0.7023 0.7669 0.1074 0.0376
2 0.5755 0.7670 0.1352 0.0372
3 0.3391 0.9673 0.1266 0.0324
2 0.1484 0.4874 0.0941 0.0383
3 0.3405 0.9265 0.1309 0.0368
2 0.2365 0.5666 0.0718 0.0391
2 0.4594 0.6071 0.0899 0.0399
2 0.7168 0.4428 0.1059 0.0366
2 0.7960 0.8035 0.0741 0.0368
3 0.2318 0.8455 0.0654 0.0372
2 0.8058 0.5679 0.0778 0.0397
2 0.2354 0.7684 0.0724 0.0355
2 0.2393 0.4856 0.0756 0.0408
2 0.3478 0.4033 0.1301 0.0440
3 0.3408 0.8462 0.1332 0.0362
3 0.7005 0.9253 0.1082 0.0374
3 0.4584 0.8451 0.0902 0.0382
2 0.8033 0.6079 0.0761 0.0381
2 0.7035 0.7285 0.1019 0.0353
3 0.5716 0.9636 0.1359 0.0338
2 0.5792 0.6478 0.1398 0.0408
2 0.2365 0.7273 0.0724 0.0384
3 0.2341 0.8863 0.0700 0.0385
2 0.4663 0.4024 0.0942 0.0427
2 0.4615 0.5658 0.0942 0.0405
2 0.4585 0.6866 0.0883 0.0401
2 0.5875 0.4444 0.1397 0.0405
2 0.3428 0.6470 0.1330 0.0409
2 0.5829 0.4857 0.1429 0.0430
2 0.1503 0.4449 0.0938 0.0415
2 0.2369 0.6860 0.0737 0.0395
2 0.8157 0.4450 0.0763 0.0387
2 0.3408 0.6875 0.1333 0.0401
2 0.1441 0.6859 0.0920 0.0390
2 0.1461 0.7270 0.0920 0.0388
2 0.3404 0.7668 0.1275 0.0373
2 0.1465 0.5263 0.0938 0.0392
