2 0.9683 0.5696 0.0635 0.2386
2 0.0809 0.3069 0.0893 0.0976
2 0.1454 0.3012 0.0809 0.0993
2 0.2760 0.2956 0.0843 0.1009
2 0.3455 0.2909 0.0851 0.1009
2 0.4188 0.2854 0.0767 0.1025
2 0.6168 0.2681 0.1121 0.1150
2 0.7150 0.2642 0.0809 0.1072
2 0.1238 0.4012 0.0886 0.1039
2 0.2599 0.3964 0.0877 0.1102
2 0.3366 0.3886 0.0944 0.1102
2 0.4099 0.3886 0.0826 0.1133
2 0.6218 0.3767 0.1239 0.1182
2 0.6265 0.4994 0.1348 0.1308
2 0.4976 0.4994 0.1230 0.1245
2 0.3215 0.5026 0.0994 0.1308
2 0.2435 0.5057 0.0935 0.1213
2 0.1677 0.5081 0.0969 0.1198
2 0.6323 0.6411 0.1400 0.1497
2 0.4942 0.6332 0.1348 0.1465
2 0.3922 0.6340 0.0961 0.1418
2 0.3063 0.6301 0.1062 0.1371
2 0.2233 0.6332 0.1036 0.1371
2 0.1458 0.6316 0.1036 0.1308
2 0.0704 0.6309 0.0961 0.1322
2 0.1945 0.8039 0.1173 0.2134
2 0.2865 0.8086 0.1234 0.2115
2 0.3780 0.8105 0.1102 0.2115
2 0.6414 0.8436 0.1618 0.2625
2 0.7663 0.8379 0.1365 0.2587
2 0.7223 0.3723 0.0950 0.1097
2 0.8047 0.3685 0.0981 0.1173
2 0.7329 0.4950 0.1062 0.1362
2 0.8209 0.4950 0.1021 0.1286
2 0.7476 0.6404 0.1092 0.1550
2 0.8406 0.6386 0.1132 0.1513
2 0.8710 0.8435 0.1355 0.2589
2 0.0514 0.5085 0.0522 0.1201
2 0.8838 0.4819 0.0657 0.2014
2 0.9091 0.6314 0.0758 0.2172
2 0.9495 0.8368 0.1010 0.2974
2 0.9484 0.1666 0.1031 0.3154
2 0.0961 0.5089 0.0986 0.1150
2 0.9318 0.1032 0.1364 0.2065
2 0.7885 0.2571 0.0900 0.1022
2 0.4888 0.8170 0.1456 0.2174
2 0.1121 0.8029 0.1264 0.2077
2 0.4032 0.5018 0.0876 0.1229
2 0.1883 0.3980 0.0911 0.1039
2 0.5026 0.3823 0.1180 0.1165
2 0.5077 0.2783 0.1112 0.1135
2 0.2102 0.2988 0.0859 0.1009
2 0.8687 0.3497 0.0708 0.1826
2 0.8476 0.2301 0.0573 0.1637
2 0.9533 0.3670 0.0935 0.2959
2 0.0648 0.4027 0.0820 0.1007
2 0.0583 0.8039 0.0708 0.2153
