1 0.7702 0.9336 0.0486 0.0266
1 0.3036 0.8528 0.0263 0.0281
1 0.2094 0.7395 0.0551 0.0268
1 0.2639 0.7408 0.0530 0.0255
1 0.1691 0.7395 0.0263 0.0281
1 0.4224 0.8240 0.0285 0.0243
1 0.1626 0.9369 0.0293 0.0262
1 0.8203 0.9056 0.0493 0.0264
1 0.1700 0.6836 0.0254 0.0275
1 0.1293 0.9365 0.0390 0.0255
1 0.9246 0.8036 0.0454 0.0242
1 0.6791 0.8554 0.0270 0.0278
1 0.6197 0.7457 0.0188 0.0234
1 0.6245 0.8804 0.0283 0.0293
1 0.3624 0.6869 0.0310 0.0228
1 0.6787 0.8826 0.0270 0.0278
1 0.3336 0.6850 0.0275 0.0251
1 0.2612 0.8819 0.0551 0.0262
1 0.5457 0.6906 0.0269 0.0273
1 0.6799 0.7998 0.0270 0.0278
1 0.8203 0.8565 0.0497 0.0278
1 0.5146 0.7182 0.0353 0.0267
1 0.8215 0.7818 0.0493 0.0185
3 0.2609 0.9905 0.0560 0.0190
1 0.8902 0.7532 0.0284 0.0255
1 0.8911 0.7038 0.0284 0.0262
1 0.8618 0.7535 0.0293 0.0288
1 0.3888 0.9363 0.0316 0.0275
1 0.4473 0.9638 0.0296 0.0291
1 0.9241 0.8285 0.0428 0.0255
1 0.3895 0.9084 0.0291 0.0236
1 0.3908 0.8805 0.0275 0.0338
1 0.8872 0.8799 0.0284 0.0249
1 0.5953 0.8808 0.0290 0.0278
1 0.2618 0.9660 0.0547 0.0295
1 0.5142 0.7724 0.0353 0.0273
1 0.7083 0.9084 0.0317 0.0243
1 0.4251 0.6868 0.0290 0.0243
1 0.2090 0.7111 0.0577 0.0288
1 0.3618 0.7435 0.0336 0.0267
1 0.6539 0.7220 0.0307 0.0306
1 0.9820 0.8062 0.0229 0.0242
1 0.6812 0.7728 0.0297 0.0302
1 0.7088 0.8291 0.0306 0.0281
1 0.6256 0.7190 0.0284 0.0293
3 0.4179 0.9904 0.0274 0.0190
1 0.0173 0.8501 0.0314 0.0269
1 0.6243 0.9339 0.0282 0.0313
1 0.6248 0.8284 0.0297 0.0296
1 0.0212 0.7379 0.0314 0.0289
1 0.3295 0.8507 0.0270 0.0306
1 0.0235 0.6816 0.0310 0.0289
1 0.2631 0.7677 0.0539 0.0268
1 0.7070 0.9347 0.0330 0.0267
1 0.4478 0.9112 0.0275 0.0259
1 0.4193 0.9092 0.0296 0.0267
1 0.3588 0.9092 0.0316 0.0251
1 0.8588 0.9314 0.0293 0.0266
1 0.3292 0.9084 0.0285 0.0298
1 0.7346 0.9346 0.0241 0.0264
1 0.3590 0.8813 0.0341 0.0338
3 0.3024 0.9905 0.0274 0.0190
1 0.8898 0.7787 0.0267 0.0229
1 0.8913 0.7287 0.0288 0.0209
1 0.7063 0.9611 0.0342 0.0249
1 0.8199 0.9582 0.0509 0.0249
1 0.8889 0.8036 0.0284 0.0255
1 0.8881 0.8540 0.0284 0.0268
1 0.7383 0.7498 0.0250 0.0199
1 0.8870 0.9060 0.0280 0.0275
1 0.8870 0.9561 0.0280 0.0242
3 0.2046 0.9898 0.0560 0.0204
1 0.5711 0.7463 0.0270 0.0278
1 0.5717 0.7190 0.0270 0.0278
1 0.9263 0.7293 0.0437 0.0249
1 0.2650 0.6832 0.0543 0.0268
1 0.8593 0.9571 0.0283 0.0236
3 0.0453 0.9879 0.0250 0.0242
1 0.6767 0.9333 0.0270 0.0278
1 0.9258 0.7552 0.0445 0.0242
1 0.5447 0.7455 0.0262 0.0295
1 0.7708 0.9599 0.0493 0.0272
1 0.0184 0.8213 0.0293 0.0282
1 0.3029 0.8246 0.0276 0.0255
3 0.4781 0.9646 0.0311 0.0306
1 0.3616 0.7698 0.0321 0.0291
1 0.5720 0.6907 0.0270 0.0278
1 0.6825 0.7236 0.0268 0.0296
1 0.3608 0.8216 0.0336 0.0291
1 0.3333 0.7415 0.0245 0.0259
1 0.2592 0.9365 0.0564 0.0281
1 0.3939 0.7451 0.0316 0.0236
3 0.4819 0.7462 0.0305 0.0291
1 0.8218 0.8275 0.0501 0.0284
1 0.2628 0.8227 0.0534 0.0295
1 0.9246 0.7797 0.0454 0.0236
1 0.3923 0.9638 0.0287 0.0291
1 0.3063 0.7140 0.0310 0.0295
1 0.7082 0.8813 0.0304 0.0287
1 0.2631 0.8534 0.0539 0.0308
1 0.4491 0.8550 0.0291 0.0298
1 0.3305 0.8228 0.0291 0.0298
1 0.3067 0.6836 0.0310 0.0275
1 0.4224 0.7989 0.0275 0.0228
1 0.2633 0.7952 0.0517 0.0255
1 0.2096 0.6836 0.0572 0.0288
1 0.2094 0.7664 0.0543 0.0268
1 0.2084 0.7948 0.0572 0.0288
1 0.2058 0.9657 0.0564 0.0288
1 0.7371 0.7738 0.0245 0.0299
1 0.7713 0.9072 0.0499 0.0266
1 0.8629 0.7031 0.0305 0.0249
1 0.2643 0.7120 0.0556 0.0308
1 0.6197 0.7725 0.0190 0.0319
1 0.5704 0.7729 0.0270 0.0278
1 0.3332 0.7136 0.0267 0.0314
1 0.8593 0.9051 0.0284 0.0255
1 0.4228 0.7168 0.0297 0.0361
1 0.0224 0.7107 0.0314 0.0269
1 0.6247 0.9078 0.0284 0.0266
1 0.0214 0.7667 0.0310 0.0302
1 0.0195 0.7948 0.0305 0.0262
1 0.6246 0.8539 0.0297 0.0255
1 0.0165 0.8756 0.0263 0.0295
1 0.0171 0.9054 0.0284 0.0249
1 0.6243 0.9626 0.0270 0.0278
1 0.0171 0.9306 0.0276 0.0256
1 0.0184 0.9581 0.0250 0.0294
1 0.7371 0.8020 0.0233 0.0255
1 0.0430 0.9614 0.0250 0.0281
1 0.0515 0.6810 0.0267 0.0301
1 0.0506 0.7101 0.0284 0.0281
1 0.0508 0.7376 0.0280 0.0268
1 0.0496 0.7647 0.0280 0.0262
1 0.0468 0.7939 0.0284 0.0255
1 0.0464 0.8223 0.0284 0.0275
1 0.0455 0.8508 0.0293 0.0242
1 0.0440 0.8773 0.0314 0.0275
1 0.0432 0.9041 0.0271 0.0288
1 0.0430 0.9329 0.0259 0.0275
1 0.0920 0.6826 0.0560 0.0295
1 0.0913 0.7107 0.0564 0.0295
1 0.0913 0.7376 0.0556 0.0255
1 0.0907 0.7657 0.0551 0.0295
1 0.0896 0.7942 0.0564 0.0275
1 0.0879 0.8217 0.0598 0.0314
1 0.0875 0.8508 0.0581 0.0268
1 0.0852 0.8786 0.0577 0.0249
1 0.0848 0.9081 0.0577 0.0301
1 0.0837 0.9365 0.0581 0.0281
1 0.0837 0.9644 0.0564 0.0315
1 0.1392 0.6826 0.0386 0.0308
1 0.1380 0.7114 0.0386 0.0268
1 0.1378 0.7389 0.0373 0.0281
1 0.1369 0.7670 0.0373 0.0255
1 0.1352 0.7935 0.0390 0.0275
1 0.1348 0.8230 0.0390 0.0249
1 0.1331 0.8511 0.0390 0.0288
1 0.1320 0.8783 0.0394 0.0242
1 0.1314 0.9068 0.0399 0.0301
1 0.1689 0.7101 0.0259 0.0268
1 0.7112 0.7244 0.0315 0.0290
1 0.1683 0.7667 0.0280 0.0262
1 0.1677 0.7945 0.0284 0.0268
1 0.1670 0.8204 0.0280 0.0288
1 0.8235 0.7271 0.0496 0.0262
1 0.5980 0.7180 0.0270 0.0278
1 0.7345 0.9596 0.0231 0.0261
3 0.0200 0.9863 0.0250 0.0273
1 0.1647 0.9653 0.0284 0.0295
1 0.7381 0.6974 0.0242 0.0295
3 0.0839 0.9898 0.0549 0.0204
1 0.7744 0.7265 0.0484 0.0271
1 0.7110 0.6953 0.0323 0.0311
1 0.3945 0.6873 0.0331 0.0236
1 0.5961 0.8548 0.0290 0.0278
1 0.5959 0.9642 0.0290 0.0278
1 0.5953 0.9098 0.0290 0.0278
1 0.6791 0.8276 0.0270 0.0278
1 0.6509 0.9067 0.0270 0.0278
1 0.6509 0.8802 0.0270 0.0278
1 0.6521 0.8252 0.0270 0.0278
1 0.3027 0.9670 0.0263 0.0288
1 0.6783 0.9086 0.0270 0.0278
1 0.5683 0.8820 0.0270 0.0278
1 0.5679 0.9079 0.0270 0.0278
1 0.6497 0.9623 0.0270 0.0278
1 0.5978 0.6904 0.0270 0.0278
1 0.6526 0.7998 0.0270 0.0278
1 0.4511 0.7180 0.0301 0.0306
1 0.5964 0.8012 0.0270 0.0278
1 0.3928 0.7168 0.0306 0.0314
1 0.3610 0.7148 0.0321 0.0322
1 0.4236 0.7447 0.0291 0.0243
1 0.4506 0.7722 0.0280 0.0259
1 0.4241 0.7725 0.0280 0.0283
1 0.3936 0.7710 0.0311 0.0283
1 0.3326 0.7702 0.0240 0.0267
1 0.3928 0.7973 0.0326 0.0228
1 0.5702 0.8005 0.0270 0.0278
1 0.3913 0.8228 0.0336 0.0298
1 0.3898 0.8507 0.0285 0.0275
1 0.4193 0.8821 0.0306 0.0306
1 0.4185 0.8523 0.0301 0.0275
1 0.3292 0.8805 0.0275 0.0306
1 0.4476 0.9367 0.0280 0.0251
1 0.4198 0.9642 0.0265 0.0283
1 0.3577 0.9367 0.0316 0.0267
1 0.7086 0.8562 0.0302 0.0255
1 0.1318 0.9653 0.0382 0.0268
1 0.8235 0.7000 0.0503 0.0283
3 0.1307 0.9892 0.0370 0.0216
1 0.8624 0.7287 0.0314 0.0249
1 0.8614 0.7791 0.0310 0.0236
1 0.8605 0.8039 0.0293 0.0262
1 0.8603 0.8285 0.0280 0.0255
1 0.8599 0.8553 0.0288 0.0255
1 0.8593 0.8799 0.0301 0.0223
1 0.7347 0.9078 0.0262 0.0261
1 0.1668 0.8495 0.0284 0.0295
1 0.8885 0.8291 0.0284 0.0242
1 0.9239 0.8792 0.0433 0.0262
1 0.1643 0.9077 0.0284 0.0268
1 0.1653 0.8786 0.0263 0.0301
1 0.2081 0.8240 0.0560 0.0255
1 0.9263 0.7035 0.0445 0.0242
1 0.2079 0.8521 0.0556 0.0295
1 0.2043 0.9379 0.0602 0.0255
1 0.9218 0.9571 0.0433 0.0236
1 0.9846 0.7064 0.0246 0.0288
1 0.9602 0.7313 0.0225 0.0249
1 0.2056 0.9081 0.0568 0.0301
1 0.9585 0.7814 0.0225 0.0255
1 0.9581 0.8301 0.0225 0.0275
1 0.9568 0.8799 0.0233 0.0236
1 0.9576 0.9034 0.0225 0.0223
1 0.9566 0.9276 0.0195 0.0236
1 0.5453 0.7171 0.0276 0.0278
1 0.3600 0.8499 0.0321 0.0306
1 0.9831 0.7823 0.0242 0.0236
1 0.6823 0.6931 0.0268 0.0296
1 0.2605 0.9091 0.0547 0.0268
1 0.9814 0.8311 0.0242 0.0216
1 0.5445 0.7733 0.0272 0.0267
1 0.5127 0.8532 0.0329 0.0273
1 0.9248 0.8540 0.0433 0.0255
1 0.5429 0.8256 0.0254 0.0289
1 0.9680 0.9522 0.0483 0.0255
1 0.5125 0.8264 0.0332 0.0262
1 0.5679 0.9654 0.0290 0.0278
1 0.8216 0.8025 0.0495 0.0264
1 0.5687 0.8252 0.0270 0.0278
1 0.6752 0.9617 0.0270 0.0278
1 0.5971 0.7715 0.0270 0.0278
1 0.3053 0.7971 0.0288 0.0229
1 0.3061 0.7703 0.0288 0.0268
1 0.5973 0.7463 0.0270 0.0278
1 0.5679 0.9351 0.0290 0.0278
1 0.7748 0.6992 0.0494 0.0278
1 0.5146 0.6909 0.0360 0.0267
1 0.8208 0.8808 0.0488 0.0243
1 0.4486 0.8821 0.0280 0.0275
1 0.5955 0.8260 0.0270 0.0278
1 0.5957 0.9351 0.0290 0.0278
1 0.5139 0.7454 0.0353 0.0278
1 0.6507 0.9333 0.0270 0.0278
1 0.3012 0.9097 0.0276 0.0281
1 0.6254 0.8022 0.0300 0.0275
1 0.3023 0.8812 0.0280 0.0262
1 0.9812 0.8547 0.0254 0.0242
1 0.5412 0.9085 0.0286 0.0227
1 0.5404 0.9640 0.0286 0.0291
1 0.6888 0.7479 0.0137 0.0202
1 0.5407 0.9338 0.0286 0.0304
1 0.5111 0.9360 0.0318 0.0259
1 0.7099 0.8022 0.0304 0.0275
1 0.5421 0.8826 0.0274 0.0291
1 0.5100 0.9635 0.0321 0.0282
1 0.5114 0.9099 0.0347 0.0282
1 0.5423 0.8542 0.0265 0.0268
1 0.5115 0.8815 0.0345 0.0295
1 0.3610 0.7957 0.0291 0.0228
1 0.5137 0.7992 0.0364 0.0273
1 0.9790 0.9257 0.0254 0.0223
1 0.3061 0.7425 0.0297 0.0275
1 0.9795 0.9028 0.0229 0.0223
1 0.9574 0.8556 0.0220 0.0196
1 0.9797 0.8786 0.0242 0.0223
1 0.3323 0.7965 0.0265 0.0275
1 0.7386 0.7252 0.0244 0.0277
1 0.9587 0.8056 0.0212 0.0229
1 0.9598 0.7565 0.0225 0.0255
1 0.9824 0.7565 0.0263 0.0242
1 0.6513 0.8536 0.0270 0.0278
1 0.9827 0.7306 0.0259 0.0262
1 0.3017 0.9379 0.0259 0.0268
1 0.7723 0.8016 0.0493 0.0264
1 0.9593 0.7044 0.0242 0.0262
1 0.9239 0.9044 0.0441 0.0281
1 0.9248 0.9316 0.0449 0.0249
1 0.7361 0.8275 0.0243 0.0296
1 0.7106 0.7735 0.0304 0.0305
1 0.7721 0.8268 0.0490 0.0299
1 0.7712 0.8808 0.0497 0.0290
1 0.7717 0.8556 0.0490 0.0267
1 0.7352 0.8820 0.0245 0.0272
1 0.7359 0.8556 0.0254 0.0260
3 0.1633 0.9896 0.0250 0.0208
1 0.6258 0.6909 0.0300 0.0296
1 0.2074 0.8793 0.0567 0.0262
1 0.4529 0.6875 0.0306 0.0278
1 0.4517 0.7452 0.0312 0.0255
1 0.4508 0.8000 0.0284 0.0267
1 0.4505 0.8260 0.0299 0.0267
3 0.4473 0.9888 0.0286 0.0225
1 0.4204 0.9351 0.0305 0.0267
1 0.3295 0.9363 0.0279 0.0275
1 0.3598 0.9645 0.0357 0.0273
3 0.4822 0.6881 0.0291 0.0275
3 0.4817 0.7165 0.0289 0.0289
3 0.4809 0.7727 0.0317 0.0239
3 0.4804 0.7985 0.0304 0.0283
3 0.4804 0.8265 0.0296 0.0257
3 0.4799 0.8531 0.0316 0.0275
3 0.4783 0.8809 0.0326 0.0283
3 0.4783 0.9104 0.0316 0.0291
3 0.4786 0.9367 0.0321 0.0283
3 0.4773 0.9884 0.0326 0.0232
1 0.5434 0.7993 0.0269 0.0267
1 0.5687 0.8530 0.0270 0.0278
1 0.8870 0.9326 0.0297 0.0242
1 0.6547 0.6928 0.0300 0.0296
1 0.7727 0.7790 0.0478 0.0223
1 0.8196 0.9320 0.0497 0.0270
