3 0.2416 0.4438 0.0286 0.0312
3 0.0988 0.7304 0.0293 0.0322
3 0.3023 0.9629 0.0251 0.0421
3 0.2414 0.8314 0.0326 0.0341
3 0.3901 0.6372 0.0239 0.0289
3 0.6718 0.5537 0.0473 0.0289
3 0.4804 0.9663 0.0309 0.0448
3 0.8137 0.5914 0.0428 0.0277
3 0.4792 0.7682 0.0305 0.0332
1 0.8686 0.7739 0.0226 0.0282
3 0.9831 0.9629 0.0271 0.0382
1 0.9783 0.7485 0.0270 0.0323
3 0.7688 0.6500 0.0428 0.0288
3 0.3610 0.7672 0.0291 0.0320
3 0.1549 0.5049 0.0231 0.0316
3 0.2438 0.8629 0.0278 0.0341
3 0.1808 0.8619 0.0326 0.0341
3 0.8473 0.9601 0.0187 0.0305
3 0.0315 0.5047 0.0300 0.0323
3 0.3616 0.8947 0.0291 0.0320
3 0.4792 0.8000 0.0291 0.0320
3 0.8434 0.4997 0.0187 0.0305
3 0.6755 0.8023 0.0443 0.0279
1 0.9494 0.6541 0.0230 0.0271
3 0.8462 0.7125 0.0187 0.0305
3 0.1310 0.7981 0.0312 0.0305
3 0.4209 0.7027 0.0310 0.0286
3 0.1829 0.8943 0.0326 0.0341
3 0.9753 0.5358 0.0251 0.0272
3 0.3025 0.7332 0.0292 0.0349
3 0.8713 0.9617 0.0273 0.0363
3 0.3902 0.6690 0.0241 0.0291
3 0.8448 0.6511 0.0187 0.0305
3 0.2999 0.8943 0.0290 0.0296
3 0.6227 0.4891 0.0422 0.0280
3 0.9458 0.5044 0.0240 0.0292
3 0.5398 0.8929 0.0299 0.0317
3 0.3899 0.4789 0.0263 0.0302
3 0.4804 0.8314 0.0291 0.0320
3 0.7699 0.8038 0.0426 0.0272
3 0.1289 0.5699 0.0287 0.0303
3 0.1313 0.8616 0.0297 0.0296
1 0.9219 0.6533 0.0244 0.0283
3 0.8996 0.9621 0.0272 0.0363
3 0.0984 0.9267 0.0307 0.0322
3 0.2412 0.6038 0.0303 0.0288
3 0.8444 0.5901 0.0187 0.0305
3 0.0316 0.7986 0.0332 0.0320
3 0.5399 0.9638 0.0263 0.0379
3 0.5641 0.4546 0.0236 0.0312
3 0.6285 0.9302 0.0448 0.0277
1 0.3902 0.5097 0.0250 0.0288
3 0.7218 0.6166 0.0454 0.0304
3 0.4495 0.7672 0.0291 0.0320
3 0.9230 0.7746 0.0240 0.0280
3 0.2131 0.9244 0.0278 0.0341
3 0.0650 0.5043 0.0333 0.0317
1 0.5094 0.7027 0.0291 0.0330
3 0.2721 0.6991 0.0262 0.0292
3 0.1789 0.4426 0.0250 0.0300
3 0.3294 0.7996 0.0311 0.0296
3 0.5858 0.6092 0.0185 0.0307
3 0.3306 0.8952 0.0311 0.0296
3 0.1294 0.7319 0.0293 0.0306
3 0.8925 0.5329 0.0227 0.0285
3 0.6285 0.8361 0.0448 0.0277
3 0.5643 0.4863 0.0238 0.0306
3 0.0661 0.9278 0.0329 0.0321
3 0.8441 0.5599 0.0187 0.0305
3 0.8942 0.6835 0.0240 0.0269
3 0.5879 0.7035 0.0194 0.0306
3 0.5692 0.9630 0.0314 0.0367
3 0.0992 0.6332 0.0289 0.0297
3 0.1567 0.9712 0.0185 0.0567
3 0.6740 0.6481 0.0458 0.0277
3 0.4204 0.6385 0.0285 0.0300
3 0.5365 0.6087 0.0237 0.0289
3 0.6732 0.6163 0.0454 0.0263
3 0.3312 0.9265 0.0311 0.0341
3 0.8673 0.6527 0.0219 0.0275
3 0.2422 0.7346 0.0272 0.0328
3 0.3592 0.4467 0.0276 0.0337
3 0.4180 0.4489 0.0273 0.0292
3 0.9228 0.8044 0.0249 0.0277
3 0.3017 0.9265 0.0311 0.0341
1 0.4497 0.6071 0.0278 0.0299
3 0.0656 0.4380 0.0279 0.0302
3 0.5386 0.7987 0.0227 0.0322
3 0.6727 0.5846 0.0450 0.0286
3 0.5938 0.8601 0.0194 0.0306
3 0.9275 0.8668 0.0276 0.0300
3 0.6283 0.8037 0.0448 0.0277
3 0.9192 0.4752 0.0220 0.0287
3 0.2994 0.8304 0.0290 0.0296
1 0.9787 0.7152 0.0271 0.0288
3 0.5093 0.7677 0.0301 0.0309
3 0.8462 0.7440 0.0187 0.0305
3 0.1814 0.7960 0.0272 0.0320
3 0.2111 0.7318 0.0281 0.0301
3 0.0988 0.9666 0.0294 0.0460
3 0.4508 0.8647 0.0291 0.0320
3 0.3903 0.8318 0.0291 0.0320
3 0.0652 0.9673 0.0335 0.0454
3 0.8462 0.8941 0.0187 0.0305
3 0.8158 0.9592 0.0432 0.0279
3 0.5093 0.7982 0.0299 0.0282
3 0.5085 0.6393 0.0286 0.0288
3 0.8448 0.5292 0.0187 0.0305
3 0.7691 0.7120 0.0438 0.0284
3 0.2721 0.8629 0.0290 0.0296
3 0.8452 0.6208 0.0187 0.0305
3 0.3291 0.8307 0.0311 0.0296
1 0.0982 0.6985 0.0289 0.0323
3 0.2424 0.9656 0.0316 0.0420
3 0.1578 0.8240 0.0213 0.0319
3 0.8965 0.7751 0.0253 0.0275
3 0.5698 0.9256 0.0299 0.0317
1 0.0666 0.7649 0.0345 0.0363
3 0.1558 0.8909 0.0201 0.0332
1 0.2718 0.7996 0.0327 0.0340
3 0.4494 0.7344 0.0292 0.0301
3 0.1562 0.8563 0.0196 0.0317
3 0.6787 0.9683 0.0441 0.0336
3 0.0325 0.8629 0.0332 0.0320
3 0.0993 0.8611 0.0336 0.0353
3 0.4509 0.5752 0.0277 0.0278
3 0.8697 0.8660 0.0272 0.0280
3 0.8636 0.4702 0.0265 0.0293
3 0.1290 0.4405 0.0247 0.0297
3 0.9771 0.6248 0.0240 0.0277
3 0.9848 0.9269 0.0276 0.0300
3 0.2424 0.6991 0.0284 0.0297
3 0.7208 0.5865 0.0460 0.0296
3 0.2103 0.7657 0.0290 0.0319
3 0.0997 0.6666 0.0278 0.0325
3 0.8943 0.6230 0.0228 0.0286
3 0.1790 0.4743 0.0256 0.0300
3 0.0328 0.6014 0.0345 0.0308
3 0.6224 0.4580 0.0416 0.0292
3 0.7235 0.8343 0.0440 0.0271
3 0.4766 0.5130 0.0262 0.0314
3 0.5646 0.5480 0.0216 0.0277
3 0.4171 0.4803 0.0250 0.0298
3 0.4491 0.7995 0.0291 0.0320
3 0.2724 0.8947 0.0290 0.0296
3 0.1300 0.6983 0.0269 0.0307
1 0.0663 0.7297 0.0345 0.0322
3 0.0326 0.9641 0.0320 0.0423
3 0.1298 0.5039 0.0252 0.0290
3 0.4485 0.4489 0.0283 0.0298
1 0.5670 0.7028 0.0235 0.0294
3 0.3321 0.7662 0.0254 0.0332
3 0.1294 0.5370 0.0260 0.0318
3 0.4482 0.5123 0.0280 0.0283
3 0.5854 0.4860 0.0194 0.0306
3 0.8176 0.8979 0.0432 0.0279
3 0.1805 0.6026 0.0279 0.0299
3 0.7680 0.5879 0.0422 0.0284
3 0.0310 0.9275 0.0332 0.0320
3 0.3612 0.5738 0.0285 0.0310
3 0.6761 0.8348 0.0426 0.0281
3 0.2419 0.4762 0.0279 0.0291
3 0.3606 0.9663 0.0309 0.0448
3 0.6709 0.4591 0.0442 0.0324
3 0.9474 0.4760 0.0233 0.0292
3 0.5113 0.9647 0.0288 0.0393
3 0.0654 0.5694 0.0345 0.0308
3 0.8466 0.8045 0.0187 0.0305
3 0.8995 0.8677 0.0276 0.0300
3 0.8953 0.6540 0.0231 0.0302
3 0.3013 0.6379 0.0310 0.0299
2 0.1551 0.5364 0.0228 0.0321
3 0.9467 0.5365 0.0207 0.0261
3 0.2712 0.6351 0.0236 0.0278
3 0.3607 0.7993 0.0291 0.0320
3 0.1554 0.6644 0.0214 0.0322
3 0.4763 0.4501 0.0255 0.0319
1 0.9489 0.6839 0.0224 0.0283
3 0.8473 0.9252 0.0187 0.0305
3 0.5672 0.7330 0.0239 0.0309
1 0.3296 0.5086 0.0256 0.0301
3 0.7665 0.5580 0.0424 0.0278
3 0.0674 0.7976 0.0332 0.0320
3 0.3295 0.4778 0.0247 0.0296
3 0.4499 0.8304 0.0291 0.0320
3 0.2413 0.5074 0.0281 0.0295
3 0.6256 0.6144 0.0451 0.0296
3 0.9196 0.5342 0.0230 0.0289
3 0.0994 0.5370 0.0293 0.0308
3 0.8151 0.6208 0.0437 0.0278
3 0.5082 0.6076 0.0296 0.0304
3 0.9208 0.5944 0.0202 0.0263
3 0.5069 0.4519 0.0291 0.0295
3 0.3017 0.5718 0.0277 0.0310
3 0.7234 0.8666 0.0462 0.0286
3 0.5094 0.8303 0.0280 0.0315
3 0.3625 0.7008 0.0291 0.0287
3 0.8707 0.8947 0.0275 0.0271
3 0.8999 0.9273 0.0276 0.0300
3 0.8681 0.7131 0.0216 0.0273
3 0.1313 0.9650 0.0309 0.0448
3 0.1798 0.5387 0.0280 0.0303
3 0.6229 0.5518 0.0436 0.0288
3 0.2710 0.6041 0.0247 0.0315
3 0.9769 0.6556 0.0267 0.0308
3 0.5352 0.4834 0.0250 0.0287
3 0.0664 0.8940 0.0322 0.0355
1 0.2109 0.6341 0.0281 0.0298
1 0.0998 0.6665 0.0281 0.0326
3 0.6775 0.9303 0.0441 0.0287
3 0.2421 0.5378 0.0294 0.0293
3 0.1811 0.8297 0.0326 0.0341
3 0.3614 0.6066 0.0292 0.0296
1 0.9504 0.7157 0.0234 0.0276
3 0.4503 0.6703 0.0267 0.0291
3 0.1803 0.7336 0.0238 0.0321
3 0.8956 0.7445 0.0239 0.0274
3 0.5917 0.8298 0.0194 0.0306
1 0.4780 0.7011 0.0248 0.0307
3 0.7653 0.4647 0.0436 0.0327
3 0.3322 0.6039 0.0277 0.0298
1 0.3896 0.5736 0.0258 0.0305
3 0.4488 0.5436 0.0281 0.0291
3 0.3029 0.7000 0.0285 0.0302
3 0.9760 0.5072 0.0276 0.0266
3 0.4508 0.9259 0.0291 0.0320
3 0.2723 0.5721 0.0255 0.0295
3 0.8999 0.8962 0.0276 0.0300
1 0.1804 0.6663 0.0256 0.0319
3 0.1549 0.4719 0.0235 0.0316
3 0.9286 0.8970 0.0276 0.0300
3 0.5383 0.7343 0.0233 0.0301
3 0.4207 0.6074 0.0282 0.0295
3 0.4767 0.4822 0.0249 0.0299
3 0.5857 0.6408 0.0194 0.0306
3 0.5646 0.5171 0.0218 0.0283
1 0.2416 0.6368 0.0303 0.0284
3 0.9282 0.9281 0.0276 0.0300
3 0.1318 0.8306 0.0306 0.0342
3 0.1297 0.7653 0.0272 0.0320
3 0.4213 0.6693 0.0286 0.0278
3 0.3316 0.7328 0.0245 0.0301
3 0.7199 0.5237 0.0463 0.0291
3 0.0668 0.6326 0.0345 0.0308
3 0.9521 0.8345 0.0251 0.0287
3 0.9476 0.5962 0.0223 0.0260
3 0.3908 0.7343 0.0257 0.0317
3 0.6741 0.6805 0.0449 0.0295
1 0.4187 0.5434 0.0249 0.0305
3 0.7699 0.7739 0.0453 0.0294
3 0.5853 0.5162 0.0186 0.0305
3 0.8176 0.8348 0.0432 0.0279
1 0.9215 0.6233 0.0246 0.0289
3 0.7245 0.9284 0.0442 0.0270
3 0.5906 0.7992 0.0194 0.0306
3 0.3007 0.4777 0.0276 0.0287
1 0.4488 0.4809 0.0283 0.0308
3 0.6273 0.7389 0.0439 0.0290
3 0.1800 0.6336 0.0261 0.0284
3 0.8654 0.5621 0.0227 0.0285
1 0.4513 0.7015 0.0288 0.0298
3 0.8713 0.9250 0.0275 0.0325
3 0.1551 0.6963 0.0238 0.0323
3 0.9503 0.8047 0.0287 0.0255
3 0.1544 0.4410 0.0235 0.0310
3 0.4207 0.9272 0.0291 0.0320
3 0.4788 0.6697 0.0261 0.0286
3 0.5879 0.7383 0.0194 0.0306
3 0.8678 0.6823 0.0212 0.0268
3 0.5414 0.8609 0.0259 0.0317
3 0.6293 0.8979 0.0448 0.0277
3 0.4795 0.7352 0.0246 0.0312
3 0.1297 0.6659 0.0276 0.0318
3 0.5067 0.5138 0.0285 0.0288
3 0.7723 0.9286 0.0420 0.0265
3 0.7725 0.8979 0.0432 0.0279
3 0.7247 0.9692 0.0451 0.0353
3 0.8469 0.8634 0.0187 0.0305
3 0.6223 0.5187 0.0408 0.0270
3 0.8165 0.9281 0.0432 0.0280
3 0.3900 0.7668 0.0291 0.0320
3 0.4199 0.9658 0.0309 0.0448
3 0.1549 0.6338 0.0231 0.0324
3 0.1793 0.5060 0.0265 0.0300
3 0.3604 0.5108 0.0299 0.0301
2 0.6278 0.9663 0.0448 0.0318
3 0.4192 0.7661 0.0291 0.0320
1 0.3012 0.6687 0.0310 0.0283
3 0.3624 0.7352 0.0304 0.0339
3 0.7205 0.5553 0.0460 0.0297
3 0.3019 0.5407 0.0274 0.0311
3 0.4768 0.5769 0.0229 0.0282
3 0.8940 0.5934 0.0215 0.0285
3 0.0663 0.6008 0.0345 0.0308
3 0.8167 0.7731 0.0432 0.0280
3 0.2100 0.5697 0.0257 0.0314
3 0.9783 0.7763 0.0275 0.0283
3 0.8940 0.5636 0.0221 0.0266
3 0.8134 0.5603 0.0431 0.0276
3 0.8707 0.8348 0.0263 0.0274
3 0.6273 0.6462 0.0468 0.0300
3 0.7238 0.6796 0.0481 0.0279
3 0.6244 0.5840 0.0435 0.0286
3 0.9465 0.5663 0.0202 0.0253
3 0.5107 0.8621 0.0298 0.0270
3 0.1801 0.6981 0.0270 0.0298
3 0.7694 0.6817 0.0425 0.0285
3 0.4768 0.6079 0.0238 0.0295
3 0.4809 0.8642 0.0291 0.0320
3 0.9830 0.8655 0.0276 0.0300
3 0.8922 0.5035 0.0230 0.0291
1 0.3303 0.5722 0.0263 0.0313
3 0.4207 0.8311 0.0291 0.0320
3 0.1002 0.6018 0.0290 0.0310
3 0.8686 0.7741 0.0225 0.0283
3 0.3294 0.8636 0.0311 0.0296
3 0.8153 0.7126 0.0451 0.0278
3 0.2738 0.9668 0.0309 0.0448
1 0.9240 0.7149 0.0227 0.0265
3 0.5077 0.5446 0.0287 0.0277
3 0.0973 0.4732 0.0277 0.0321
1 0.5657 0.6718 0.0228 0.0293
3 0.3008 0.4437 0.0278 0.0295
3 0.2116 0.6989 0.0288 0.0307
3 0.5074 0.5770 0.0272 0.0282
3 0.2104 0.4422 0.0278 0.0288
3 0.5655 0.6411 0.0220 0.0292
3 0.6741 0.7102 0.0450 0.0283
3 0.5387 0.7652 0.0246 0.0301
3 0.5956 0.9601 0.0194 0.0306
1 0.9224 0.6827 0.0237 0.0289
3 0.0995 0.8277 0.0325 0.0327
3 0.3609 0.5423 0.0285 0.0292
3 0.5370 0.7030 0.0243 0.0308
3 0.9841 0.8958 0.0276 0.0300
1 0.9523 0.7467 0.0257 0.0277
3 0.7718 0.8655 0.0442 0.0263
3 0.0656 0.5376 0.0360 0.0323
3 0.9547 0.8659 0.0276 0.0300
3 0.5688 0.8937 0.0299 0.0317
1 0.3889 0.5431 0.0243 0.0298
3 0.3619 0.9258 0.0291 0.0320
3 0.7228 0.8033 0.0456 0.0277
1 0.0318 0.7644 0.0345 0.0357
3 0.3881 0.4477 0.0242 0.0287
3 0.4200 0.7349 0.0305 0.0314
3 0.4787 0.8956 0.0291 0.0320
3 0.6713 0.5222 0.0450 0.0280
1 0.5085 0.6698 0.0285 0.0276
1 0.2728 0.7656 0.0259 0.0323
3 0.2435 0.8954 0.0278 0.0341
3 0.5398 0.8287 0.0241 0.0299
3 0.5866 0.4557 0.0194 0.0306
3 0.5714 0.8304 0.0238 0.0318
3 0.5398 0.9252 0.0299 0.0317
3 0.6275 0.6771 0.0455 0.0297
3 0.4781 0.6389 0.0256 0.0277
3 0.4216 0.8964 0.0291 0.0320
3 0.9201 0.5635 0.0232 0.0282
3 0.5902 0.7676 0.0194 0.0306
1 0.4199 0.5747 0.0280 0.0287
3 0.8954 0.7137 0.0223 0.0277
3 0.2722 0.4443 0.0243 0.0294
3 0.8159 0.6816 0.0457 0.0288
3 0.5861 0.5469 0.0183 0.0313
3 0.3607 0.8619 0.0291 0.0320
3 0.1313 0.8938 0.0299 0.0310
3 0.0315 0.4714 0.0300 0.0323
3 0.8459 0.6826 0.0187 0.0305
3 0.3310 0.7011 0.0244 0.0297
3 0.7198 0.4630 0.0464 0.0305
3 0.3311 0.6364 0.0236 0.0300
3 0.1555 0.7610 0.0215 0.0313
3 0.3900 0.8000 0.0291 0.0320
3 0.8183 0.8037 0.0432 0.0280
3 0.8972 0.8048 0.0248 0.0276
3 0.8469 0.8340 0.0187 0.0305
3 0.8663 0.6222 0.0240 0.0298
1 0.3308 0.5406 0.0265 0.0323
1 0.5077 0.7354 0.0290 0.0290
3 0.0337 0.8957 0.0332 0.0320
3 0.9565 0.9269 0.0276 0.0300
3 0.7686 0.6189 0.0419 0.0268
1 0.4498 0.6384 0.0268 0.0283
3 0.1566 0.9218 0.0201 0.0332
3 0.9272 0.9630 0.0273 0.0363
3 0.2716 0.5397 0.0261 0.0310
1 0.9777 0.6859 0.0274 0.0283
3 0.5652 0.5784 0.0215 0.0290
3 0.2099 0.5067 0.0284 0.0299
3 0.2707 0.4766 0.0246 0.0289
3 0.3004 0.6051 0.0312 0.0296
3 0.8981 0.8355 0.0258 0.0298
3 0.7216 0.6498 0.0454 0.0280
3 0.8661 0.5923 0.0219 0.0277
3 0.8143 0.5293 0.0464 0.0279
3 0.6742 0.7415 0.0445 0.0267
3 0.5659 0.6114 0.0224 0.0290
3 0.7714 0.9650 0.0441 0.0336
1 0.1287 0.6334 0.0290 0.0307
3 0.2134 0.8624 0.0302 0.0307
3 0.2128 0.8912 0.0278 0.0341
3 0.0321 0.5369 0.0300 0.0323
1 0.4767 0.4820 0.0250 0.0296
3 0.3600 0.4790 0.0275 0.0295
1 0.9232 0.7469 0.0209 0.0279
3 0.5372 0.5773 0.0255 0.0285
3 0.8653 0.5024 0.0226 0.0287
3 0.1821 0.9669 0.0324 0.0412
3 0.0320 0.4381 0.0309 0.0329
3 0.6272 0.7092 0.0455 0.0297
3 0.9254 0.8352 0.0276 0.0300
1 0.5356 0.5137 0.0251 0.0292
3 0.7668 0.5269 0.0437 0.0286
3 0.5095 0.8936 0.0299 0.0280
3 0.7220 0.7132 0.0459 0.0271
3 0.2100 0.6028 0.0257 0.0301
1 0.0673 0.6975 0.0345 0.0322
3 0.2421 0.7648 0.0327 0.0340
3 0.7227 0.7428 0.0476 0.0270
3 0.8650 0.5318 0.0230 0.0286
3 0.5874 0.5781 0.0194 0.0306
3 0.3906 0.8650 0.0291 0.0320
3 0.3907 0.7014 0.0244 0.0298
3 0.9496 0.7747 0.0264 0.0289
3 0.1554 0.7923 0.0208 0.0391
3 0.2411 0.8000 0.0250 0.0339
3 0.8155 0.7436 0.0439 0.0278
3 0.5365 0.6717 0.0244 0.0295
3 0.1549 0.5994 0.0228 0.0321
3 0.5694 0.7992 0.0243 0.0296
3 0.1295 0.6014 0.0269 0.0298
3 0.6716 0.4925 0.0451 0.0286
3 0.1001 0.7656 0.0295 0.0327
3 0.9766 0.5968 0.0267 0.0285
3 0.4198 0.8650 0.0291 0.0320
3 0.5691 0.8626 0.0299 0.0317
3 0.3296 0.4444 0.0257 0.0304
3 0.2422 0.5715 0.0273 0.0285
3 0.4189 0.7996 0.0291 0.0320
3 0.4792 0.9279 0.0291 0.0320
3 0.2995 0.7993 0.0259 0.0305
3 0.2099 0.4753 0.0302 0.0344
1 0.2109 0.6670 0.0296 0.0309
3 0.8929 0.4734 0.0216 0.0284
3 0.9798 0.8055 0.0277 0.0290
3 0.5076 0.4830 0.0284 0.0297
3 0.3911 0.9663 0.0309 0.0448
3 0.3311 0.6683 0.0238 0.0296
3 0.7234 0.7728 0.0432 0.0281
3 0.7707 0.7433 0.0440 0.0281
2 0.3322 0.9661 0.0313 0.0401
3 0.5367 0.6401 0.0233 0.0323
3 0.2102 0.5381 0.0294 0.0319
3 0.7250 0.8969 0.0436 0.0265
3 0.1803 0.7632 0.0245 0.0299
3 0.5688 0.7687 0.0257 0.0328
1 0.0323 0.7300 0.0345 0.0322
1 0.2419 0.6675 0.0289 0.0309
3 0.0988 0.5049 0.0302 0.0319
3 0.4180 0.5116 0.0242 0.0277
3 0.5360 0.5454 0.0233 0.0280
3 0.5357 0.4520 0.0258 0.0300
3 0.4495 0.8971 0.0291 0.0320
3 0.1312 0.9256 0.0320 0.0331
3 0.3020 0.7655 0.0303 0.0301
3 0.2103 0.7982 0.0326 0.0313
3 0.8430 0.4690 0.0187 0.0305
3 0.2718 0.8307 0.0290 0.0296
3 0.3011 0.5087 0.0273 0.0293
1 0.9485 0.6251 0.0229 0.0271
3 0.2119 0.8304 0.0326 0.0341
3 0.1557 0.7300 0.0210 0.0339
3 0.6765 0.8990 0.0486 0.0272
1 0.0328 0.6329 0.0345 0.0308
1 0.0323 0.6644 0.0345 0.0308
3 0.5097 0.9258 0.0299 0.0317
3 0.7209 0.4938 0.0471 0.0273
2 0.1546 0.5685 0.0228 0.0321
3 0.6296 0.8672 0.0448 0.0277
3 0.3900 0.6065 0.0250 0.0302
3 0.9186 0.5035 0.0237 0.0282
3 0.9215 0.6234 0.0243 0.0286
3 0.0657 0.8609 0.0306 0.0300
3 0.8176 0.8659 0.0432 0.0280
3 0.8119 0.4677 0.0445 0.0299
3 0.1788 0.5713 0.0270 0.0292
3 0.8455 0.7739 0.0187 0.0305
3 0.3624 0.6379 0.0288 0.0286
3 0.7666 0.4972 0.0431 0.0282
3 0.2709 0.5077 0.0263 0.0302
3 0.1000 0.7973 0.0307 0.0272
3 0.2987 0.8612 0.0290 0.0296
3 0.4766 0.5439 0.0241 0.0299
3 0.6754 0.8674 0.0429 0.0275
3 0.0991 0.8940 0.0307 0.0322
3 0.8695 0.8053 0.0262 0.0274
3 0.8686 0.7440 0.0206 0.0280
3 0.3607 0.8290 0.0291 0.0320
3 0.9761 0.4760 0.0258 0.0286
3 0.0657 0.8302 0.0332 0.0320
3 0.5945 0.9252 0.0194 0.0306
3 0.0658 0.4711 0.0310 0.0317
3 0.2730 0.9261 0.0311 0.0341
3 0.9757 0.5668 0.0263 0.0289
3 0.0991 0.5704 0.0293 0.0308
3 0.1299 0.4721 0.0257 0.0307
1 0.0328 0.6973 0.0345 0.0322
3 0.2123 0.9665 0.0285 0.0417
3 0.3618 0.6694 0.0272 0.0295
3 0.9561 0.8970 0.0276 0.0300
3 0.3918 0.8964 0.0291 0.0320
3 0.2716 0.7320 0.0245 0.0302
3 0.9558 0.9617 0.0273 0.0363
3 0.5870 0.6746 0.0194 0.0306
3 0.9805 0.8354 0.0295 0.0278
3 0.8149 0.6513 0.0429 0.0270
3 0.7695 0.8348 0.0452 0.0273
3 0.0972 0.4416 0.0283 0.0316
3 0.5938 0.8933 0.0194 0.0306
3 0.6753 0.7732 0.0457 0.0263
3 0.3915 0.9272 0.0291 0.0320
3 0.3303 0.5723 0.0263 0.0314
1 0.0678 0.6647 0.0345 0.0308
1 0.2712 0.6675 0.0255 0.0309
3 0.0328 0.8283 0.0332 0.0320
3 0.5356 0.5139 0.0251 0.0293
3 0.4504 0.9658 0.0309 0.0448
3 0.1838 0.9248 0.0326 0.0341
3 0.2439 0.9268 0.0311 0.0341
3 0.0327 0.5690 0.0300 0.0322
3 0.8127 0.4990 0.0460 0.0279
3 0.6276 0.7724 0.0448 0.0284
