3 0.7595 0.7028 0.0721 0.0250
1 0.5701 0.8571 0.0550 0.0242
1 0.4887 0.8866 0.0968 0.0240
1 0.8293 0.9585 0.0692 0.0251
1 0.7554 0.8060 0.0715 0.0256
3 0.3425 0.9645 0.0598 0.0258
1 0.6931 0.7023 0.0551 0.0233
1 0.8308 0.8819 0.0681 0.0232
1 0.3436 0.6275 0.0579 0.0253
1 0.5702 0.7299 0.0567 0.0250
1 0.8278 0.7534 0.0580 0.0242
1 0.3456 0.8348 0.0545 0.0254
1 0.8306 0.5992 0.0665 0.0235
1 0.5713 0.7546 0.0571 0.0247
1 0.2795 0.6801 0.0687 0.0243
1 0.4078 0.9881 0.0590 0.0232
1 0.4893 0.6019 0.0943 0.0243
1 0.6312 0.7036 0.0574 0.0239
1 0.4078 0.8074 0.0658 0.0244
1 0.6302 0.9605 0.0581 0.0255
1 0.4046 0.8608 0.0581 0.0227
1 0.4914 0.6278 0.0960 0.0250
1 0.4875 0.9372 0.0972 0.0238
1 0.6312 0.9874 0.0578 0.0229
3 0.7603 0.9080 0.0618 0.0252
3 0.3420 0.9884 0.0644 0.0195
1 0.6312 0.6774 0.0577 0.0257
3 0.8276 0.9321 0.0687 0.0250
1 0.2049 0.7844 0.0872 0.0239
1 0.6928 0.7283 0.0564 0.0243
3 0.3456 0.7060 0.0518 0.0246
1 0.7582 0.7537 0.0718 0.0245
1 0.4894 0.8605 0.1013 0.0232
1 0.6299 0.8574 0.0574 0.0246
1 0.2030 0.9401 0.0756 0.0232
1 0.4895 0.7316 0.0939 0.0255
1 0.4059 0.8862 0.0630 0.0232
3 0.5678 0.9362 0.0569 0.0245
1 0.7606 0.9329 0.0644 0.0240
1 0.2781 0.6280 0.0676 0.0256
1 0.4102 0.7816 0.0630 0.0238
1 0.4922 0.7821 0.0949 0.0236
1 0.2016 0.6818 0.0793 0.0233
1 0.4074 0.6012 0.0671 0.0237
1 0.2015 0.6550 0.0812 0.0248
1 0.6317 0.6521 0.0608 0.0259
1 0.2830 0.7066 0.0737 0.0250
3 0.6889 0.8328 0.0579 0.0240
1 0.2032 0.8365 0.0787 0.0247
1 0.6317 0.6003 0.0584 0.0241
1 0.4900 0.6791 0.0981 0.0245
1 0.4904 0.9118 0.0965 0.0250
1 0.3429 0.8867 0.0589 0.0259
1 0.4090 0.9120 0.0658 0.0244
1 0.2029 0.9657 0.0748 0.0218
1 0.6294 0.8842 0.0551 0.0236
1 0.8275 0.7809 0.0682 0.0242
1 0.5700 0.8323 0.0563 0.0252
1 0.6317 0.8062 0.0559 0.0250
1 0.8284 0.8312 0.0697 0.0238
3 0.3467 0.7576 0.0607 0.0255
1 0.6302 0.7280 0.0624 0.0237
1 0.5696 0.8849 0.0556 0.0249
1 0.7559 0.7794 0.0730 0.0242
1 0.5700 0.9099 0.0557 0.0241
1 0.2042 0.7331 0.0832 0.0249
1 0.5708 0.7805 0.0570 0.0248
3 0.3438 0.8612 0.0555 0.0257
1 0.5719 0.8070 0.0548 0.0229
3 0.3430 0.6021 0.0610 0.0258
3 0.2008 0.9890 0.0681 0.0206
1 0.4895 0.6536 0.0959 0.0233
1 0.7595 0.6765 0.0686 0.0228
1 0.2000 0.6290 0.0845 0.0254
1 0.7604 0.9856 0.0593 0.0232
1 0.2771 0.9138 0.0684 0.0244
1 0.2039 0.7590 0.0807 0.0230
1 0.2773 0.8863 0.0661 0.0249
1 0.4065 0.8348 0.0641 0.0251
1 0.8276 0.8057 0.0694 0.0236
1 0.6894 0.8065 0.0568 0.0235
1 0.7582 0.8561 0.0686 0.0256
1 0.5697 0.7051 0.0580 0.0231
1 0.6315 0.7804 0.0569 0.0238
1 0.6902 0.7800 0.0575 0.0248
1 0.8305 0.6263 0.0693 0.0258
1 0.6917 0.6775 0.0609 0.0233
1 0.2037 0.8114 0.0796 0.0236
1 0.5704 0.6784 0.0561 0.0252
3 0.5687 0.9883 0.0580 0.0235
1 0.6960 0.6006 0.0615 0.0229
3 0.3432 0.9132 0.0562 0.0254
1 0.7563 0.8314 0.0719 0.0232
1 0.5706 0.6271 0.0583 0.0255
1 0.2023 0.8881 0.0775 0.0249
1 0.6298 0.9094 0.0585 0.0234
1 0.8241 0.9848 0.0615 0.0232
1 0.2027 0.9141 0.0789 0.0233
1 0.2786 0.8614 0.0683 0.0250
1 0.6333 0.6254 0.0573 0.0244
1 0.4063 0.9635 0.0630 0.0226
1 0.4892 0.8342 0.1003 0.0233
1 0.4074 0.9377 0.0577 0.0243
1 0.2038 0.7073 0.0818 0.0249
1 0.4069 0.6259 0.0666 0.0239
3 0.3466 0.8094 0.0513 0.0265
1 0.2782 0.6029 0.0667 0.0259
2 0.6947 0.9601 0.0599 0.0260
1 0.2008 0.6016 0.0828 0.0243
1 0.6944 0.6505 0.0571 0.0263
1 0.6302 0.8315 0.0564 0.0238
1 0.6959 0.6250 0.0587 0.0223
1 0.5673 0.9611 0.0584 0.0247
1 0.4060 0.7316 0.0654 0.0246
1 0.2021 0.8623 0.0790 0.0245
1 0.2745 0.9643 0.0652 0.0236
1 0.8297 0.8555 0.0663 0.0245
1 0.8316 0.6507 0.0716 0.0252
1 0.8297 0.6772 0.0703 0.0263
1 0.2825 0.7832 0.0656 0.0233
1 0.2734 0.9895 0.0694 0.0211
1 0.4086 0.7557 0.0591 0.0249
3 0.6924 0.9340 0.0637 0.0244
1 0.4907 0.7568 0.0979 0.0241
1 0.6287 0.9329 0.0560 0.0240
1 0.2809 0.8097 0.0660 0.0243
3 0.6901 0.8584 0.0589 0.0254
1 0.7575 0.7269 0.0706 0.0246
1 0.6293 0.7545 0.0580 0.0251
1 0.2812 0.7334 0.0657 0.0234
1 0.6932 0.9083 0.0589 0.0241
1 0.7607 0.9581 0.0600 0.0256
1 0.2766 0.9395 0.0688 0.0234
1 0.4894 0.7047 0.0968 0.0252
1 0.7613 0.6005 0.0632 0.0246
1 0.4901 0.8081 0.0991 0.0247
1 0.8295 0.7268 0.0661 0.0234
1 0.4072 0.7052 0.0630 0.0252
1 0.7600 0.6517 0.0672 0.0255
1 0.3434 0.6793 0.0571 0.0248
1 0.5697 0.6008 0.0582 0.0247
1 0.2798 0.6543 0.0680 0.0228
1 0.2808 0.7584 0.0661 0.0248
1 0.7612 0.6258 0.0672 0.0239
1 0.7595 0.8829 0.0687 0.0238
1 0.3457 0.7816 0.0552 0.0252
1 0.3444 0.9375 0.0577 0.0243
1 0.3435 0.6550 0.0567 0.0259
3 0.6933 0.9856 0.0618 0.0262
1 0.4060 0.6795 0.0667 0.0235
3 0.3453 0.7333 0.0551 0.0251
1 0.2798 0.8354 0.0679 0.0243
1 0.8298 0.7030 0.0675 0.0255
1 0.8287 0.9068 0.0691 0.0235
1 0.4874 0.9631 0.0962 0.0231
1 0.4052 0.6529 0.0653 0.0250
1 0.5702 0.6505 0.0581 0.0254
3 0.4880 0.9878 0.0917 0.0216
3 0.6898 0.7545 0.0590 0.0257
1 0.6925 0.8824 0.0554 0.0244
