1 0.4764 0.4668 0.1006 0.0459
1 0.5917 0.6650 0.1068 0.0559
1 0.1742 0.4381 0.0530 0.0484
1 0.9630 0.4640 0.0673 0.0630
1 0.6559 0.3050 0.0466 0.0480
1 0.9693 0.6485 0.0580 0.0593
3 0.5750 0.3170 0.1137 0.0510
3 0.0175 0.6933 0.0351 0.0498
1 0.1839 0.6312 0.0471 0.0486
3 0.5692 0.2677 0.1108 0.0523
2 0.3323 0.2284 0.0556 0.0535
1 0.7089 0.1545 0.0594 0.0477
1 0.1915 0.8246 0.0519 0.0507
1 0.8795 0.3403 0.0659 0.0491
1 0.4814 0.5668 0.0996 0.0461
3 0.8685 0.1931 0.0782 0.0500
1 0.2237 0.4326 0.0436 0.0459
1 0.2909 0.6749 0.0546 0.0446
3 0.7917 0.2491 0.0872 0.0566
1 0.3438 0.4757 0.0583 0.0484
3 0.3884 0.2749 0.0510 0.0501
1 0.7193 0.3518 0.0599 0.0487
1 0.2329 0.5789 0.0482 0.0468
1 0.7364 0.5989 0.0660 0.0466
1 0.0931 0.8333 0.0974 0.0518
3 0.4645 0.2698 0.0971 0.0506
1 0.2872 0.5776 0.0527 0.0472
1 0.6849 0.8553 0.0468 0.0525
3 0.7951 0.3002 0.0851 0.0516
1 0.3411 0.4263 0.0578 0.0466
3 0.6052 0.8626 0.1128 0.0468
1 0.1841 0.6798 0.0498 0.0468
1 0.3950 0.4221 0.0435 0.0459
1 0.7430 0.7488 0.0670 0.0448
1 0.3021 0.8711 0.0596 0.0515
1 0.8817 0.3897 0.0656 0.0486
2 0.3271 0.1776 0.0555 0.0535
3 0.7865 0.0957 0.0872 0.0494
1 0.2231 0.3847 0.0433 0.0433
3 0.5651 0.2183 0.1104 0.0486
3 0.0147 0.5954 0.0273 0.0481
1 0.4911 0.7619 0.0994 0.0452
1 0.6446 0.1073 0.0452 0.0458
3 0.0755 0.3960 0.1068 0.0514
1 0.8928 0.5380 0.0689 0.0466
2 0.2291 0.5325 0.0526 0.0535
1 0.0826 0.5907 0.0942 0.0452
1 0.6816 0.8018 0.0493 0.0478
1 0.6537 0.2551 0.0461 0.0483
2 0.3256 0.1305 0.0555 0.0535
1 0.0758 0.4938 0.0961 0.0503
1 0.4876 0.7159 0.1006 0.0485
3 0.7212 0.9141 0.1210 0.0649
1 0.1686 0.3888 0.0576 0.0528
1 0.8166 0.6437 0.0713 0.0538
1 0.6653 0.5029 0.0471 0.0464
1 0.2776 0.3814 0.0507 0.0452
1 0.8278 0.7447 0.0797 0.0520
1 0.9499 0.2741 0.0685 0.0619
1 0.9008 0.6918 0.0747 0.0516
3 0.7939 0.1994 0.0872 0.0494
1 0.7375 0.6510 0.0646 0.0473
2 0.3345 0.3299 0.0556 0.0535
3 0.4575 0.1756 0.0988 0.0538
1 0.3495 0.6236 0.0618 0.0459
1 0.2823 0.4785 0.0523 0.0448
2 0.0981 0.8823 0.0974 0.0446
3 0.2153 0.9397 0.2400 0.0777
1 0.0832 0.6385 0.0960 0.0489
1 0.8949 0.5905 0.0726 0.0513
1 0.8118 0.5475 0.0728 0.0461
3 0.8031 0.3480 0.0749 0.0465
3 0.3818 0.1764 0.0497 0.0502
1 0.7178 0.3024 0.0574 0.0458
1 0.7142 0.2524 0.0561 0.0474
1 0.6632 0.4532 0.0471 0.0442
1 0.6496 0.2057 0.0462 0.0458
1 0.3588 0.8214 0.0611 0.0477
1 0.8085 0.4981 0.0715 0.0503
3 0.4613 0.2256 0.0964 0.0491
1 0.2966 0.7735 0.0522 0.0482
2 0.8143 0.9127 0.0629 0.0612
1 0.9857 0.0872 0.0285 0.0626
1 0.9473 0.2128 0.0790 0.0647
1 0.6579 0.3537 0.0484 0.0480
1 0.7438 0.8013 0.0687 0.0473
1 0.9063 0.7434 0.0747 0.0516
1 0.3476 0.5748 0.0637 0.0507
1 0.7445 0.8521 0.0654 0.0478
1 0.9089 0.7926 0.0747 0.0516
1 0.8994 0.6455 0.0731 0.0503
1 0.5989 0.8105 0.1075 0.0523
2 0.4960 0.8575 0.1002 0.0350
2 0.4582 0.9287 0.2451 0.0703
1 0.9436 0.1512 0.0687 0.0602
1 0.8169 0.5965 0.0762 0.0470
1 0.9664 0.5232 0.0671 0.0544
2 0.8238 0.8457 0.0789 0.0470
1 0.5881 0.6091 0.1037 0.0497
1 0.0847 0.6853 0.0947 0.0499
1 0.5826 0.4619 0.1045 0.0479
1 0.0142 0.5920 0.0284 0.0503
1 0.2444 0.7748 0.0474 0.0466
1 0.3468 0.5276 0.0613 0.0493
3 0.5646 0.1651 0.1093 0.0528
1 0.4160 0.8157 0.0479 0.0481
1 0.4181 0.8635 0.0522 0.0463
1 0.2886 0.6280 0.0539 0.0492
1 0.1734 0.4852 0.0541 0.0476
1 0.8200 0.6952 0.0775 0.0444
1 0.1916 0.7769 0.0475 0.0477
1 0.4136 0.7643 0.0472 0.0473
1 0.0885 0.7363 0.1005 0.0475
1 0.1807 0.5800 0.0492 0.0473
1 0.9312 0.0306 0.0669 0.0530
3 0.3772 0.1254 0.0497 0.0502
1 0.6698 0.6020 0.0456 0.0446
1 0.1907 0.8771 0.0580 0.0493
1 0.2429 0.8224 0.0449 0.0467
1 0.9691 0.7117 0.0542 0.0548
3 0.8740 0.2420 0.0692 0.0469
1 0.8851 0.4389 0.0724 0.0463
1 0.4046 0.5681 0.0457 0.0473
1 0.5939 0.7086 0.1028 0.0425
1 0.9887 0.1487 0.0226 0.0626
1 0.2271 0.4819 0.0489 0.0467
1 0.0152 0.6420 0.0303 0.0495
1 0.7384 0.7011 0.0635 0.0470
1 0.0916 0.7834 0.0990 0.0477
2 0.3330 0.2763 0.0555 0.0535
1 0.4745 0.4198 0.0985 0.0493
1 0.7121 0.2029 0.0573 0.0503
1 0.4835 0.6126 0.1042 0.0474
1 0.3531 0.6750 0.0582 0.0521
3 0.0480 0.9442 0.0953 0.0644
3 0.7894 0.1486 0.0872 0.0494
1 0.8072 0.3956 0.0829 0.0477
1 0.9543 0.3359 0.0717 0.0555
1 0.8878 0.4928 0.0725 0.0488
3 0.0222 0.8770 0.0414 0.0332
1 0.7246 0.4026 0.0643 0.0502
1 0.6756 0.7030 0.0472 0.0456
2 0.8993 0.8426 0.0671 0.0469
1 0.2793 0.4303 0.0535 0.0473
1 0.1877 0.7275 0.0490 0.0506
1 0.4032 0.5201 0.0456 0.0482
1 0.3557 0.7210 0.0596 0.0453
1 0.4050 0.6172 0.0454 0.0478
1 0.4858 0.6630 0.1016 0.0484
2 0.0775 0.5427 0.0915 0.0575
1 0.9712 0.7736 0.0500 0.0608
1 0.4102 0.7170 0.0471 0.0479
3 0.8614 0.0921 0.0742 0.0563
1 0.2384 0.6766 0.0472 0.0464
1 0.3913 0.3726 0.0465 0.0467
1 0.3991 0.4699 0.0464 0.0479
1 0.5968 0.7574 0.1083 0.0506
1 0.4081 0.6666 0.0466 0.0459
3 0.3885 0.3253 0.0506 0.0508
1 0.3571 0.7705 0.0600 0.0497
1 0.5884 0.5574 0.1079 0.0461
1 0.0138 0.5441 0.0277 0.0519
1 0.5788 0.4123 0.1055 0.0468
3 0.4664 0.3232 0.0977 0.0525
1 0.9564 0.3976 0.0779 0.0605
1 0.2983 0.8226 0.0612 0.0454
3 0.6166 0.9207 0.0825 0.0584
1 0.0122 0.4940 0.0244 0.0492
1 0.0108 0.3994 0.0204 0.0492
1 0.4787 0.5179 0.0967 0.0492
1 0.0209 0.8334 0.0417 0.0426
1 0.4950 0.8120 0.1002 0.0545
1 0.3632 0.8709 0.0611 0.0477
1 0.4708 0.3718 0.0983 0.0486
3 0.4569 0.1211 0.0988 0.0538
1 0.6731 0.6514 0.0460 0.0456
1 0.0118 0.4496 0.0235 0.0492
1 0.9375 0.0905 0.0705 0.0570
1 0.0759 0.4423 0.1038 0.0477
1 0.0192 0.7886 0.0384 0.0453
1 0.9747 0.9062 0.0507 0.0647
1 0.6599 0.4038 0.0465 0.0480
1 0.0167 0.7394 0.0334 0.0461
1 0.6467 0.1566 0.0479 0.0465
3 0.8659 0.1462 0.0715 0.0504
1 0.6790 0.7498 0.0452 0.0425
1 0.8075 0.4470 0.0757 0.0460
1 0.7313 0.5510 0.0643 0.0484
1 0.2965 0.7222 0.0545 0.0476
1 0.7278 0.4507 0.0695 0.0490
1 0.9740 0.8359 0.0510 0.0557
1 0.1759 0.5339 0.0509 0.0463
1 0.2834 0.5275 0.0580 0.0473
1 0.9652 0.5844 0.0598 0.0575
1 0.7065 0.1011 0.0646 0.0514
1 0.8258 0.7983 0.0797 0.0520
1 0.2465 0.8743 0.0429 0.0516
1 0.2425 0.7243 0.0454 0.0470
3 0.3862 0.2267 0.0503 0.0516
1 0.2326 0.6277 0.0471 0.0486
1 0.5855 0.5110 0.1080 0.0480
1 0.8770 0.2927 0.0710 0.0526
1 0.5786 0.3635 0.1067 0.0444
3 0.5614 0.1162 0.1078 0.0532
1 0.7288 0.4994 0.0635 0.0486
1 0.9842 0.0287 0.0316 0.0574
1 0.6678 0.5524 0.0485 0.0462
1 0.3389 0.3783 0.0551 0.0459
3 0.8780 0.9098 0.0606 0.0618
