2 0.8176 0.6221 0.0260 0.0635
2 0.8538 0.6221 0.0447 0.0653
2 0.9744 0.6261 0.0372 0.0626
2 0.9319 0.6230 0.0453 0.0600
2 0.9757 0.6998 0.0347 0.0759
2 0.8946 0.7791 0.0342 0.0759
2 0.9353 0.7787 0.0445 0.0715
2 0.7414 0.6349 0.0212 0.0732
2 0.7058 0.6561 0.0065 0.0538
2 0.3028 0.8985 0.0262 0.1000
2 0.2690 0.8989 0.0377 0.0963
2 0.2249 0.9000 0.0481 0.0985
2 0.1419 0.9040 0.0434 0.0993
2 0.0959 0.9073 0.0450 0.0970
2 0.4187 0.6343 0.0106 0.0346
2 0.4975 0.5934 0.0159 0.0325
2 0.4973 0.5582 0.0164 0.0319
2 0.4971 0.5224 0.0162 0.0346
2 0.5997 0.5902 0.0120 0.0331
2 0.6129 0.5910 0.0125 0.0334
2 0.5996 0.5189 0.0118 0.0334
2 0.3208 0.7934 0.0113 0.0780
2 0.3525 0.7868 0.0055 0.0613
2 0.3595 0.7802 0.0074 0.0490
2 0.4655 0.8037 0.0116 0.0184
2 0.4782 0.8050 0.0119 0.0199
2 0.4950 0.8027 0.0191 0.0204
2 0.5716 0.7992 0.0221 0.0170
3 0.3366 0.6954 0.0051 0.0425
3 0.3601 0.6639 0.0099 0.0408
3 0.3597 0.7041 0.0099 0.0413
3 0.3676 0.6692 0.0044 0.0345
3 0.3752 0.5996 0.0086 0.0370
3 0.3755 0.5645 0.0088 0.0323
3 0.3759 0.5309 0.0090 0.0332
3 0.3897 0.6711 0.0204 0.0319
3 0.4064 0.7064 0.0111 0.0322
3 0.4185 0.6692 0.0116 0.0340
3 0.4351 0.6682 0.0208 0.0337
3 0.4182 0.7054 0.0115 0.0337
3 0.4351 0.7043 0.0207 0.0340
3 0.3753 0.7397 0.0083 0.0290
3 0.4977 0.6647 0.0173 0.0319
3 0.4646 0.7396 0.0125 0.0328
3 0.4800 0.7385 0.0174 0.0325
3 0.4648 0.7752 0.0125 0.0331
3 0.4802 0.7752 0.0169 0.0325
3 0.5127 0.5225 0.0138 0.0315
3 0.5131 0.5561 0.0144 0.0337
3 0.5274 0.5565 0.0142 0.0355
3 0.5136 0.6633 0.0142 0.0358
3 0.5132 0.5925 0.0142 0.0355
3 0.5136 0.6275 0.0148 0.0344
3 0.5274 0.5918 0.0136 0.0369
3 0.5139 0.7003 0.0141 0.0361
3 0.5139 0.7372 0.0141 0.0361
3 0.5285 0.7728 0.0149 0.0323
3 0.5137 0.7732 0.0144 0.0316
3 0.5139 0.8117 0.0149 0.0390
3 0.5882 0.6270 0.0106 0.0319
3 0.6129 0.6269 0.0127 0.0334
3 0.6284 0.6267 0.0167 0.0319
3 0.6282 0.6620 0.0164 0.0358
3 0.5713 0.7718 0.0222 0.0319
3 0.5884 0.7354 0.0108 0.0331
3 0.6003 0.7347 0.0128 0.0322
3 0.5883 0.7712 0.0108 0.0337
3 0.6005 0.7698 0.0126 0.0334
3 0.6134 0.7697 0.0133 0.0337
3 0.6134 0.7340 0.0132 0.0331
3 0.6134 0.6985 0.0129 0.0331
3 0.6287 0.7345 0.0163 0.0337
3 0.6288 0.7693 0.0171 0.0352
3 0.6927 0.7682 0.0202 0.0325
3 0.6930 0.7319 0.0202 0.0355
2 0.6924 0.5204 0.0223 0.0343
3 0.6923 0.6963 0.0201 0.0366
3 0.6921 0.6600 0.0203 0.0337
3 0.6918 0.6259 0.0193 0.0322
3 0.6755 0.7687 0.0141 0.0353
3 0.6751 0.7317 0.0139 0.0361
3 0.6614 0.7314 0.0141 0.0374
3 0.6612 0.6955 0.0139 0.0362
3 0.6750 0.6955 0.0143 0.0362
3 0.6748 0.6591 0.0141 0.0357
3 0.6610 0.6591 0.0137 0.0366
3 0.6610 0.6240 0.0141 0.0345
3 0.6750 0.6238 0.0141 0.0349
3 0.6608 0.5900 0.0143 0.0345
3 0.6744 0.5902 0.0141 0.0349
3 0.6748 0.5557 0.0143 0.0349
3 0.6608 0.5549 0.0132 0.0366
3 0.6609 0.5200 0.0137 0.0349
3 0.6743 0.5196 0.0136 0.0357
2 0.6928 0.5551 0.0221 0.0327
2 0.6928 0.5904 0.0216 0.0345
2 0.3601 0.6277 0.0091 0.0411
2 0.3602 0.5842 0.0091 0.0411
2 0.3600 0.5412 0.0091 0.0411
2 0.3596 0.4992 0.0091 0.0411
2 0.3529 0.5861 0.0048 0.0411
2 0.3530 0.5434 0.0048 0.0465
2 0.3527 0.4960 0.0048 0.0464
2 0.7878 0.6226 0.0334 0.0750
2 0.8931 0.6234 0.0306 0.0679
2 0.9354 0.6995 0.0448 0.0859
2 0.8944 0.6982 0.0359 0.0816
2 0.8543 0.6948 0.0437 0.0752
2 0.8184 0.6931 0.0276 0.0711
2 0.7883 0.6959 0.0325 0.0610
2 0.7884 0.7750 0.0328 0.0929
2 0.8176 0.7760 0.0283 0.0904
2 0.8543 0.7761 0.0442 0.0839
2 0.9756 0.7769 0.0345 0.0768
2 0.9763 0.8627 0.0340 0.0953
2 0.9362 0.8640 0.0466 0.0981
2 0.8956 0.8689 0.0336 0.0985
2 0.8557 0.8712 0.0460 0.0993
2 0.8199 0.8756 0.0258 0.1050
2 0.7917 0.8783 0.0312 0.1051
2 0.7620 0.6279 0.0179 0.0768
2 0.7260 0.6446 0.0110 0.0644
2 0.7150 0.6499 0.0098 0.0591
2 0.7064 0.7082 0.0059 0.0502
2 0.7149 0.7097 0.0094 0.0612
2 0.7261 0.7109 0.0113 0.0663
2 0.7432 0.7069 0.0211 0.0743
2 0.7629 0.7061 0.0165 0.0727
2 0.7627 0.7799 0.0171 0.0702
2 0.7158 0.7726 0.0099 0.0754
2 0.7074 0.7717 0.0075 0.0717
2 0.7432 0.7799 0.0217 0.0651
2 0.7268 0.7797 0.0111 0.0645
2 0.7590 0.8835 0.0322 0.0932
2 0.7176 0.8901 0.0511 0.0947
2 0.6655 0.8966 0.0523 0.1052
2 0.6121 0.8993 0.0544 0.1072
2 0.5578 0.9014 0.0540 0.1013
2 0.5037 0.9027 0.0529 0.1059
2 0.4616 0.9051 0.0328 0.1060
2 0.4100 0.9061 0.0714 0.1093
2 0.3509 0.9091 0.0468 0.1063
2 0.1838 0.9025 0.0336 0.1023
2 0.3160 0.7365 0.0204 0.0385
2 0.2959 0.7386 0.0191 0.0408
2 0.2776 0.7407 0.0173 0.0426
2 0.3301 0.7369 0.0073 0.0349
2 0.3362 0.7364 0.0046 0.0350
2 0.2960 0.6025 0.0188 0.0441
2 0.3161 0.6040 0.0202 0.0440
2 0.3158 0.5584 0.0208 0.0414
2 0.3157 0.5151 0.0201 0.0425
2 0.3160 0.4719 0.0202 0.0433
2 0.2968 0.4711 0.0183 0.0384
2 0.2964 0.5150 0.0174 0.0446
2 0.2963 0.5588 0.0182 0.0414
2 0.2785 0.6058 0.0160 0.0436
2 0.2785 0.5612 0.0166 0.0429
2 0.2791 0.5167 0.0163 0.0420
2 0.2793 0.4729 0.0163 0.0409
2 0.3902 0.6347 0.0210 0.0373
2 0.4071 0.6333 0.0123 0.0360
2 0.4350 0.6328 0.0213 0.0324
2 0.4514 0.6327 0.0107 0.0337
2 0.4636 0.6316 0.0131 0.0345
2 0.4796 0.6310 0.0188 0.0378
2 0.4977 0.6290 0.0162 0.0358
2 0.4797 0.5234 0.0183 0.0314
2 0.4799 0.5572 0.0179 0.0359
2 0.4802 0.5935 0.0179 0.0347
2 0.4640 0.5971 0.0131 0.0351
2 0.4642 0.5602 0.0128 0.0375
2 0.4641 0.5248 0.0127 0.0306
2 0.4514 0.5589 0.0117 0.0358
2 0.4509 0.5968 0.0114 0.0339
2 0.4510 0.5258 0.0113 0.0343
2 0.4346 0.5258 0.0218 0.0313
2 0.4347 0.5619 0.0214 0.0369
2 0.4350 0.5982 0.0216 0.0350
2 0.4179 0.5291 0.0116 0.0345
2 0.4182 0.5641 0.0119 0.0336
2 0.4185 0.5989 0.0109 0.0317
2 0.4062 0.5987 0.0119 0.0319
2 0.3905 0.6001 0.0203 0.0298
2 0.3899 0.5659 0.0200 0.0347
2 0.3899 0.5321 0.0193 0.0339
2 0.4060 0.5298 0.0119 0.0317
2 0.4058 0.5649 0.0120 0.0339
2 0.4512 0.4917 0.0125 0.0347
2 0.4347 0.4932 0.0213 0.0335
2 0.4184 0.4943 0.0111 0.0334
2 0.5471 0.6277 0.0238 0.0337
2 0.5709 0.5926 0.0227 0.0330
2 0.5473 0.5938 0.0239 0.0326
2 0.5878 0.5926 0.0105 0.0330
2 0.5470 0.5572 0.0237 0.0353
2 0.5705 0.5564 0.0227 0.0365
2 0.5878 0.5557 0.0111 0.0380
2 0.5998 0.5543 0.0116 0.0352
2 0.5471 0.5221 0.0242 0.0322
2 0.5708 0.5200 0.0229 0.0357
2 0.5881 0.5186 0.0108 0.0341
2 0.6284 0.5914 0.0179 0.0362
2 0.6453 0.5914 0.0170 0.0351
2 0.6449 0.5544 0.0182 0.0340
2 0.6279 0.5549 0.0167 0.0349
2 0.6127 0.5547 0.0129 0.0346
2 0.6123 0.5191 0.0133 0.0354
2 0.6275 0.5193 0.0171 0.0352
2 0.3303 0.5145 0.0080 0.0415
2 0.3301 0.4747 0.0075 0.0392
2 0.3300 0.5610 0.0075 0.0451
2 0.3302 0.6072 0.0074 0.0430
3 0.2779 0.6486 0.0177 0.0502
3 0.2775 0.6954 0.0168 0.0446
3 0.2962 0.6494 0.0187 0.0460
3 0.2958 0.6955 0.0185 0.0442
3 0.3158 0.6483 0.0199 0.0428
3 0.3160 0.6943 0.0203 0.0453
3 0.2774 0.7812 0.0170 0.0394
3 0.2942 0.7791 0.0155 0.0385
2 0.3317 0.7947 0.0106 0.0792
2 0.3421 0.7937 0.0103 0.0761
2 0.4217 0.7964 0.0165 0.0769
2 0.3904 0.7416 0.0211 0.0362
2 0.4068 0.7401 0.0115 0.0322
2 0.4183 0.7397 0.0118 0.0360
2 0.4349 0.7399 0.0212 0.0356
2 0.4522 0.7389 0.0122 0.0385
2 0.5886 0.7993 0.0116 0.0225
2 0.6007 0.7986 0.0132 0.0228
2 0.6133 0.7983 0.0125 0.0219
2 0.6289 0.7985 0.0178 0.0237
2 0.6463 0.7984 0.0166 0.0257
3 0.3303 0.6942 0.0084 0.0434
3 0.3304 0.6515 0.0081 0.0414
3 0.3367 0.6523 0.0047 0.0423
3 0.3530 0.6604 0.0042 0.0422
3 0.3531 0.7007 0.0038 0.0396
3 0.3676 0.7057 0.0054 0.0360
3 0.3751 0.7050 0.0101 0.0377
3 0.3745 0.6700 0.0090 0.0357
3 0.3750 0.6357 0.0085 0.0344
3 0.4061 0.6714 0.0115 0.0368
3 0.3899 0.7051 0.0207 0.0359
3 0.4518 0.6679 0.0109 0.0350
3 0.4514 0.7032 0.0111 0.0334
3 0.4521 0.7756 0.0126 0.0346
3 0.4435 0.7770 0.0046 0.0332
3 0.4069 0.7764 0.0118 0.0358
3 0.3905 0.7762 0.0208 0.0326
3 0.4639 0.6681 0.0138 0.0352
3 0.4798 0.6679 0.0172 0.0365
3 0.4977 0.7021 0.0176 0.0385
3 0.4799 0.7039 0.0174 0.0353
3 0.4641 0.7034 0.0141 0.0367
3 0.4977 0.7389 0.0179 0.0364
3 0.4975 0.7749 0.0173 0.0342
3 0.5275 0.5219 0.0151 0.0313
3 0.5281 0.6277 0.0144 0.0348
3 0.5282 0.6636 0.0144 0.0352
3 0.5283 0.7000 0.0148 0.0384
3 0.5285 0.7375 0.0147 0.0381
3 0.5480 0.6642 0.0249 0.0352
3 0.5477 0.7011 0.0240 0.0375
3 0.5477 0.7381 0.0235 0.0371
3 0.5479 0.7726 0.0231 0.0340
3 0.5287 0.8093 0.0145 0.0378
2 0.5476 0.8074 0.0239 0.0351
3 0.5707 0.6291 0.0231 0.0360
3 0.6002 0.6273 0.0133 0.0337
3 0.6456 0.6274 0.0171 0.0350
3 0.5713 0.6631 0.0227 0.0335
3 0.5881 0.6627 0.0111 0.0373
3 0.6002 0.6631 0.0126 0.0367
3 0.6135 0.6626 0.0128 0.0370
3 0.6454 0.6622 0.0175 0.0350
3 0.5709 0.7007 0.0230 0.0375
3 0.5713 0.7370 0.0225 0.0368
3 0.5883 0.7007 0.0104 0.0346
3 0.6005 0.6996 0.0130 0.0353
3 0.6286 0.6991 0.0171 0.0354
3 0.6456 0.6983 0.0164 0.0344
3 0.6458 0.7347 0.0171 0.0351
3 0.6461 0.7689 0.0168 0.0333
3 0.6616 0.7676 0.0140 0.0340
2 0.6448 0.5210 0.0181 0.0318
2 0.7146 0.5186 0.0209 0.0369
2 0.7140 0.5533 0.0192 0.0264
