2 0.0537 0.1419 0.1074 0.1208
2 0.1454 0.1428 0.1354 0.1189
2 0.2443 0.1486 0.1140 0.1134
2 0.4005 0.1458 0.0946 0.1189
2 0.4807 0.1495 0.0788 0.1189
2 0.5642 0.1449 0.1011 0.1245
2 0.6638 0.2726 0.1113 0.1254
2 0.5610 0.2719 0.1021 0.1332
2 0.4734 0.2711 0.0873 0.1285
2 0.3126 0.2649 0.0919 0.1254
2 0.2276 0.2633 0.1213 0.1162
2 0.1210 0.2610 0.1383 0.1208
2 0.5587 0.4019 0.1082 0.1425
2 0.4656 0.3981 0.0904 0.1409
2 0.3802 0.3965 0.1066 0.1440
2 0.2060 0.3927 0.1259 0.1394
2 0.0944 0.3903 0.1499 0.1378
2 0.7463 0.1503 0.0890 0.1264
2 0.8469 0.2770 0.1224 0.1375
2 0.7552 0.2752 0.0927 0.1375
2 0.8609 0.4080 0.1317 0.1431
2 0.9109 0.7760 0.1613 0.2620
2 0.6861 0.7612 0.1437 0.2546
2 0.4492 0.7649 0.1113 0.2769
2 0.3444 0.7547 0.1317 0.2602
2 0.2494 0.7472 0.1252 0.2490
2 0.0554 0.7426 0.1108 0.2472
2 0.0401 0.2603 0.0802 0.1189
2 0.0257 0.3913 0.0514 0.1320
2 0.7950 0.7714 0.1187 0.2676
2 0.1511 0.7416 0.1623 0.2453
2 0.5535 0.7686 0.1270 0.2695
2 0.6688 0.4066 0.1183 0.1425
2 0.7658 0.4062 0.1029 0.1431
2 0.8321 0.1507 0.1113 0.1264
2 0.2953 0.3942 0.0912 0.1363
2 0.3915 0.2695 0.1028 0.1223
2 0.6589 0.1475 0.1043 0.1208
2 0.3277 0.1449 0.0844 0.1208
3 0.6757 0.5560 0.1245 0.1626
3 0.1809 0.5390 0.1360 0.1533
3 0.4610 0.5460 0.0950 0.1549
3 0.7774 0.5549 0.1113 0.1617
3 0.8826 0.5642 0.1456 0.1654
3 0.2798 0.5413 0.1035 0.1487
3 0.3656 0.5429 0.1144 0.1549
3 0.5591 0.5499 0.1167 0.1595
3 0.0716 0.5400 0.1432 0.1580
