2 0.2280 0.3691 0.2154 0.1461
2 0.1371 0.9270 0.2742 0.1461
2 0.3569 0.9270 0.2069 0.1461
2 0.5623 0.9276 0.2059 0.1448
2 0.8265 0.9307 0.3470 0.1385
2 0.8223 0.7463 0.3555 0.2406
2 0.9351 0.0750 0.1297 0.1222
2 0.9469 0.1997 0.1061 0.1448
2 0.9630 0.3508 0.0740 0.1625
2 0.9838 0.5265 0.0324 0.1990
2 0.8171 0.5346 0.3659 0.1979
2 0.7961 0.3633 0.3410 0.1424
2 0.5586 0.3633 0.1625 0.1424
2 0.5524 0.2210 0.1483 0.1399
2 0.7744 0.2147 0.3127 0.1450
2 0.7527 0.0888 0.2768 0.1323
2 0.5519 0.0983 0.1379 0.1083
2 0.3980 0.3634 0.1568 0.1524
2 0.4093 0.2242 0.1455 0.1385
2 0.4164 0.1033 0.1351 0.1133
2 0.2686 0.1083 0.1795 0.1108
2 0.0408 0.7417 0.0816 0.2217
2 0.1636 0.7458 0.2677 0.2237
2 0.3680 0.7402 0.1945 0.2349
2 0.5613 0.7377 0.1952 0.2278
2 0.5543 0.5309 0.1804 0.1877
2 0.3843 0.5315 0.1710 0.1839
2 0.1991 0.5340 0.2390 0.1864
2 0.0578 0.5372 0.1155 0.1877
2 0.0757 0.3697 0.1514 0.1499
2 0.1037 0.2305 0.1502 0.1335
2 0.1335 0.1090 0.1379 0.1071
2 0.2525 0.2293 0.1927 0.1385
