2 0.1862 0.5850 0.0588 0.0689
2 0.0189 0.4472 0.0374 0.0682
2 0.0153 0.4975 0.0305 0.0344
2 0.1938 0.4504 0.0593 0.0612
2 0.1903 0.5158 0.0617 0.0696
2 0.2500 0.4507 0.0567 0.0647
2 0.3026 0.4523 0.0580 0.0651
2 0.3575 0.4526 0.0596 0.0658
2 0.4139 0.4530 0.0585 0.0630
2 0.4674 0.4549 0.0527 0.0598
2 0.4663 0.5182 0.0527 0.0710
2 0.4110 0.5176 0.0601 0.0679
2 0.3547 0.5176 0.0614 0.0651
2 0.2992 0.5182 0.0569 0.0661
2 0.2444 0.5173 0.0580 0.0693
2 0.2404 0.5860 0.0612 0.0696
2 0.2959 0.5858 0.0598 0.0728
2 0.3529 0.5867 0.0583 0.0731
2 0.4102 0.5874 0.0601 0.0724
2 0.4657 0.5890 0.0540 0.0700
2 0.2945 0.6526 0.0559 0.0643
2 0.2514 0.6314 0.0324 0.0204
2 0.3498 0.6588 0.0580 0.0689
2 0.4081 0.6593 0.0606 0.0706
2 0.4649 0.6598 0.0556 0.0703
2 0.4633 0.7365 0.0572 0.0822
2 0.4085 0.7233 0.0530 0.0580
2 0.5222 0.7355 0.0630 0.0785
2 0.5827 0.7327 0.0587 0.0718
2 0.5819 0.6611 0.0580 0.0715
2 0.5217 0.6608 0.0624 0.0738
2 0.5813 0.5904 0.0578 0.0735
2 0.5225 0.5893 0.0609 0.0709
2 0.5807 0.5183 0.0587 0.0712
2 0.5228 0.5193 0.0611 0.0726
2 0.5227 0.4524 0.0604 0.0606
2 0.5799 0.4514 0.0554 0.0609
2 0.6366 0.5183 0.0584 0.0671
2 0.6385 0.5898 0.0582 0.0735
2 0.6398 0.6615 0.0582 0.0735
2 0.6408 0.7296 0.0598 0.0615
2 0.7012 0.7411 0.0615 0.0797
2 0.7948 0.7428 0.1274 0.0808
2 0.7909 0.6653 0.1290 0.0770
2 0.6979 0.6642 0.0606 0.0747
2 0.7893 0.5936 0.1279 0.0718
2 0.6969 0.5902 0.0595 0.0721
2 0.6951 0.5206 0.0587 0.0671
2 0.7840 0.5224 0.1221 0.0723
2 0.9944 0.5216 0.0112 0.0689
3 0.9123 0.4536 0.1540 0.0620
3 0.9166 0.5229 0.1526 0.0753
3 0.9231 0.5933 0.1538 0.0656
3 0.9265 0.6641 0.1469 0.0784
3 0.9298 0.7352 0.1398 0.0662
3 0.0983 0.4508 0.1348 0.0623
3 0.0973 0.5148 0.1329 0.0679
3 0.1121 0.5720 0.0926 0.0476
1 0.0057 0.3947 0.0114 0.0190
1 0.0171 0.4092 0.0158 0.0078
1 0.0176 0.3955 0.0147 0.0195
1 0.0331 0.3956 0.0166 0.0190
1 0.0490 0.3955 0.0168 0.0185
1 0.0479 0.4096 0.0150 0.0090
1 0.0327 0.4093 0.0164 0.0088
