2 0.5651 0.7612 0.1192 0.1443
2 0.0368 0.1677 0.0736 0.1495
2 0.0294 0.3040 0.0589 0.1407
2 0.1299 0.1954 0.1301 0.1552
2 0.2598 0.2268 0.1482 0.1480
2 0.3800 0.2556 0.0902 0.1290
2 0.4666 0.1758 0.0798 0.1195
2 0.4652 0.2757 0.0825 0.1239
2 0.5584 0.2009 0.1050 0.1188
2 0.6478 0.2239 0.0793 0.1093
2 0.7211 0.2461 0.0705 0.0999
2 0.8134 0.2691 0.1252 0.1166
2 0.8987 0.2997 0.0585 0.0875
2 0.9067 0.3795 0.0634 0.0969
2 0.8200 0.3576 0.1285 0.1173
2 0.7252 0.3369 0.0722 0.1079
2 0.6511 0.3190 0.0804 0.1159
2 0.5593 0.2979 0.1077 0.1261
2 0.3748 0.3697 0.0973 0.1385
2 0.4644 0.3861 0.0831 0.1290
2 0.5595 0.4043 0.1104 0.1232
2 0.6557 0.4192 0.0875 0.1210
2 0.7290 0.4342 0.0743 0.1115
2 0.8285 0.4484 0.1334 0.1210
2 0.9168 0.4655 0.0629 0.0955
2 0.9241 0.5610 0.0623 0.1042
2 0.8334 0.5475 0.1378 0.1181
2 0.7366 0.5355 0.0776 0.1173
2 0.6582 0.5253 0.0902 0.1173
2 0.5631 0.5140 0.1142 0.1312
2 0.4620 0.5016 0.0946 0.1341
2 0.3754 0.4865 0.0949 0.1409
2 0.9346 0.6555 0.0656 0.1064
2 0.9431 0.7823 0.0629 0.1501
2 0.8556 0.7794 0.1416 0.1603
2 0.7515 0.7827 0.0842 0.1727
2 0.8447 0.6475 0.1372 0.1122
2 0.7419 0.6442 0.0793 0.1173
2 0.6626 0.6377 0.0935 0.1203
2 0.6684 0.7459 0.0886 0.1050
2 0.4601 0.7718 0.0995 0.1786
2 0.4601 0.6224 0.0951 0.1305
2 0.5651 0.6289 0.1159 0.1305
2 0.3595 0.6209 0.1192 0.1261
2 0.3636 0.7758 0.1099 0.1793
2 0.2440 0.4673 0.1666 0.1496
2 0.2034 0.6076 0.1063 0.1488
2 0.1866 0.7821 0.1043 0.2056
2 0.0741 0.7756 0.1482 0.2134
2 0.0797 0.5976 0.1594 0.1583
2 0.1076 0.4528 0.1443 0.1540
2 0.0190 0.4450 0.0380 0.1557
2 0.1223 0.3186 0.1279 0.1531
2 0.2558 0.3457 0.1417 0.1496
