2 0.9612 0.4976 0.0777 0.0983
2 0.8543 0.4991 0.1531 0.0987
2 0.9653 0.5984 0.0694 0.1042
2 0.6969 0.3981 0.1617 0.1000
2 0.8622 0.6001 0.1569 0.1025
2 0.9702 0.7068 0.0596 0.1135
2 0.8731 0.7089 0.1585 0.1126
2 0.6927 0.3008 0.1575 0.1029
2 0.8394 0.3091 0.1461 0.0882
2 0.9451 0.3110 0.0835 0.0869
2 0.9544 0.4012 0.0851 0.0953
2 0.8453 0.4004 0.1534 0.0995
2 0.7023 0.4967 0.1642 0.1017
2 0.5838 0.4970 0.0822 0.1046
2 0.5872 0.6037 0.0857 0.1080
2 0.7104 0.6014 0.1708 0.1067
2 0.7156 0.7129 0.1724 0.1147
2 0.5903 0.7247 0.0895 0.1316
2 0.4901 0.6852 0.1150 0.0502
2 0.3426 0.6875 0.1807 0.0436
2 0.2062 0.6890 0.0930 0.0385
2 0.1052 0.6941 0.1082 0.0476
2 0.1107 0.6141 0.1116 0.1185
2 0.2066 0.6126 0.0976 0.1165
2 0.3413 0.6103 0.1841 0.1160
2 0.4888 0.6060 0.1139 0.1124
2 0.4896 0.4989 0.1116 0.1068
2 0.3444 0.4997 0.1788 0.1053
2 0.2122 0.4997 0.0945 0.1104
2 0.1172 0.4987 0.1108 0.1114
2 0.1217 0.3891 0.1078 0.1119
2 0.2164 0.3899 0.0915 0.1104
2 0.3449 0.3975 0.1739 0.1074
2 0.5801 0.3982 0.0771 0.0977
2 0.4865 0.3970 0.1093 0.1003
2 0.5774 0.2998 0.0786 0.1002
2 0.4861 0.2968 0.1101 0.0992
2 0.3481 0.2930 0.1697 0.1017
2 0.2214 0.2874 0.0884 0.0967
2 0.1285 0.2848 0.1010 0.0967
