2 0.1637 0.1883 0.1015 0.1126
2 0.0924 0.1651 0.0424 0.0898
2 0.0859 0.2640 0.0535 0.1071
2 0.1603 0.2837 0.0971 0.1109
2 0.0827 0.3724 0.0573 0.1088
2 0.1588 0.3840 0.1019 0.1092
2 0.2840 0.3956 0.1547 0.1189
2 0.2800 0.4950 0.1563 0.1101
2 0.1487 0.4859 0.1069 0.1156
2 0.0712 0.4819 0.0468 0.1126
2 0.2737 0.6088 0.1644 0.1235
2 0.5619 0.3368 0.0762 0.0886
2 0.8859 0.3153 0.0482 0.0794
2 0.8400 0.3105 0.0509 0.0833
2 0.7911 0.3030 0.0496 0.0844
2 0.7142 0.2887 0.1076 0.0967
2 0.7150 0.3669 0.1086 0.0963
2 0.7919 0.3780 0.0496 0.0833
2 0.8406 0.3843 0.0509 0.0805
2 0.8886 0.3885 0.0488 0.0784
2 0.7146 0.4467 0.1099 0.0942
2 0.7935 0.4548 0.0490 0.0830
2 0.8436 0.4604 0.0517 0.0837
2 0.8908 0.4650 0.0490 0.0844
2 0.8924 0.5430 0.0501 0.0808
2 0.8451 0.5386 0.0535 0.0847
2 0.7946 0.5358 0.0511 0.0861
2 0.7156 0.5293 0.1110 0.0914
2 0.6292 0.5219 0.0662 0.0935
2 0.6296 0.4369 0.0638 0.0935
2 0.8946 0.6119 0.0482 0.0675
2 0.8449 0.6121 0.0517 0.0664
2 0.7963 0.6225 0.0519 0.0949
2 0.5585 0.5947 0.0736 0.0689
2 0.5594 0.5154 0.0743 0.0938
2 0.4827 0.5952 0.0786 0.0798
2 0.4843 0.5089 0.0766 0.0957
2 0.4854 0.4203 0.0740 0.0991
2 0.5596 0.4285 0.0756 0.0962
2 0.4044 0.4132 0.0879 0.1059
2 0.4014 0.5045 0.0883 0.1063
2 0.3991 0.5911 0.0892 0.0856
2 0.6290 0.3549 0.0623 0.0852
2 0.6299 0.2748 0.0617 0.0877
2 0.5624 0.2588 0.0721 0.0801
2 0.4885 0.2470 0.0750 0.0953
2 0.4864 0.3343 0.0772 0.0953
2 0.4078 0.2322 0.0842 0.1042
2 0.4056 0.3178 0.0842 0.1008
2 0.2903 0.2082 0.1560 0.1092
2 0.2879 0.3012 0.1550 0.1232
1 0.9454 0.4428 0.0155 0.0213
1 0.9459 0.4645 0.0155 0.0213
1 0.9614 0.4585 0.0155 0.0213
1 0.9611 0.4393 0.0155 0.0213
1 0.9608 0.4197 0.0155 0.0213
1 0.9601 0.3973 0.0155 0.0213
1 0.9595 0.3760 0.0155 0.0213
1 0.9593 0.3540 0.0155 0.0213
1 0.9580 0.3333 0.0155 0.0213
1 0.9566 0.3137 0.0155 0.0213
1 0.9559 0.2931 0.0155 0.0213
1 0.9622 0.4795 0.0155 0.0213
1 0.9632 0.5019 0.0155 0.0213
1 0.9843 0.4986 0.0262 0.0231
1 0.9831 0.4767 0.0262 0.0231
1 0.9829 0.4547 0.0262 0.0231
1 0.9818 0.4330 0.0262 0.0231
1 0.9808 0.4096 0.0262 0.0231
1 0.9797 0.3900 0.0262 0.0231
1 0.9787 0.3676 0.0262 0.0231
1 0.9784 0.3466 0.0262 0.0231
2 0.1321 0.6045 0.1286 0.1331
2 0.6282 0.6054 0.0654 0.0797
2 0.7170 0.6216 0.1140 0.1016
1 0.9779 0.3246 0.0262 0.0231
1 0.9768 0.3015 0.0262 0.0231
1 0.9761 0.2798 0.0262 0.0231
1 0.9947 0.2851 0.0106 0.0231
1 0.9947 0.3074 0.0106 0.0231
1 0.9951 0.3302 0.0098 0.0231
1 0.9956 0.3522 0.0087 0.0231
1 0.9956 0.3732 0.0087 0.0231
1 0.9967 0.3970 0.0066 0.0231
1 0.9973 0.4211 0.0053 0.0231
1 0.9977 0.4424 0.0045 0.0231
1 0.9403 0.2985 0.0155 0.0213
1 0.9409 0.3190 0.0155 0.0213
1 0.9420 0.3396 0.0155 0.0213
1 0.9435 0.3613 0.0155 0.0213
1 0.9438 0.3805 0.0155 0.0213
1 0.9438 0.4015 0.0155 0.0213
1 0.9451 0.4225 0.0155 0.0213
