3 0.0770 0.7874 0.1539 0.1318
3 0.0797 0.6765 0.1594 0.0935
3 0.0868 0.5848 0.1735 0.0948
3 0.0963 0.4974 0.1672 0.0826
3 0.1034 0.4139 0.1658 0.0844
3 0.1127 0.3343 0.1626 0.0796
2 0.7804 0.3410 0.0714 0.0779
2 0.8482 0.3413 0.0687 0.0774
2 0.7852 0.4207 0.0786 0.0795
2 0.8547 0.4202 0.0717 0.0785
2 0.8615 0.5032 0.0740 0.0865
2 0.7918 0.5025 0.0797 0.0830
2 0.7975 0.5895 0.0805 0.0901
2 0.8676 0.5915 0.0717 0.0871
2 0.8721 0.6670 0.0679 0.0638
2 0.8021 0.6844 0.0752 0.0967
3 0.6823 0.7730 0.1857 0.0866
3 0.6789 0.6834 0.1841 0.0967
3 0.6745 0.5938 0.1800 0.0876
3 0.6717 0.5047 0.1735 0.0916
3 0.6668 0.4202 0.1659 0.0805
3 0.6666 0.3410 0.1602 0.0769
2 0.3380 0.7832 0.0752 0.1118
2 0.2559 0.4149 0.1427 0.0830
2 0.4109 0.7741 0.0733 0.0900
2 0.5175 0.7681 0.1444 0.0863
2 0.5180 0.6800 0.1408 0.0960
2 0.4116 0.6791 0.0747 0.1003
2 0.3419 0.6785 0.0765 0.0978
2 0.3494 0.5849 0.0670 0.0868
2 0.4150 0.5850 0.0688 0.0856
2 0.5171 0.5874 0.1408 0.0893
2 0.5177 0.5011 0.1339 0.0844
2 0.4200 0.4975 0.0642 0.0869
2 0.2622 0.3352 0.1378 0.0815
2 0.0091 0.4944 0.0183 0.0840
2 0.0146 0.4114 0.0293 0.0850
2 0.0209 0.3317 0.0418 0.0774
2 0.3540 0.4993 0.0642 0.0796
2 0.3567 0.4170 0.0642 0.0802
2 0.4198 0.4155 0.0665 0.0796
2 0.5198 0.4188 0.1353 0.0814
2 0.5223 0.3399 0.1349 0.0729
2 0.4230 0.3387 0.0656 0.0741
2 0.3590 0.3378 0.0661 0.0747
2 0.2293 0.7870 0.1541 0.1205
2 0.2354 0.6774 0.1526 0.0977
2 0.2420 0.5845 0.1499 0.0871
2 0.2493 0.4990 0.1469 0.0820
