2 0.7730 0.7527 0.0633 0.1552
2 0.9586 0.2722 0.0827 0.1579
2 0.9603 0.3762 0.0793 0.1250
2 0.9710 0.5184 0.0581 0.0896
3 0.9116 0.5068 0.0577 0.1129
3 0.8981 0.3990 0.0467 0.1078
3 0.8930 0.3008 0.0539 0.1078
2 0.7060 0.7544 0.0759 0.1603
2 0.6201 0.7417 0.0490 0.1409
2 0.2852 0.5555 0.1152 0.0948
2 0.4417 0.5607 0.1995 0.0868
2 0.5927 0.6050 0.0998 0.1342
2 0.5918 0.4808 0.0989 0.1227
2 0.4465 0.4708 0.1927 0.1197
2 0.2947 0.4387 0.1158 0.1493
2 0.2978 0.3098 0.1112 0.1448
2 0.4487 0.3324 0.1909 0.1557
2 0.5907 0.3561 0.0945 0.1259
2 0.6829 0.3666 0.0886 0.1154
2 0.6865 0.4838 0.0958 0.1259
2 0.6907 0.6088 0.0977 0.1329
2 0.8088 0.6145 0.1515 0.1251
2 0.8062 0.4977 0.1568 0.1277
2 0.8049 0.3880 0.1581 0.1286
2 0.5896 0.2466 0.0943 0.1245
2 0.4512 0.2184 0.1872 0.1555
2 0.3070 0.1886 0.1066 0.1373
2 0.1081 0.7535 0.0908 0.2166
2 0.7960 0.2852 0.1508 0.1215
2 0.6798 0.2652 0.0888 0.1178
2 0.0372 0.7522 0.0745 0.2202
2 0.1506 0.5698 0.1537 0.1519
2 0.0422 0.5652 0.0844 0.1599
2 0.1641 0.4303 0.1435 0.1483
2 0.0509 0.4184 0.1018 0.1499
