2 0.6023 0.6130 0.0613 0.0564
2 0.6576 0.6132 0.0530 0.0584
2 0.6571 0.5568 0.0545 0.0560
2 0.6020 0.5552 0.0601 0.0568
2 0.5505 0.5545 0.0447 0.0572
2 0.5503 0.4986 0.0432 0.0548
2 0.4602 0.4426 0.0506 0.0572
2 0.4100 0.4945 0.0512 0.0597
2 0.4598 0.4959 0.0509 0.0592
2 0.4585 0.5523 0.0527 0.0584
2 0.4083 0.5525 0.0515 0.0556
2 0.4581 0.6087 0.0500 0.0568
2 0.5042 0.6103 0.0484 0.0584
2 0.5053 0.6530 0.0475 0.0270
2 0.5065 0.5527 0.0463 0.0560
2 0.5070 0.4967 0.0472 0.0576
2 0.5071 0.4420 0.0450 0.0543
2 0.5508 0.4432 0.0435 0.0568
2 0.6009 0.4463 0.0591 0.0548
2 0.6557 0.4465 0.0530 0.0552
2 0.6548 0.5010 0.0524 0.0539
2 0.6003 0.4998 0.0585 0.0548
2 0.4095 0.4403 0.0503 0.0519
2 0.3609 0.4371 0.0481 0.0527
2 0.3597 0.4949 0.0506 0.0597
2 0.3585 0.5523 0.0500 0.0560
2 0.3547 0.6017 0.0472 0.0421
2 0.2842 0.6081 0.0981 0.0548
2 0.2865 0.5527 0.0959 0.0552
2 0.2878 0.4924 0.0968 0.0637
2 0.2906 0.4361 0.0962 0.0605
2 0.0819 0.4890 0.0926 0.0596
2 0.0775 0.5472 0.0926 0.0602
2 0.0727 0.6041 0.0919 0.0559
2 0.0182 0.5463 0.0363 0.0590
2 0.0195 0.4883 0.0391 0.0593
2 0.0849 0.4337 0.0943 0.0568
2 0.0218 0.4306 0.0435 0.0568
3 0.1868 0.4339 0.1133 0.0554
3 0.1844 0.4906 0.1136 0.0598
3 0.1816 0.5506 0.1162 0.0623
3 0.1763 0.6068 0.1195 0.0598
3 0.8185 0.3962 0.1114 0.0490
3 0.8201 0.4482 0.1118 0.0549
3 0.8225 0.5021 0.1107 0.0539
3 0.8260 0.5582 0.1147 0.0603
3 0.8275 0.6158 0.1140 0.0628
3 0.8433 0.6754 0.0890 0.0623
2 0.9207 0.5065 0.0895 0.0552
2 0.9248 0.5615 0.0867 0.0556
2 0.9282 0.6185 0.0898 0.0584
2 0.9309 0.6685 0.0898 0.0466
2 0.9861 0.6763 0.0278 0.0556
2 0.9849 0.6201 0.0303 0.0552
2 0.9835 0.5635 0.0330 0.0588
2 0.9809 0.5076 0.0383 0.0572
2 0.9801 0.4528 0.0398 0.0564
2 0.9190 0.4522 0.0880 0.0576
2 0.7264 0.6146 0.0901 0.0572
2 0.7258 0.5568 0.0876 0.0568
2 0.7247 0.5029 0.0886 0.0568
2 0.7239 0.4487 0.0870 0.0531
2 0.5508 0.6634 0.0405 0.0462
2 0.5509 0.6105 0.0444 0.0629
2 0.6027 0.6690 0.0610 0.0548
