1 0.0343 0.5628 0.0133 0.0142
1 0.0223 0.5626 0.0136 0.0138
1 0.0095 0.5619 0.0159 0.0140
2 0.7490 0.3658 0.0316 0.0735
2 0.7824 0.3711 0.0340 0.0664
2 0.7771 0.3332 0.0330 0.0833
2 0.8190 0.3762 0.0388 0.0576
2 0.8159 0.3430 0.0440 0.0959
2 0.8075 0.2922 0.0385 0.1040
2 0.8553 0.2694 0.0564 0.0520
2 0.9027 0.2715 0.0522 0.0506
2 0.9444 0.2757 0.0464 0.0478
2 0.9829 0.2776 0.0343 0.0482
2 0.9859 0.3293 0.0282 0.0559
2 0.9536 0.3263 0.0469 0.0576
2 0.9113 0.3251 0.0535 0.0587
2 0.8622 0.3233 0.0583 0.0566
2 0.9910 0.3840 0.0179 0.0534
2 0.9624 0.3824 0.0477 0.0573
2 0.9731 0.4404 0.0538 0.0608
2 0.9268 0.4382 0.0551 0.0601
2 0.8823 0.4973 0.0630 0.0636
2 0.9350 0.4987 0.0572 0.0608
2 0.9773 0.4994 0.0454 0.0608
2 0.9825 0.5618 0.0351 0.0626
2 0.9858 0.6249 0.0285 0.0664
2 0.9616 0.6920 0.0609 0.0662
2 0.9913 0.6904 0.0174 0.0677
2 0.9669 0.7328 0.0538 0.0149
2 0.9114 0.7361 0.0615 0.0185
2 0.8565 0.7390 0.0514 0.0237
2 0.8044 0.7706 0.0549 0.0882
2 0.9529 0.6255 0.0598 0.0674
2 0.9439 0.5612 0.0576 0.0641
2 0.8908 0.5596 0.0646 0.0668
2 0.8986 0.6249 0.0661 0.0674
2 0.9080 0.6921 0.0657 0.0694
2 0.8519 0.6928 0.0580 0.0726
2 0.7292 0.6917 0.0565 0.0697
2 0.7990 0.6915 0.0613 0.0718
2 0.8442 0.6240 0.0571 0.0674
2 0.7909 0.6233 0.0630 0.0688
2 0.7225 0.6223 0.0518 0.0685
2 0.8368 0.5585 0.0560 0.0653
2 0.7831 0.5580 0.0641 0.0659
2 0.7159 0.5575 0.0496 0.0639
2 0.9187 0.3808 0.0549 0.0606
2 0.8688 0.3784 0.0611 0.0595
2 0.8764 0.4371 0.0613 0.0621
2 0.8310 0.4957 0.0571 0.0639
2 0.8235 0.4352 0.0536 0.0612
2 0.7753 0.4950 0.0657 0.0659
2 0.7097 0.4935 0.0453 0.0653
2 0.7683 0.4342 0.0666 0.0621
2 0.7043 0.4298 0.0391 0.0609
2 0.6655 0.5550 0.0535 0.0633
2 0.6614 0.4905 0.0548 0.0636
2 0.6587 0.4291 0.0548 0.0619
2 0.5822 0.4258 0.1020 0.0664
2 0.5075 0.4248 0.0509 0.0622
2 0.4560 0.4214 0.0559 0.0647
2 0.4559 0.4847 0.0567 0.0647
2 0.5090 0.4880 0.0527 0.0650
2 0.5854 0.4905 0.1044 0.0664
2 0.5877 0.5541 0.1062 0.0643
2 0.5086 0.5534 0.0525 0.0650
2 0.4555 0.5515 0.0585 0.0703
2 0.4003 0.5518 0.0546 0.0689
2 0.4020 0.4847 0.0527 0.0654
2 0.4020 0.4202 0.0538 0.0650
2 0.3999 0.6200 0.0527 0.0696
2 0.4552 0.6200 0.0585 0.0689
2 0.5108 0.6204 0.0543 0.0696
2 0.5895 0.6209 0.1078 0.0671
2 0.6702 0.6209 0.0562 0.0671
2 0.6727 0.6685 0.0559 0.0288
2 0.5938 0.6924 0.1131 0.0752
2 0.5970 0.7736 0.1165 0.0921
2 0.4550 0.6928 0.0596 0.0752
2 0.3979 0.6933 0.0540 0.0756
2 0.5136 0.7743 0.0567 0.0893
2 0.4546 0.7769 0.0625 0.0938
2 0.3963 0.7776 0.0572 0.0953
2 0.3307 0.7824 0.0788 0.0998
2 0.2580 0.7827 0.0670 0.0977
2 0.1913 0.7899 0.0717 0.1051
2 0.1295 0.7912 0.0709 0.1033
2 0.0651 0.7910 0.0743 0.1072
2 0.3336 0.6218 0.0820 0.0745
2 0.3305 0.6952 0.0833 0.0808
2 0.2613 0.6972 0.0641 0.0812
2 0.1985 0.6975 0.0691 0.0798
2 0.1368 0.6979 0.0685 0.0819
2 0.0689 0.6977 0.0786 0.0833
2 0.2654 0.6212 0.0649 0.0728
2 0.2041 0.6212 0.0662 0.0735
2 0.1438 0.6211 0.0672 0.0738
2 0.0796 0.6212 0.0754 0.0770
2 0.3357 0.5505 0.0801 0.0696
2 0.2697 0.5498 0.0630 0.0710
2 0.2101 0.5495 0.0672 0.0703
2 0.1501 0.5491 0.0659 0.0731
2 0.0882 0.5477 0.0764 0.0752
2 0.3389 0.4839 0.0770 0.0678
2 0.2744 0.4811 0.0604 0.0657
2 0.2143 0.4795 0.0641 0.0675
2 0.1566 0.4781 0.0646 0.0696
2 0.0953 0.4771 0.0738 0.0710
2 0.3411 0.4170 0.0736 0.0675
2 0.2769 0.4140 0.0580 0.0692
2 0.2179 0.4128 0.0622 0.0654
2 0.1622 0.4112 0.0622 0.0664
2 0.1023 0.4087 0.0704 0.0671
2 0.5118 0.6929 0.0556 0.0735
1 0.0094 0.6701 0.0124 0.0100
1 0.0208 0.6712 0.0124 0.0127
1 0.0318 0.6718 0.0111 0.0133
1 0.0333 0.6582 0.0115 0.0136
1 0.0228 0.6581 0.0135 0.0144
1 0.0104 0.6577 0.0138 0.0145
1 0.0032 0.6443 0.0063 0.0140
3 0.0122 0.6439 0.0145 0.0136
3 0.0239 0.6443 0.0140 0.0136
3 0.0348 0.6443 0.0113 0.0132
1 0.0364 0.6301 0.0116 0.0128
1 0.0258 0.6300 0.0136 0.0134
3 0.0139 0.6300 0.0139 0.0142
1 0.0044 0.6303 0.0088 0.0144
1 0.0051 0.6168 0.0103 0.0140
1 0.0155 0.6168 0.0146 0.0136
3 0.0276 0.6164 0.0139 0.0140
1 0.0379 0.6167 0.0113 0.0126
1 0.0397 0.6032 0.0107 0.0128
1 0.0293 0.6028 0.0136 0.0144
1 0.0168 0.6029 0.0140 0.0146
1 0.0059 0.6027 0.0118 0.0142
1 0.0414 0.5899 0.0116 0.0130
1 0.0313 0.5894 0.0133 0.0140
1 0.0187 0.5890 0.0133 0.0136
1 0.0068 0.5891 0.0134 0.0130
1 0.0015 0.5617 0.0030 0.0140
1 0.0080 0.5753 0.0156 0.0132
1 0.0206 0.5753 0.0142 0.0136
1 0.0319 0.5761 0.0134 0.0142
1 0.0436 0.5761 0.0130 0.0142
1 0.0455 0.5631 0.0128 0.0144
