2 0.1049 0.5319 0.0785 0.0751
2 0.0553 0.3970 0.0588 0.0703
2 0.1161 0.3980 0.0749 0.0703
2 0.1747 0.3977 0.0567 0.0689
2 0.2278 0.3994 0.0612 0.0661
2 0.2856 0.3977 0.0649 0.0661
2 0.3462 0.3959 0.0596 0.0626
2 0.4062 0.3968 0.0609 0.0636
2 0.4941 0.3985 0.1181 0.0622
2 0.5852 0.3980 0.0683 0.0640
2 0.6486 0.3959 0.0606 0.0661
2 0.7115 0.3943 0.0688 0.0657
2 0.7778 0.3945 0.0648 0.0633
2 0.8406 0.3952 0.0604 0.0647
2 0.9050 0.3941 0.0720 0.0626
2 0.0494 0.4653 0.0585 0.0633
2 0.0104 0.4647 0.0207 0.0620
2 0.0360 0.5307 0.0720 0.0709
2 0.1655 0.5315 0.0579 0.0700
2 0.1700 0.4638 0.0595 0.0688
2 0.1112 0.4634 0.0766 0.0628
2 0.2241 0.4642 0.0614 0.0679
2 0.2831 0.4630 0.0655 0.0696
2 0.2785 0.5336 0.0671 0.0700
2 0.2191 0.5332 0.0614 0.0675
2 0.2143 0.6030 0.0626 0.0721
2 0.1598 0.6017 0.0592 0.0704
2 0.0981 0.6015 0.0781 0.0700
2 0.0325 0.6007 0.0650 0.0700
2 0.0297 0.6690 0.0593 0.0675
2 0.0933 0.6817 0.0762 0.0894
2 0.1534 0.6836 0.0592 0.0941
2 0.2082 0.6857 0.0661 0.0924
2 0.2692 0.6865 0.0699 0.0941
2 0.3331 0.6882 0.0655 0.0949
2 0.3349 0.6051 0.0633 0.0713
2 0.2744 0.6030 0.0677 0.0713
2 0.3396 0.5340 0.0626 0.0692
2 0.3429 0.4632 0.0630 0.0709
2 0.4035 0.4642 0.0645 0.0713
2 0.4925 0.4661 0.1205 0.0700
2 0.5851 0.4653 0.0671 0.0717
2 0.6474 0.4647 0.0626 0.0721
2 0.7138 0.4640 0.0702 0.0734
2 0.7814 0.4636 0.0674 0.0751
2 0.8437 0.4642 0.0629 0.0763
2 0.9096 0.4640 0.0766 0.0776
2 0.9149 0.5410 0.0800 0.0780
2 0.8464 0.5393 0.0658 0.0780
2 0.7839 0.5385 0.0705 0.0763
2 0.7149 0.5385 0.0724 0.0755
2 0.6506 0.5376 0.0614 0.0772
2 0.5770 0.5387 0.0528 0.0751
2 0.7175 0.6148 0.0762 0.0806
2 0.7877 0.6161 0.0686 0.0797
2 0.8350 0.6150 0.0316 0.0801
2 0.6506 0.6116 0.0601 0.0776
2 0.5825 0.6106 0.0626 0.0755
2 0.5852 0.6956 0.0687 0.0995
2 0.6555 0.6945 0.0554 0.0957
2 0.7183 0.6952 0.0715 0.0886
2 0.7885 0.6960 0.0696 0.0852
2 0.8377 0.6949 0.0320 0.0822
2 0.4013 0.5353 0.0645 0.0734
2 0.3996 0.6051 0.0655 0.0721
2 0.3969 0.6903 0.0658 0.0991
2 0.4905 0.6920 0.1240 0.0915
2 0.4910 0.6076 0.1231 0.0763
2 0.4916 0.5350 0.1193 0.0713
