2 0.8957 0.7104 0.0601 0.0723
2 0.8741 0.5588 0.0515 0.0717
2 0.8645 0.4866 0.0506 0.0753
2 0.8561 0.4194 0.0492 0.0698
2 0.8083 0.4152 0.0610 0.0711
2 0.8144 0.4841 0.0642 0.0777
2 0.8219 0.5576 0.0620 0.0753
2 0.8304 0.6317 0.0615 0.0790
2 0.7766 0.6290 0.0597 0.0771
2 0.7696 0.5528 0.0601 0.0777
2 0.7632 0.4802 0.0547 0.0747
2 0.7557 0.4091 0.0569 0.0747
2 0.6787 0.4012 0.1116 0.0820
2 0.6816 0.4738 0.1130 0.0826
2 0.6857 0.5479 0.1184 0.0826
2 0.6930 0.6263 0.1212 0.0814
2 0.9551 0.3998 0.0761 0.1105
2 0.9636 0.4717 0.0729 0.1087
2 0.9683 0.5501 0.0633 0.1002
2 0.9731 0.6221 0.0537 0.0960
2 0.9816 0.7047 0.0369 0.0960
2 0.9911 0.3764 0.0178 0.0808
3 0.9274 0.6354 0.0456 0.0783
3 0.9416 0.7113 0.0492 0.0832
3 0.0320 0.0875 0.0640 0.0831
3 0.0249 0.1644 0.0498 0.0867
3 0.0203 0.2461 0.0405 0.0838
3 0.0153 0.3277 0.0307 0.0896
2 0.1129 0.1058 0.1219 0.0845
2 0.2231 0.1233 0.1060 0.0889
2 0.3136 0.1444 0.0760 0.0831
2 0.3108 0.2103 0.0771 0.0824
2 0.3081 0.2851 0.0804 0.0816
2 0.3064 0.3590 0.0858 0.0882
2 0.2182 0.1932 0.1104 0.0933
2 0.1069 0.1750 0.1175 0.0962
2 0.0979 0.2566 0.1235 0.0962
2 0.0886 0.3372 0.1290 0.0911
2 0.2135 0.2716 0.1121 0.0955
2 0.2070 0.3514 0.1132 0.0962
2 0.0719 0.4236 0.1438 0.1006
2 0.0681 0.5169 0.1362 0.0991
2 0.0643 0.6069 0.1285 0.0940
2 0.2001 0.4320 0.1203 0.0969
2 0.3029 0.4411 0.0864 0.0933
2 0.2988 0.5267 0.0946 0.0911
2 0.1947 0.5216 0.1203 0.0955
2 0.1886 0.6113 0.1290 0.0926
2 0.2939 0.6182 0.0891 0.0889
2 0.2879 0.7071 0.0946 0.1020
2 0.1774 0.7075 0.1296 0.1013
2 0.0561 0.7093 0.1121 0.1050
2 0.0547 0.7880 0.1094 0.0569
2 0.1753 0.7888 0.1339 0.0568
2 0.2859 0.7946 0.0951 0.0729
2 0.3685 0.8143 0.0765 0.1137
2 0.4434 0.8128 0.0732 0.1006
2 0.4420 0.7108 0.0793 0.0962
2 0.3696 0.7086 0.0722 0.0977
2 0.3734 0.6157 0.0733 0.0896
2 0.4447 0.6186 0.0705 0.0926
2 0.4445 0.5322 0.0689 0.0845
2 0.3761 0.5275 0.0678 0.0853
2 0.3797 0.4451 0.0672 0.0853
2 0.4478 0.4509 0.0678 0.0824
2 0.4478 0.3737 0.0689 0.0765
2 0.3811 0.3664 0.0656 0.0751
2 0.6994 0.7113 0.1239 0.0875
2 0.7878 0.7095 0.0629 0.0875
2 0.8413 0.7110 0.0642 0.0784
2 0.8875 0.6351 0.0629 0.0759
3 0.5607 0.7111 0.1617 0.0948
3 0.5523 0.3856 0.1458 0.0850
3 0.5532 0.4609 0.1476 0.0862
3 0.5553 0.5413 0.1544 0.0844
3 0.5580 0.6206 0.1599 0.0887
3 0.5154 0.7770 0.0683 0.0456
3 0.9001 0.4243 0.0401 0.0705
3 0.9070 0.4917 0.0437 0.0790
3 0.9206 0.5613 0.0428 0.0796
