2 0.3327 0.4195 0.1787 0.0992
2 0.1153 0.4157 0.1000 0.1050
2 0.2042 0.4184 0.0902 0.0999
2 0.9091 0.6469 0.1564 0.1260
2 0.9902 0.6486 0.0195 0.1265
2 0.9891 0.5309 0.0218 0.1149
2 0.8907 0.5294 0.1735 0.1180
2 0.1102 0.5230 0.1000 0.1109
2 0.1064 0.6061 0.0968 0.0511
2 0.1977 0.6483 0.0891 0.1400
2 0.1988 0.5241 0.0924 0.1145
2 0.3300 0.5255 0.1820 0.1145
2 0.3272 0.6494 0.1810 0.1437
2 0.4770 0.6513 0.1219 0.1414
2 0.4773 0.5252 0.1181 0.1152
2 0.5784 0.5259 0.0831 0.1122
2 0.5792 0.6462 0.0858 0.1283
2 0.7071 0.6473 0.1700 0.1246
2 0.7126 0.5281 0.1842 0.1123
2 0.7088 0.4191 0.1798 0.1014
2 0.5795 0.4217 0.0853 0.0963
2 0.4797 0.4220 0.1197 0.0985
