3 0.3443 0.6689 0.2673 0.1567
3 0.3446 0.5210 0.2646 0.1305
3 0.3465 0.3975 0.2553 0.1181
2 0.9792 0.5312 0.0415 0.1232
2 0.9833 0.6507 0.0333 0.1217
2 0.9224 0.6693 0.1082 0.1560
2 0.8251 0.6686 0.1071 0.1574
2 0.8158 0.5275 0.0973 0.1232
2 0.9117 0.5286 0.1044 0.1254
2 0.9049 0.4084 0.1028 0.1195
2 0.8090 0.4095 0.0957 0.1130
2 0.7149 0.4055 0.0935 0.1152
2 0.7190 0.5246 0.1017 0.1232
2 0.7245 0.6686 0.1039 0.1618
2 0.6264 0.6693 0.0989 0.1633
2 0.6201 0.5246 0.1006 0.1275
2 0.6196 0.4062 0.0963 0.1137
2 0.5225 0.4031 0.1004 0.1077
2 0.5229 0.5220 0.0984 0.1234
2 0.5288 0.6685 0.1023 0.1628
2 0.1070 0.6777 0.2139 0.1741
2 0.1099 0.5213 0.2137 0.1338
2 0.1195 0.3964 0.2080 0.1220
2 0.0129 0.3924 0.0258 0.1270
