1 0.0200 0.5242 0.0121 0.0141
2 0.1647 0.2721 0.0691 0.0714
2 0.2243 0.2721 0.0612 0.0721
2 0.2811 0.2739 0.0614 0.0714
2 0.3407 0.2751 0.0593 0.0724
2 0.4092 0.2765 0.0783 0.0710
2 0.4747 0.2767 0.0554 0.0721
2 0.4737 0.3468 0.0580 0.0731
2 0.4075 0.3473 0.0791 0.0735
2 0.3380 0.3461 0.0614 0.0724
2 0.2785 0.3456 0.0635 0.0721
2 0.2214 0.3433 0.0622 0.0724
2 0.1614 0.3433 0.0688 0.0724
2 0.1556 0.4160 0.0699 0.0752
2 0.2182 0.4152 0.0612 0.0735
2 0.2771 0.4180 0.0635 0.0735
2 0.2724 0.4920 0.0641 0.0766
2 0.2139 0.4904 0.0646 0.0784
2 0.1521 0.4907 0.0722 0.0784
2 0.1477 0.5681 0.0709 0.0798
2 0.2103 0.5666 0.0638 0.0791
2 0.2716 0.5684 0.0635 0.0791
2 0.3353 0.4907 0.0606 0.0756
2 0.4057 0.4921 0.0807 0.0770
2 0.4738 0.4932 0.0556 0.0763
2 0.4735 0.4190 0.0556 0.0714
2 0.4065 0.4181 0.0786 0.0717
2 0.3370 0.4181 0.0593 0.0724
2 0.3336 0.5675 0.0593 0.0780
2 0.4043 0.5688 0.0823 0.0777
2 0.4735 0.5693 0.0588 0.0773
2 0.1418 0.6584 0.0717 0.1044
2 0.2074 0.6494 0.0617 0.0865
2 0.2690 0.6313 0.0625 0.0482
2 0.3313 0.6536 0.0617 0.0935
2 0.4028 0.6466 0.0828 0.0794
2 0.4718 0.6552 0.0585 0.0967
2 0.5331 0.6547 0.0651 0.0970
2 0.5935 0.6528 0.0572 0.0924
2 0.6844 0.6575 0.1231 0.1019
2 0.7775 0.6557 0.0693 0.0949
2 0.8429 0.6556 0.0683 0.0931
2 0.8375 0.5709 0.0675 0.0777
2 0.7743 0.5691 0.0699 0.0791
2 0.6817 0.5688 0.1223 0.0798
2 0.5931 0.5679 0.0596 0.0794
2 0.5323 0.5682 0.0646 0.0766
2 0.5319 0.4920 0.0627 0.0759
2 0.5915 0.4925 0.0585 0.0735
2 0.6802 0.4930 0.1205 0.0731
2 0.7721 0.4951 0.0691 0.0745
2 0.8354 0.4944 0.0638 0.0738
2 0.5322 0.4192 0.0622 0.0731
2 0.5314 0.3466 0.0617 0.0706
2 0.5319 0.2774 0.0596 0.0699
2 0.5887 0.2779 0.0567 0.0703
2 0.5894 0.3493 0.0559 0.0731
2 0.5909 0.4195 0.0567 0.0731
2 0.6781 0.4199 0.1199 0.0738
2 0.7672 0.4210 0.0651 0.0731
2 0.8290 0.4210 0.0649 0.0738
2 0.8256 0.3500 0.0633 0.0724
2 0.7638 0.3493 0.0646 0.0738
2 0.6753 0.3491 0.1181 0.0742
2 0.6736 0.2784 0.1163 0.0699
2 0.7613 0.2784 0.0627 0.0685
2 0.8223 0.2786 0.0609 0.0703
2 0.8902 0.2797 0.0796 0.0696
2 0.9554 0.2800 0.0583 0.0703
2 0.9608 0.3503 0.0648 0.0724
2 0.8940 0.3508 0.0815 0.0721
2 0.8992 0.4224 0.0822 0.0724
2 0.9683 0.4234 0.0634 0.0738
2 0.9919 0.2809 0.0162 0.0685
2 0.9011 0.4714 0.0783 0.0271
2 0.9696 0.4709 0.0608 0.0281
2 0.9896 0.2125 0.0207 0.0664
2 0.9551 0.2133 0.0525 0.0647
1 0.1075 0.4459 0.0134 0.0151
1 0.1064 0.4595 0.0137 0.0139
1 0.1056 0.4725 0.0138 0.0142
1 0.1050 0.4852 0.0132 0.0132
1 0.1174 0.4459 0.0077 0.0127
1 0.1160 0.4590 0.0070 0.0139
1 0.1153 0.4726 0.0079 0.0124
1 0.1145 0.4853 0.0081 0.0124
1 0.1136 0.4984 0.0077 0.0132
1 0.1128 0.5112 0.0079 0.0130
1 0.1121 0.5241 0.0075 0.0125
1 0.1109 0.5374 0.0070 0.0127
1 0.1010 0.5371 0.0139 0.0130
1 0.1017 0.5241 0.0132 0.0130
1 0.1024 0.5111 0.0124 0.0132
1 0.1038 0.4984 0.0133 0.0136
1 0.0933 0.4463 0.0163 0.0139
1 0.0923 0.4594 0.0167 0.0129
1 0.0916 0.4724 0.0169 0.0134
1 0.0903 0.4851 0.0169 0.0141
1 0.0898 0.4980 0.0167 0.0129
1 0.0889 0.5109 0.0161 0.0132
1 0.0878 0.5241 0.0165 0.0137
1 0.0869 0.5369 0.0154 0.0127
1 0.0721 0.5339 0.0151 0.0066
1 0.0578 0.5339 0.0141 0.0083
1 0.0580 0.5238 0.0141 0.0132
1 0.0726 0.5241 0.0149 0.0136
1 0.0735 0.5108 0.0153 0.0137
1 0.0743 0.4980 0.0149 0.0129
1 0.0756 0.4849 0.0141 0.0144
1 0.0764 0.4721 0.0147 0.0136
1 0.0773 0.4590 0.0151 0.0134
1 0.0783 0.4460 0.0140 0.0142
1 0.0590 0.5106 0.0142 0.0132
1 0.0602 0.4981 0.0130 0.0130
1 0.0613 0.4849 0.0139 0.0127
1 0.0631 0.4718 0.0123 0.0131
1 0.0637 0.4590 0.0131 0.0137
1 0.0651 0.4458 0.0125 0.0136
1 0.0516 0.4454 0.0145 0.0129
1 0.0389 0.4456 0.0127 0.0134
1 0.0273 0.4457 0.0117 0.0140
1 0.0151 0.4456 0.0121 0.0136
1 0.0047 0.4458 0.0095 0.0136
1 0.0139 0.4589 0.0133 0.0133
1 0.0268 0.4586 0.0127 0.0130
1 0.0380 0.4587 0.0128 0.0129
1 0.0509 0.4584 0.0157 0.0126
1 0.0501 0.4717 0.0155 0.0140
1 0.0368 0.4720 0.0137 0.0143
1 0.0255 0.4719 0.0136 0.0141
1 0.0133 0.4714 0.0141 0.0131
1 0.0044 0.4584 0.0089 0.0126
1 0.0038 0.4713 0.0077 0.0138
1 0.0120 0.4836 0.0132 0.0126
1 0.0233 0.4851 0.0121 0.0119
1 0.0351 0.4847 0.0123 0.0129
1 0.0478 0.4846 0.0141 0.0124
1 0.0464 0.4979 0.0147 0.0141
1 0.0345 0.4974 0.0125 0.0129
1 0.0227 0.4976 0.0125 0.0140
1 0.0108 0.4974 0.0124 0.0140
1 0.0094 0.5097 0.0143 0.0131
1 0.0214 0.5105 0.0143 0.0130
1 0.0324 0.5104 0.0142 0.0134
1 0.0459 0.5114 0.0141 0.0134
1 0.0446 0.5244 0.0142 0.0134
1 0.0322 0.5243 0.0126 0.0136
1 0.0081 0.5238 0.0113 0.0143
1 0.0078 0.5343 0.0124 0.0073
1 0.0196 0.5346 0.0123 0.0083
1 0.0315 0.5349 0.0121 0.0079
1 0.0441 0.5347 0.0143 0.0078
