2 0.3267 0.5071 0.1115 0.1217
1 0.8816 0.3732 0.0218 0.0200
1 0.9642 0.2970 0.0245 0.0212
1 0.9644 0.3188 0.0247 0.0207
1 0.9664 0.3401 0.0260 0.0234
1 0.9683 0.3631 0.0258 0.0215
1 0.9776 0.6004 0.0448 0.0115
1 0.9762 0.5699 0.0476 0.0593
2 0.4273 0.5144 0.0918 0.1115
2 0.4415 0.6423 0.0579 0.1385
2 0.5183 0.5210 0.0869 0.1086
2 0.5158 0.6423 0.0907 0.1370
2 0.5989 0.6033 0.0787 0.0488
2 0.6005 0.5294 0.0776 0.1035
2 0.6989 0.5370 0.1268 0.1013
2 0.7033 0.6394 0.1279 0.1152
2 0.7921 0.6456 0.0585 0.1159
2 0.7894 0.5450 0.0585 0.0984
2 0.8473 0.5480 0.0607 0.0955
2 0.8509 0.6456 0.0645 0.1086
2 0.9039 0.6449 0.0569 0.1013
2 0.9009 0.5523 0.0574 0.0926
2 0.8974 0.4652 0.0536 0.0904
2 0.8438 0.4601 0.0569 0.0948
2 0.7880 0.4539 0.0590 0.0999
2 0.6976 0.4412 0.1274 0.1122
2 0.5997 0.4302 0.0760 0.1122
2 0.5185 0.4211 0.0886 0.1144
2 0.4297 0.4084 0.0957 0.1137
2 0.3223 0.6259 0.1082 0.1275
1 0.8832 0.3923 0.0190 0.0159
2 0.3308 0.3956 0.1110 0.1232
2 0.1731 0.4893 0.2088 0.1297
1 0.9340 0.4182 0.0174 0.0207
1 0.9342 0.4395 0.0190 0.0202
1 0.9362 0.4598 0.0187 0.0211
1 0.9364 0.4800 0.0183 0.0202
1 0.9389 0.5028 0.0158 0.0219
1 0.9888 0.3876 0.0168 0.0228
1 0.8837 0.4094 0.0201 0.0173
1 0.9702 0.4703 0.0152 0.0211
1 0.9557 0.4986 0.0177 0.0194
1 0.9555 0.5163 0.0180 0.0118
1 0.9549 0.4775 0.0180 0.0236
2 0.1651 0.6227 0.2148 0.1487
1 0.9527 0.4568 0.0187 0.0202
1 0.9521 0.4359 0.0161 0.0240
1 0.9508 0.4138 0.0161 0.0228
1 0.9479 0.3921 0.0155 0.0207
1 0.9332 0.3967 0.0158 0.0215
2 0.0365 0.6223 0.0730 0.1538
2 0.0417 0.4864 0.0834 0.1341
2 0.1802 0.3785 0.1990 0.1400
2 0.0441 0.3603 0.0882 0.1327
1 0.9932 0.5017 0.0136 0.0232
1 0.9927 0.4770 0.0146 0.0236
1 0.9919 0.4553 0.0161 0.0198
1 0.9728 0.4477 0.0221 0.0215
1 0.9725 0.4266 0.0234 0.0198
1 0.9922 0.4321 0.0155 0.0207
1 0.9899 0.4091 0.0139 0.0228
1 0.9702 0.4047 0.0247 0.0207
1 0.9312 0.3547 0.0161 0.0211
1 0.9680 0.3840 0.0253 0.0207
1 0.9968 0.3695 0.0063 0.0245
1 0.9967 0.3480 0.0067 0.0186
1 0.9962 0.3286 0.0076 0.0177
1 0.9878 0.3649 0.0142 0.0219
1 0.9864 0.3431 0.0146 0.0232
1 0.9846 0.3214 0.0168 0.0219
1 0.9962 0.3077 0.0076 0.0266
1 0.9948 0.2847 0.0105 0.0228
1 0.9846 0.3009 0.0168 0.0190
1 0.9318 0.3754 0.0155 0.0202
1 0.9468 0.3712 0.0152 0.0202
1 0.9460 0.3503 0.0161 0.0207
1 0.9293 0.3153 0.0155 0.0198
1 0.9442 0.3096 0.0142 0.0177
1 0.9449 0.3296 0.0158 0.0198
1 0.9302 0.3349 0.0149 0.0177
