2 0.6459 0.7809 0.2428 0.2393
2 0.4617 0.7822 0.1483 0.2620
2 0.7612 0.4641 0.0973 0.1524
2 0.8391 0.4843 0.0907 0.1448
2 0.9156 0.5026 0.0963 0.1385
2 0.9706 0.5151 0.0589 0.1083
2 0.9298 0.6266 0.0926 0.1373
2 0.8585 0.6153 0.0954 0.1524
2 0.7786 0.6058 0.1096 0.1612
2 0.7980 0.7828 0.1086 0.2154
2 0.8811 0.7878 0.1011 0.1927
2 0.9536 0.7796 0.0929 0.1788
2 0.3012 0.7872 0.1823 0.3023
2 0.1111 0.7922 0.2223 0.3400
2 0.1178 0.5101 0.2355 0.2720
2 0.3149 0.5340 0.1568 0.2267
2 0.1272 0.1159 0.2544 0.2318
2 0.9776 0.6323 0.0449 0.1234
2 0.3229 0.1707 0.1483 0.2078
2 0.4518 0.2236 0.1247 0.1927
2 0.6119 0.2796 0.2069 0.2091
2 0.4598 0.5580 0.1351 0.2015
2 0.6322 0.5788 0.2229 0.1927
2 0.4565 0.3829 0.1266 0.1990
2 0.3205 0.3369 0.1511 0.2179
2 0.1230 0.2916 0.2459 0.2758
2 0.6181 0.4213 0.2059 0.1927
2 0.7470 0.3344 0.0973 0.1549
2 0.8235 0.3659 0.0860 0.1373
2 0.8958 0.3898 0.0907 0.1297
2 0.9576 0.4163 0.0727 0.1247
2 0.9871 0.4289 0.0258 0.0945
2 0.9772 0.3313 0.0457 0.0982
2 0.9354 0.3168 0.0661 0.1171
2 0.8759 0.2891 0.0850 0.1247
2 0.8046 0.2488 0.0784 0.1398
2 0.7314 0.2097 0.0926 0.1247
