2 0.4769 0.6167 0.0664 0.1199
2 0.0225 0.4286 0.0450 0.0777
2 0.0717 0.4276 0.0643 0.0805
2 0.1644 0.4295 0.1294 0.0773
2 0.1612 0.4866 0.1279 0.0369
2 0.4022 0.5116 0.0888 0.0861
2 0.4024 0.4292 0.0830 0.0787
2 0.4782 0.4322 0.0664 0.0826
2 0.5427 0.4343 0.0646 0.0798
2 0.6199 0.4348 0.0915 0.0773
2 0.7042 0.4364 0.0786 0.0798
2 0.7794 0.4366 0.0714 0.0815
2 0.8880 0.4380 0.1495 0.0851
2 0.9802 0.4380 0.0396 0.0858
2 0.9815 0.5243 0.0370 0.0931
2 0.8903 0.5236 0.1518 0.0931
2 0.7797 0.5218 0.0741 0.0896
2 0.7042 0.5202 0.0770 0.0900
2 0.7053 0.6148 0.0793 0.1047
2 0.7809 0.6178 0.0749 0.1058
2 0.8907 0.5917 0.1489 0.0489
2 0.9827 0.5870 0.0346 0.0373
2 0.2600 0.4302 0.0722 0.0794
2 0.2567 0.5093 0.0693 0.0830
2 0.3273 0.4320 0.0709 0.0766
2 0.3260 0.5118 0.0720 0.0823
2 0.3227 0.5958 0.0722 0.0858
2 0.4006 0.6132 0.0899 0.1199
2 0.5406 0.6149 0.0656 0.1135
2 0.6201 0.6174 0.0938 0.1093
2 0.6190 0.5188 0.0938 0.0886
2 0.5414 0.5149 0.0646 0.0837
2 0.4776 0.5139 0.0651 0.0858
