2 0.6979 0.4699 0.0034 0.0198
2 0.4391 0.4899 0.0133 0.0217
2 0.4263 0.4896 0.0124 0.0220
2 0.4136 0.4848 0.0130 0.0139
2 0.4138 0.4664 0.0133 0.0225
2 0.4266 0.4672 0.0122 0.0217
2 0.4144 0.4227 0.0139 0.0210
2 0.4272 0.4231 0.0124 0.0203
2 0.4001 0.4659 0.0139 0.0239
2 0.4000 0.4880 0.0140 0.0207
2 0.3855 0.4838 0.0151 0.0159
2 0.3860 0.4644 0.0148 0.0229
2 0.3865 0.4433 0.0150 0.0212
2 0.3873 0.4212 0.0146 0.0225
2 0.3695 0.4194 0.0205 0.0222
2 0.3697 0.4418 0.0195 0.0222
2 0.3689 0.4637 0.0198 0.0234
2 0.3684 0.4859 0.0196 0.0215
2 0.3496 0.4407 0.0198 0.0215
2 0.3492 0.4627 0.0194 0.0234
2 0.3491 0.4807 0.0189 0.0173
2 0.3001 0.4155 0.0158 0.0222
2 0.3001 0.4378 0.0154 0.0225
2 0.3000 0.4593 0.0152 0.0210
2 0.2996 0.4810 0.0152 0.0215
2 0.2719 0.4783 0.0113 0.0220
2 0.2721 0.4558 0.0113 0.0198
2 0.2726 0.4340 0.0110 0.0222
2 0.2729 0.4117 0.0102 0.0210
2 0.2611 0.4111 0.0132 0.0203
2 0.2607 0.4331 0.0125 0.0247
2 0.2603 0.4559 0.0114 0.0215
2 0.2598 0.4786 0.0122 0.0225
2 0.2401 0.4777 0.0288 0.0247
2 0.2404 0.4543 0.0284 0.0222
2 0.2408 0.4334 0.0276 0.0229
2 0.2409 0.4110 0.0261 0.0229
2 0.2186 0.4752 0.0152 0.0220
2 0.2186 0.4522 0.0158 0.0225
2 0.2013 0.4521 0.0205 0.0237
2 0.2012 0.4708 0.0199 0.0161
2 0.1813 0.4692 0.0187 0.0164
2 0.1814 0.4501 0.0199 0.0212
2 0.1264 0.4471 0.0272 0.0215
2 0.1265 0.4654 0.0270 0.0156
2 0.1061 0.4621 0.0137 0.0120
2 0.1064 0.4455 0.0136 0.0198
2 0.0931 0.4445 0.0128 0.0212
2 0.0932 0.4614 0.0125 0.0120
2 0.0806 0.4647 0.0130 0.0205
3 0.4908 0.5110 0.0284 0.0128
3 0.4890 0.4720 0.0319 0.0246
3 0.6023 0.4801 0.0289 0.0242
3 0.3235 0.4813 0.0324 0.0235
3 0.6013 0.5009 0.0311 0.0233
3 0.4890 0.4936 0.0320 0.0236
2 0.0348 0.4615 0.0264 0.0205
2 0.0345 0.4400 0.0261 0.0220
2 0.0536 0.4415 0.0121 0.0215
2 0.0540 0.4615 0.0125 0.0190
2 0.0668 0.4627 0.0140 0.0195
2 0.0667 0.4425 0.0141 0.0210
2 0.0805 0.4428 0.0132 0.0227
2 0.4404 0.4458 0.0140 0.0226
2 0.4271 0.4454 0.0126 0.0240
2 0.4136 0.4447 0.0136 0.0219
2 0.4006 0.4218 0.0126 0.0211
2 0.4000 0.4442 0.0135 0.0219
2 0.3499 0.4191 0.0198 0.0227
2 0.6317 0.4383 0.0267 0.0239
2 0.5155 0.4532 0.0195 0.0201
2 0.6510 0.4393 0.0121 0.0225
2 0.6635 0.4405 0.0118 0.0216
3 0.7471 0.4560 0.0123 0.0284
3 0.7460 0.4828 0.0123 0.0284
3 0.7450 0.5087 0.0123 0.0223
3 0.7092 0.4463 0.0090 0.0228
3 0.7083 0.4724 0.0090 0.0228
3 0.7074 0.4943 0.0090 0.0247
1 0.9937 0.5234 0.0126 0.0127
1 0.9403 0.5258 0.0097 0.0276
1 0.9314 0.5234 0.0078 0.0278
1 0.9236 0.5220 0.0076 0.0288
1 0.9165 0.5194 0.0063 0.0251
1 0.9098 0.5178 0.0076 0.0254
3 0.0108 0.4382 0.0217 0.0234
3 0.0109 0.4596 0.0219 0.0231
3 0.1557 0.4474 0.0324 0.0208
3 0.1558 0.4677 0.0324 0.0196
3 0.3240 0.4161 0.0324 0.0220
3 0.3238 0.4388 0.0318 0.0218
3 0.3234 0.4603 0.0327 0.0242
3 0.6039 0.4146 0.0315 0.0229
3 0.4912 0.4063 0.0323 0.0228
3 0.6027 0.4614 0.0300 0.0193
3 0.6031 0.4358 0.0301 0.0233
3 0.4903 0.4279 0.0327 0.0218
2 0.5353 0.4545 0.0191 0.0204
2 0.5362 0.4328 0.0198 0.0216
2 0.5538 0.4341 0.0157 0.0208
2 0.7229 0.4785 0.0051 0.0247
2 0.7344 0.4808 0.0104 0.0283
2 0.5530 0.4547 0.0161 0.0203
3 0.4895 0.4505 0.0321 0.0225
2 0.5163 0.4304 0.0185 0.0236
2 0.4602 0.4493 0.0262 0.0228
2 0.0133 0.5490 0.0266 0.0441
2 0.0132 0.5746 0.0264 0.0104
2 0.0383 0.5815 0.0241 0.0205
2 0.0383 0.5507 0.0237 0.0427
2 0.0747 0.5536 0.0501 0.0454
2 0.0748 0.5957 0.0497 0.0452
2 0.1160 0.5561 0.0336 0.0445
2 0.1446 0.5582 0.0236 0.0435
2 0.1449 0.6061 0.0244 0.0563
2 0.1162 0.6024 0.0338 0.0504
2 0.1809 0.6087 0.0497 0.0561
2 0.1810 0.5602 0.0498 0.0429
2 0.2294 0.6116 0.0483 0.0576
2 0.2296 0.5631 0.0474 0.0427
2 0.2665 0.5658 0.0256 0.0431
2 0.2916 0.5685 0.0251 0.0425
2 0.2916 0.6165 0.0245 0.0551
2 0.2661 0.6150 0.0268 0.0553
2 0.3189 0.5707 0.0297 0.0445
2 0.3185 0.6187 0.0294 0.0572
2 0.3461 0.6198 0.0265 0.0535
2 0.3468 0.5720 0.0263 0.0429
2 0.3844 0.5757 0.0508 0.0460
2 0.3840 0.6212 0.0492 0.0523
2 0.4242 0.6077 0.0305 0.0191
2 0.4550 0.6123 0.0310 0.0256
2 0.4554 0.5807 0.0310 0.0445
2 0.4253 0.5781 0.0318 0.0441
2 0.4966 0.5847 0.0523 0.0468
2 0.4954 0.6317 0.0519 0.0561
2 0.5347 0.6333 0.0263 0.0525
2 0.5358 0.5855 0.0263 0.0452
2 0.5358 0.5456 0.0262 0.0376
2 0.5614 0.5474 0.0241 0.0415
2 0.5864 0.5485 0.0256 0.0415
2 0.6126 0.5501 0.0271 0.0444
2 0.6379 0.5530 0.0242 0.0433
2 0.6582 0.5540 0.0175 0.0403
2 0.6562 0.5951 0.0184 0.0421
2 0.6546 0.6430 0.0186 0.0533
2 0.6342 0.6407 0.0256 0.0519
2 0.6360 0.5937 0.0257 0.0413
2 0.6110 0.5922 0.0270 0.0423
2 0.6099 0.6398 0.0279 0.0545
2 0.5852 0.5900 0.0265 0.0419
2 0.5838 0.6363 0.0267 0.0537
2 0.5597 0.6340 0.0245 0.0535
2 0.5607 0.5877 0.0246 0.0415
2 0.6936 0.5551 0.0230 0.0423
2 0.6920 0.5972 0.0221 0.0439
2 0.6905 0.6432 0.0220 0.0529
2 0.7248 0.6473 0.0477 0.0578
2 0.7264 0.6008 0.0481 0.0490
2 0.7279 0.5580 0.0473 0.0452
2 0.7661 0.5613 0.0291 0.0425
2 0.7650 0.6029 0.0294 0.0456
2 0.7629 0.6499 0.0286 0.0525
2 0.7944 0.5630 0.0284 0.0429
2 0.8227 0.5661 0.0293 0.0415
2 0.8499 0.5677 0.0260 0.0423
2 0.7924 0.6052 0.0303 0.0415
2 0.8208 0.6068 0.0294 0.0407
2 0.8424 0.6178 0.0159 0.0224
2 0.8405 0.6547 0.0172 0.0506
2 0.8122 0.6371 0.0156 0.0220
2 0.7912 0.6410 0.0283 0.0309
2 0.8822 0.6573 0.0499 0.0564
2 0.8844 0.6110 0.0487 0.0462
2 0.9178 0.6597 0.0227 0.0570
2 0.9196 0.6117 0.0233 0.0431
2 0.9431 0.6153 0.0248 0.0460
2 0.9412 0.6614 0.0255 0.0539
2 0.8867 0.5689 0.0474 0.0445
2 0.9216 0.5723 0.0235 0.0413
2 0.9454 0.5746 0.0245 0.0409
2 0.9690 0.5756 0.0246 0.0409
2 0.9669 0.6173 0.0247 0.0441
2 0.9646 0.6631 0.0259 0.0549
2 0.8331 0.4649 0.0281 0.0332
2 0.8319 0.4946 0.0284 0.0320
2 0.8323 0.5185 0.0283 0.0183
2 0.8066 0.4626 0.0260 0.0325
2 0.8059 0.4935 0.0258 0.0327
2 0.8004 0.5171 0.0159 0.0190
2 0.7784 0.5152 0.0287 0.0205
2 0.7803 0.4615 0.0268 0.0298
2 0.7788 0.4913 0.0283 0.0327
2 0.7562 0.4583 0.0071 0.0273
2 0.7631 0.4611 0.0081 0.0286
2 0.7554 0.4870 0.0070 0.0339
2 0.7612 0.4894 0.0062 0.0334
2 0.7543 0.5124 0.0070 0.0183
2 0.7607 0.5141 0.0067 0.0168
2 0.7338 0.5049 0.0113 0.0264
2 0.7355 0.4537 0.0108 0.0254
2 0.7283 0.4531 0.0043 0.0242
2 0.7241 0.4504 0.0038 0.0208
2 0.7274 0.4810 0.0037 0.0225
2 0.7223 0.5021 0.0049 0.0266
2 0.7266 0.5040 0.0043 0.0273
2 0.7157 0.4991 0.0085 0.0283
2 0.7163 0.4769 0.0081 0.0229
2 0.7176 0.4481 0.0088 0.0200
2 0.6987 0.4445 0.0034 0.0212
2 0.7026 0.4454 0.0048 0.0215
2 0.7016 0.4720 0.0040 0.0176
2 0.6973 0.4905 0.0033 0.0215
2 0.7007 0.4913 0.0041 0.0225
2 0.6316 0.4630 0.0260 0.0186
2 0.6623 0.4644 0.0129 0.0166
2 0.6503 0.4622 0.0117 0.0195
2 0.6303 0.4819 0.0258 0.0227
2 0.6494 0.4838 0.0125 0.0217
2 0.6618 0.4843 0.0128 0.0222
2 0.6608 0.5054 0.0130 0.0210
2 0.6487 0.5041 0.0114 0.0188
2 0.6298 0.5026 0.0257 0.0183
2 0.5810 0.4348 0.0135 0.0212
2 0.5681 0.4343 0.0140 0.0212
2 0.5804 0.4565 0.0136 0.0217
2 0.5670 0.4555 0.0140 0.0203
2 0.5798 0.4782 0.0142 0.0222
2 0.5799 0.4999 0.0132 0.0188
2 0.5662 0.4981 0.0126 0.0190
2 0.5539 0.4976 0.0106 0.0195
2 0.5524 0.4761 0.0162 0.0220
2 0.5668 0.4771 0.0137 0.0215
2 0.5153 0.4742 0.0199 0.0225
2 0.5344 0.4754 0.0205 0.0229
2 0.5341 0.4965 0.0185 0.0203
2 0.5147 0.4959 0.0189 0.0210
2 0.5128 0.5129 0.0151 0.0124
2 0.4611 0.4268 0.0266 0.0210
2 0.4598 0.4715 0.0262 0.0220
2 0.4598 0.4918 0.0262 0.0186
2 0.4405 0.4233 0.0140 0.0198
2 0.4396 0.4692 0.0137 0.0227
