2 0.6383 0.6385 0.2088 0.1370
2 0.6322 0.5106 0.2012 0.1232
2 0.7760 0.5168 0.1028 0.1210
2 0.7867 0.6415 0.1099 0.1326
2 0.8799 0.6436 0.1082 0.1326
2 0.8665 0.5201 0.1044 0.1217
2 0.9443 0.4082 0.1114 0.1122
2 0.9514 0.5212 0.0972 0.1195
2 0.9593 0.6436 0.0813 0.1283
2 0.9675 0.7486 0.0649 0.0758
2 0.8919 0.7544 0.1060 0.0904
2 0.7957 0.7533 0.1060 0.0969
2 0.6424 0.7522 0.2137 0.0991
2 0.0166 0.7526 0.0331 0.1058
2 0.0897 0.7518 0.1306 0.1028
2 0.2272 0.7526 0.1585 0.0985
2 0.3606 0.7540 0.1170 0.0985
2 0.4770 0.7533 0.1148 0.0985
2 0.4803 0.6381 0.1071 0.1335
2 0.3679 0.6367 0.1153 0.1378
2 0.2357 0.6338 0.1634 0.1422
2 0.1031 0.6298 0.1301 0.1415
2 0.1348 0.3711 0.1148 0.1224
2 0.1217 0.4950 0.1159 0.1341
2 0.2480 0.4982 0.1541 0.1275
2 0.2551 0.3762 0.1487 0.1224
2 0.3748 0.3835 0.1060 0.1181
2 0.3709 0.5015 0.1060 0.1327
2 0.4805 0.5081 0.1099 0.1297
2 0.4822 0.3900 0.1077 0.1181
2 0.4803 0.2796 0.1006 0.1159
2 0.3822 0.2727 0.1022 0.1181
2 0.2657 0.2676 0.1405 0.1341
2 0.1486 0.2579 0.1077 0.1217
2 0.6235 0.2861 0.1880 0.1173
2 0.7574 0.2938 0.0929 0.1108
2 0.8405 0.2971 0.0951 0.1071
2 0.9386 0.3029 0.1229 0.1101
2 0.8558 0.4042 0.0929 0.1130
2 0.7664 0.4013 0.0968 0.1130
2 0.6290 0.3947 0.1924 0.1173
