2 0.4223 0.5405 0.0563 0.0738
3 0.0818 0.5233 0.0560 0.0382
1 0.1381 0.3563 0.0087 0.0154
1 0.1368 0.3720 0.0094 0.0154
1 0.1297 0.3673 0.0094 0.0154
1 0.1302 0.3501 0.0094 0.0154
1 0.0120 0.4013 0.0170 0.0207
1 0.0120 0.3808 0.0170 0.0207
2 0.3650 0.5428 0.0601 0.0751
2 0.3655 0.4694 0.0611 0.0734
2 0.4232 0.4684 0.0544 0.0721
2 0.4223 0.6095 0.0563 0.0624
2 0.4825 0.6084 0.0649 0.0637
2 0.4825 0.5405 0.0661 0.0738
2 0.4820 0.4677 0.0645 0.0725
2 0.5446 0.6084 0.0581 0.0607
2 0.5440 0.5404 0.0577 0.0754
2 0.5435 0.4665 0.0588 0.0744
2 0.6010 0.4667 0.0562 0.0718
2 0.6025 0.5396 0.0585 0.0738
2 0.6027 0.6117 0.0573 0.0704
2 0.6564 0.6120 0.0486 0.0749
2 0.6592 0.4660 0.0588 0.0704
2 0.7517 0.4672 0.1298 0.0719
2 0.7534 0.5437 0.1294 0.0790
2 0.9857 0.5232 0.0285 0.0390
2 0.9817 0.4634 0.0365 0.0754
3 0.8549 0.6052 0.0721 0.0572
3 0.8936 0.5391 0.1541 0.0759
3 0.8923 0.4639 0.1591 0.0754
3 0.0551 0.4688 0.1086 0.0729
1 0.0862 0.3650 0.0293 0.0134
1 0.1137 0.3650 0.0254 0.0139
1 0.1141 0.3493 0.0254 0.0190
1 0.0866 0.3500 0.0287 0.0166
1 0.0047 0.2801 0.0094 0.0217
1 0.0034 0.3011 0.0069 0.0193
1 0.0034 0.3206 0.0067 0.0198
1 0.0028 0.3397 0.0056 0.0193
1 0.0024 0.3603 0.0049 0.0215
1 0.0125 0.3602 0.0170 0.0207
1 0.0137 0.3406 0.0174 0.0203
1 0.0144 0.3213 0.0179 0.0207
1 0.0154 0.3011 0.0178 0.0212
1 0.0171 0.2800 0.0172 0.0229
1 0.0617 0.3043 0.0129 0.0247
1 0.0613 0.3234 0.0126 0.0269
1 0.0603 0.3419 0.0121 0.0247
2 0.1958 0.5290 0.0487 0.0443
2 0.6598 0.5403 0.0569 0.0764
2 0.3642 0.6061 0.0604 0.0540
2 0.3062 0.5424 0.0576 0.0743
2 0.3066 0.4698 0.0579 0.0726
2 0.3115 0.6067 0.0475 0.0528
2 0.2483 0.5346 0.0577 0.0569
2 0.2492 0.4701 0.0569 0.0714
2 0.1926 0.4710 0.0562 0.0731
2 0.1371 0.4706 0.0559 0.0710
