2 0.0380 0.6574 0.0242 0.0404
2 0.0652 0.6584 0.0313 0.0419
2 0.0953 0.6612 0.0315 0.0416
2 0.0950 0.6236 0.0306 0.0401
2 0.0648 0.6218 0.0315 0.0401
2 0.0376 0.6202 0.0246 0.0398
2 0.0151 0.7388 0.0265 0.0516
2 0.0140 0.6940 0.0280 0.0392
2 0.0136 0.6557 0.0272 0.0416
2 0.0132 0.6176 0.0263 0.0398
3 0.1400 0.5472 0.0133 0.0359
3 0.1397 0.5228 0.0133 0.0328
2 0.1492 0.5400 0.0054 0.0293
2 0.1540 0.5361 0.0044 0.0283
2 0.1586 0.5329 0.0046 0.0293
2 0.1655 0.5275 0.0088 0.0329
2 0.1726 0.5212 0.0057 0.0298
2 0.1790 0.5153 0.0072 0.0302
2 0.1792 0.4933 0.0067 0.0247
2 0.1729 0.4984 0.0059 0.0253
2 0.1654 0.5039 0.0092 0.0276
2 0.1587 0.5089 0.0044 0.0244
2 0.1538 0.5116 0.0051 0.0244
2 0.1488 0.5162 0.0055 0.0258
2 0.1276 0.5524 0.0111 0.0251
2 0.1177 0.5565 0.0085 0.0159
2 0.1272 0.5325 0.0115 0.0320
2 0.1180 0.5378 0.0072 0.0273
2 0.0571 0.5550 0.0245 0.0141
2 0.0799 0.5554 0.0212 0.0105
2 0.1018 0.5576 0.0232 0.0112
2 0.1025 0.5392 0.0241 0.0261
2 0.0799 0.5381 0.0215 0.0278
2 0.0570 0.5356 0.0253 0.0261
2 0.0158 0.4937 0.0051 0.0217
2 0.0092 0.4933 0.0085 0.0215
2 0.0095 0.5175 0.0087 0.0270
2 0.0164 0.5178 0.0056 0.0268
2 0.0343 0.5190 0.0110 0.0278
2 0.0339 0.4955 0.0102 0.0219
2 0.0458 0.4907 0.0138 0.0112
2 0.0588 0.4927 0.0124 0.0125
2 0.0772 0.4727 0.0212 0.0122
2 0.0599 0.4755 0.0147 0.0212
2 0.0455 0.4747 0.0151 0.0222
2 0.0336 0.4739 0.0106 0.0210
2 0.0153 0.4718 0.0050 0.0219
2 0.0065 0.4718 0.0130 0.0215
3 0.6717 0.5658 0.0112 0.0248
3 0.6726 0.5424 0.0104 0.0216
2 0.5901 0.5348 0.0078 0.0189
2 0.5894 0.5580 0.0078 0.0267
2 0.6142 0.5532 0.0126 0.0126
2 0.6023 0.7680 0.0265 0.0431
2 0.6042 0.7273 0.0257 0.0366
2 0.6048 0.6933 0.0257 0.0325
2 0.5816 0.6908 0.0204 0.0357
2 0.5786 0.7670 0.0214 0.0433
2 0.5805 0.7277 0.0209 0.0369
2 0.5063 0.7230 0.0440 0.0375
2 0.6147 0.5377 0.0130 0.0183
2 0.6271 0.5383 0.0136 0.0183
2 0.6260 0.5610 0.0129 0.0259
2 0.6388 0.5607 0.0138 0.0224
2 0.6396 0.5392 0.0140 0.0198
2 0.6560 0.5614 0.0227 0.0218
2 0.6569 0.5408 0.0229 0.0183
2 0.6818 0.5764 0.0034 0.0208
2 0.6787 0.5740 0.0046 0.0222
2 0.6833 0.5508 0.0037 0.0185
2 0.6798 0.5463 0.0048 0.0207
2 0.6953 0.5626 0.0042 0.0250
2 0.6947 0.5874 0.0062 0.0321
2 0.6994 0.5925 0.0064 0.0315
2 0.7008 0.5667 0.0058 0.0258
2 0.7060 0.5724 0.0071 0.0275
2 0.7040 0.5973 0.0082 0.0330
2 0.7096 0.6023 0.0062 0.0279
2 0.7109 0.5780 0.0053 0.0260
2 0.7156 0.5828 0.0053 0.0266
2 0.7145 0.6040 0.0060 0.0232
2 0.7202 0.6084 0.0073 0.0181
2 0.7217 0.5894 0.0078 0.0313
2 0.7171 0.5605 0.0062 0.0252
2 0.7228 0.5667 0.0080 0.0254
2 0.7294 0.5727 0.0070 0.0256
2 0.7281 0.5961 0.0080 0.0301
2 0.7265 0.6216 0.0073 0.0348
2 0.7321 0.6287 0.0074 0.0352
2 0.7338 0.6020 0.0074 0.0317
2 0.7353 0.5791 0.0071 0.0275
2 0.7439 0.5882 0.0128 0.0338
2 0.7427 0.6116 0.0136 0.0378
2 0.7413 0.6324 0.0144 0.0275
2 0.7509 0.6427 0.0061 0.0208
2 0.7518 0.6209 0.0078 0.0317
2 0.7538 0.5958 0.0070 0.0283
2 0.7698 0.5988 0.0246 0.0262
2 0.7688 0.6215 0.0254 0.0212
2 0.7921 0.6230 0.0205 0.0195
2 0.7927 0.6015 0.0221 0.0271
2 0.8143 0.6266 0.0240 0.0260
2 0.8155 0.6017 0.0243 0.0262
2 0.8758 0.7837 0.0269 0.0434
2 0.8971 0.7859 0.0244 0.0448
2 0.9172 0.7873 0.0227 0.0448
2 0.9389 0.7878 0.0269 0.0451
2 0.9418 0.7473 0.0255 0.0351
2 0.9211 0.7468 0.0217 0.0357
2 0.9011 0.7460 0.0232 0.0354
2 0.8786 0.7446 0.0259 0.0349
2 0.6954 0.7759 0.0241 0.0472
2 0.7186 0.7765 0.0262 0.0454
2 0.7426 0.7777 0.0272 0.0460
2 0.7651 0.7790 0.0254 0.0439
2 0.7976 0.7816 0.0461 0.0410
2 0.8315 0.7801 0.0264 0.0422
2 0.8538 0.7812 0.0252 0.0425
2 0.8566 0.7434 0.0247 0.0349
2 0.8341 0.7418 0.0265 0.0363
2 0.8005 0.7406 0.0463 0.0357
2 0.7674 0.7387 0.0247 0.0349
2 0.7449 0.7369 0.0257 0.0360
2 0.7209 0.7362 0.0269 0.0352
2 0.6979 0.7346 0.0244 0.0366
2 0.6998 0.7002 0.0242 0.0328
2 0.7225 0.7016 0.0275 0.0351
2 0.6503 0.7730 0.0306 0.0472
2 0.6750 0.7744 0.0231 0.0472
2 0.6786 0.6990 0.0224 0.0328
2 0.6766 0.7330 0.0229 0.0357
2 0.6529 0.7311 0.0300 0.0366
2 0.6542 0.6965 0.0306 0.0354
2 0.6289 0.6937 0.0229 0.0334
2 0.6280 0.7290 0.0226 0.0390
2 0.6260 0.7719 0.0236 0.0486
2 0.5678 0.6914 0.0071 0.0357
2 0.5494 0.7277 0.0418 0.0334
2 0.5480 0.7655 0.0418 0.0445
2 0.5054 0.7633 0.0443 0.0460
2 0.4662 0.7613 0.0338 0.0454
2 0.4676 0.7214 0.0344 0.0378
2 0.5032 0.6874 0.0354 0.0354
2 0.4686 0.6844 0.0351 0.0381
2 0.4153 0.7175 0.0216 0.0381
2 0.3889 0.7160 0.0305 0.0381
2 0.3621 0.7141 0.0241 0.0372
2 0.3612 0.7547 0.0232 0.0457
2 0.3880 0.7560 0.0306 0.0448
2 0.4139 0.7577 0.0237 0.0442
2 0.4377 0.7591 0.0247 0.0445
2 0.4386 0.7188 0.0262 0.0378
2 0.4391 0.6813 0.0245 0.0401
2 0.4162 0.6806 0.0229 0.0375
2 0.3896 0.6803 0.0313 0.0387
2 0.3624 0.6776 0.0250 0.0387
2 0.3375 0.7551 0.0239 0.0472
2 0.3381 0.7119 0.0249 0.0381
2 0.3380 0.6759 0.0255 0.0398
2 0.3028 0.6734 0.0475 0.0407
2 0.3026 0.7107 0.0473 0.0416
2 0.3022 0.7529 0.0460 0.0516
2 0.2681 0.7516 0.0226 0.0489
2 0.2442 0.7501 0.0262 0.0489
2 0.2198 0.7492 0.0232 0.0507
2 0.2684 0.7097 0.0227 0.0354
2 0.2440 0.7075 0.0267 0.0381
2 0.2194 0.7062 0.0227 0.0366
2 0.2689 0.6349 0.0226 0.0369
2 0.2684 0.6715 0.0231 0.0398
2 0.2442 0.6702 0.0272 0.0384
2 0.2197 0.6684 0.0229 0.0390
2 0.2443 0.6330 0.0274 0.0390
2 0.2201 0.6322 0.0231 0.0398
2 0.1979 0.7485 0.0216 0.0510
2 0.1741 0.7476 0.0267 0.0504
2 0.1974 0.7050 0.0231 0.0378
2 0.1735 0.7033 0.0265 0.0372
2 0.1977 0.6675 0.0227 0.0390
2 0.1739 0.6661 0.0262 0.0384
2 0.1975 0.6297 0.0227 0.0378
2 0.1735 0.6287 0.0260 0.0363
2 0.1360 0.7462 0.0499 0.0504
2 0.1357 0.7030 0.0503 0.0425
2 0.1358 0.6659 0.0516 0.0428
2 0.1355 0.6265 0.0512 0.0407
2 0.0397 0.7402 0.0241 0.0513
2 0.0664 0.7416 0.0310 0.0518
2 0.0966 0.7440 0.0321 0.0507
2 0.0961 0.7000 0.0305 0.0407
2 0.0655 0.6981 0.0303 0.0416
2 0.0394 0.6952 0.0244 0.0398
