2 0.6581 0.4263 0.0623 0.0674
2 0.0430 0.4063 0.0860 0.0802
2 0.1178 0.4082 0.0656 0.0765
2 0.1838 0.4103 0.0705 0.0789
2 0.2561 0.4129 0.0753 0.0780
2 0.3280 0.4152 0.0699 0.0751
2 0.3973 0.4179 0.0686 0.0789
2 0.3968 0.4945 0.0690 0.0827
2 0.3956 0.5807 0.0690 0.0974
2 0.3253 0.5803 0.0715 0.0966
2 0.3268 0.4913 0.0718 0.0806
2 0.2538 0.4926 0.0772 0.0823
2 0.2529 0.5778 0.0766 0.0898
2 0.1797 0.5807 0.0705 0.0991
2 0.1808 0.4905 0.0715 0.0831
2 0.1126 0.4886 0.0680 0.0827
2 0.1110 0.5818 0.0680 0.1029
2 0.0407 0.4886 0.0814 0.0852
2 0.0399 0.5816 0.0799 0.1042
2 0.4937 0.4258 0.1283 0.0714
2 0.5924 0.4258 0.0691 0.0714
2 0.7226 0.4260 0.0676 0.0679
2 0.7872 0.4298 0.0592 0.0674
2 0.8433 0.4298 0.0539 0.0643
2 0.9033 0.4328 0.0638 0.0653
2 0.9054 0.5014 0.0664 0.0759
2 0.9073 0.5814 0.0649 0.0860
2 0.8473 0.5817 0.0581 0.0845
2 0.8451 0.5007 0.0581 0.0774
2 0.7881 0.5007 0.0611 0.0774
2 0.7900 0.5850 0.0619 0.0941
2 0.7241 0.5857 0.0698 0.0997
2 0.7238 0.4982 0.0691 0.0764
2 0.6581 0.4977 0.0645 0.0764
2 0.6583 0.5819 0.0626 0.0941
2 0.5932 0.5827 0.0683 0.0947
2 0.5926 0.4971 0.0679 0.0764
2 0.4947 0.4997 0.1294 0.0785
2 0.4949 0.5840 0.1291 0.0911
