2 0.2932 0.6134 0.0219 0.1403
2 0.7724 0.4545 0.0715 0.0692
3 0.9572 0.3986 0.0855 0.1059
2 0.7694 0.3686 0.0720 0.1172
2 0.6981 0.4719 0.0788 0.1221
2 0.6949 0.6113 0.0697 0.1567
2 0.5751 0.6088 0.1717 0.1725
2 0.3178 0.6106 0.0292 0.1494
2 0.5754 0.4594 0.1695 0.1446
2 0.4401 0.4515 0.1029 0.1373
2 0.4348 0.6027 0.1116 0.1628
2 0.3645 0.4570 0.0460 0.1555
2 0.3282 0.4752 0.0282 0.1336
2 0.3014 0.4946 0.0228 0.1081
2 0.3549 0.6058 0.0469 0.1640
2 0.8603 0.3856 0.1125 0.1148
2 0.8614 0.4436 0.1111 0.0279
