2 0.0417 0.5131 0.0834 0.1021
2 0.0546 0.3195 0.0913 0.0962
2 0.1321 0.3200 0.0809 0.0963
2 0.2116 0.3189 0.0847 0.0941
2 0.2903 0.3185 0.0782 0.0905
2 0.3789 0.3182 0.1055 0.0912
2 0.4677 0.3182 0.0754 0.0897
2 0.5453 0.3167 0.0809 0.0941
2 0.6213 0.3178 0.0711 0.0919
2 0.6257 0.4107 0.0765 0.0956
2 0.6262 0.5084 0.0777 0.1028
2 0.5456 0.4115 0.0825 0.0970
2 0.5464 0.5095 0.0842 0.1050
2 0.4677 0.5091 0.0765 0.1014
2 0.4674 0.4100 0.0749 0.0956
2 0.3781 0.4104 0.1071 0.0963
2 0.2843 0.4115 0.0847 0.0941
2 0.2031 0.4140 0.0853 0.0963
2 0.1247 0.4133 0.0880 0.1007
2 0.0466 0.4140 0.0933 0.0948
2 0.1001 0.7380 0.0935 0.1422
2 0.1192 0.5135 0.0858 0.1043
2 0.1985 0.5099 0.0869 0.1028
2 0.2824 0.5099 0.0864 0.1043
2 0.3750 0.5091 0.1088 0.1014
2 0.0379 0.6166 0.0758 0.1065
2 0.7426 0.4079 0.1667 0.0948
2 0.7489 0.5063 0.1673 0.1035
2 0.6314 0.6084 0.0842 0.1006
2 0.7538 0.6069 0.1727 0.1035
2 0.8790 0.6076 0.0962 0.1050
2 0.8700 0.5041 0.0924 0.1020
2 0.9556 0.5031 0.0888 0.1028
2 0.9592 0.6073 0.0817 0.1057
2 0.9652 0.7290 0.0696 0.1392
2 0.8921 0.7294 0.0995 0.1399
2 0.7637 0.7315 0.1782 0.1415
2 0.6346 0.7319 0.0798 0.1437
2 0.1094 0.6159 0.0891 0.1109
2 0.1933 0.6130 0.0896 0.1094
2 0.2769 0.6141 0.0864 0.1130
2 0.3718 0.6112 0.1099 0.1101
2 0.4666 0.6112 0.0787 0.1043
2 0.5483 0.6115 0.0858 0.1065
2 0.0330 0.7373 0.0659 0.1349
2 0.4661 0.7336 0.0787 0.1422
2 0.5505 0.7333 0.0891 0.1386
2 0.3720 0.7314 0.1126 0.1378
2 0.2709 0.7405 0.0918 0.1444
2 0.1851 0.7409 0.0973 0.1466
2 0.7355 0.3150 0.1602 0.0867
2 0.8560 0.3128 0.0918 0.0882
2 0.9358 0.3132 0.0896 0.0918
2 0.9849 0.3143 0.0303 0.0896
2 0.9922 0.4047 0.0155 0.0911
2 0.9465 0.4036 0.0924 0.0962
2 0.8642 0.4058 0.0907 0.0991
