2 0.0550 0.3892 0.0082 0.0330
2 0.6626 0.4324 0.0091 0.0348
2 0.4954 0.5810 0.0260 0.0449
2 0.4948 0.6309 0.0267 0.0578
2 0.5233 0.6322 0.0300 0.0552
2 0.5234 0.5827 0.0307 0.0434
2 0.7694 0.5980 0.0568 0.0415
2 0.7271 0.6393 0.0281 0.0508
2 0.7289 0.5944 0.0302 0.0391
2 0.7007 0.5929 0.0319 0.0396
2 0.6706 0.5923 0.0330 0.0383
2 0.6421 0.5902 0.0303 0.0386
2 0.6977 0.6384 0.0319 0.0510
2 0.6682 0.6376 0.0327 0.0518
2 0.6394 0.6362 0.0306 0.0520
2 0.6138 0.6345 0.0253 0.0520
2 0.6159 0.5880 0.0251 0.0425
2 0.5854 0.5860 0.0356 0.0442
2 0.6552 0.4235 0.0091 0.0348
2 0.6079 0.4159 0.0131 0.0285
2 0.5944 0.4146 0.0136 0.0273
2 0.5745 0.4133 0.0264 0.0274
2 0.5839 0.6333 0.0371 0.0544
2 0.5516 0.6327 0.0275 0.0537
2 0.5529 0.5846 0.0292 0.0454
2 0.4555 0.6303 0.0522 0.0596
2 0.4017 0.6273 0.0556 0.0571
2 0.4561 0.5800 0.0523 0.0460
2 0.4023 0.5763 0.0559 0.0468
2 0.1901 0.6161 0.0295 0.0574
2 0.1889 0.5651 0.0310 0.0461
2 0.7659 0.6427 0.0585 0.0498
2 0.8077 0.6443 0.0338 0.0510
2 0.8354 0.6453 0.0316 0.0515
2 0.8628 0.6467 0.0342 0.0510
2 0.8105 0.5997 0.0335 0.0391
2 0.8393 0.6005 0.0301 0.0381
2 0.8669 0.6017 0.0325 0.0376
2 0.8949 0.6030 0.0295 0.0379
2 0.9195 0.6041 0.0279 0.0381
2 0.9450 0.6056 0.0317 0.0381
2 0.9406 0.6505 0.0346 0.0518
2 0.9143 0.6487 0.0287 0.0506
2 0.8915 0.6476 0.0279 0.0513
2 0.7442 0.4724 0.0302 0.0293
2 0.7719 0.4737 0.0249 0.0295
2 0.7985 0.4745 0.0278 0.0303
2 0.7482 0.5117 0.0150 0.0207
2 0.7344 0.5050 0.0151 0.0342
2 0.7242 0.4990 0.0088 0.0360
2 0.7149 0.4916 0.0141 0.0490
2 0.7261 0.4682 0.0070 0.0323
2 0.2199 0.5673 0.0314 0.0476
2 0.2203 0.6186 0.0314 0.0574
2 0.2541 0.6195 0.0376 0.0569
2 0.2538 0.5686 0.0389 0.0483
2 0.2869 0.5696 0.0276 0.0449
2 0.2871 0.6211 0.0299 0.0581
2 0.3162 0.6243 0.0316 0.0576
2 0.3160 0.5722 0.0316 0.0481
2 0.3532 0.6252 0.0424 0.0554
2 0.3535 0.5738 0.0435 0.0474
2 0.2862 0.5261 0.0279 0.0447
2 0.2534 0.5247 0.0395 0.0459
2 0.2192 0.5218 0.0309 0.0449
2 0.1886 0.5201 0.0324 0.0434
2 0.1471 0.6138 0.0605 0.0566
2 0.1042 0.6125 0.0302 0.0583
2 0.1453 0.5627 0.0600 0.0481
2 0.1023 0.5606 0.0308 0.0459
2 0.0718 0.5589 0.0360 0.0469
2 0.0401 0.5573 0.0313 0.0481
2 0.0737 0.6108 0.0365 0.0598
2 0.0432 0.6104 0.0320 0.0610
2 0.0155 0.6090 0.0310 0.0613
2 0.0139 0.5558 0.0277 0.0471
2 0.1437 0.5186 0.0603 0.0469
2 0.1001 0.5153 0.0299 0.0466
2 0.0689 0.5135 0.0362 0.0454
2 0.0381 0.5119 0.0309 0.0452
2 0.0125 0.5099 0.0250 0.0466
2 0.0477 0.3930 0.0086 0.0344
2 0.0619 0.3869 0.0077 0.0344
2 0.0722 0.3816 0.0149 0.0377
2 0.0837 0.3755 0.0104 0.0332
2 0.0928 0.3707 0.0108 0.0350
2 0.0916 0.3445 0.0106 0.0273
2 0.0826 0.3497 0.0095 0.0269
2 0.0712 0.3550 0.0144 0.0289
2 0.0609 0.3597 0.0076 0.0269
2 0.0536 0.3628 0.0081 0.0265
2 0.0461 0.3658 0.0092 0.0285
2 0.0023 0.3848 0.0046 0.0275
2 0.0136 0.4021 0.0188 0.0238
2 0.0131 0.3812 0.0184 0.0340
3 0.0336 0.4001 0.0221 0.0405
3 0.0319 0.3708 0.0214 0.0348
2 0.7168 0.4601 0.0143 0.0376
2 0.7085 0.4506 0.0069 0.0309
2 0.7015 0.4454 0.0082 0.0313
2 0.6993 0.4781 0.0077 0.0468
2 0.7065 0.4843 0.0064 0.0474
2 0.6940 0.4586 0.0078 0.0212
2 0.6954 0.4389 0.0086 0.0303
2 0.6895 0.4329 0.0066 0.0252
2 0.6849 0.4278 0.0047 0.0266
2 0.6796 0.4229 0.0065 0.0258
2 0.6732 0.4451 0.0065 0.0368
2 0.6776 0.4494 0.0076 0.0374
2 0.6838 0.4551 0.0053 0.0358
2 0.6883 0.4567 0.0056 0.0277
2 0.6684 0.4397 0.0057 0.0358
2 0.6272 0.4171 0.0260 0.0321
2 0.5552 0.4118 0.0128 0.0281
