2 0.8407 0.4026 0.0278 0.0205
2 0.8394 0.4249 0.0275 0.0223
2 0.8191 0.4225 0.0163 0.0211
2 0.8021 0.4206 0.0204 0.0185
2 0.7835 0.4206 0.0198 0.0196
2 0.8037 0.4006 0.0211 0.0205
2 0.8204 0.4007 0.0165 0.0202
2 0.8222 0.3799 0.0158 0.0208
2 0.8240 0.3590 0.0161 0.0205
2 0.8261 0.3370 0.0166 0.0217
2 0.8276 0.3162 0.0171 0.0205
2 0.8101 0.3156 0.0208 0.0217
2 0.8086 0.3366 0.0213 0.0214
2 0.8072 0.3582 0.0204 0.0220
2 0.8051 0.3795 0.0203 0.0217
2 0.7850 0.4000 0.0196 0.0217
2 0.7867 0.3783 0.0206 0.0205
2 0.7878 0.3569 0.0203 0.0217
2 0.7892 0.3358 0.0201 0.0211
2 0.7910 0.3147 0.0198 0.0199
2 0.7317 0.3991 0.0277 0.0217
2 0.7332 0.3773 0.0287 0.0214
2 0.7342 0.3559 0.0290 0.0226
2 0.7362 0.3338 0.0283 0.0205
2 0.7381 0.3117 0.0306 0.0220
2 0.7170 0.3111 0.0147 0.0208
2 0.7040 0.3111 0.0135 0.0214
2 0.6945 0.3101 0.0072 0.0211
2 0.6936 0.3316 0.0084 0.0220
2 0.6919 0.3536 0.0077 0.0231
2 0.6909 0.3752 0.0082 0.0202
2 0.6896 0.3968 0.0077 0.0217
2 0.6893 0.4130 0.0068 0.0097
2 0.6991 0.4130 0.0138 0.0102
2 0.7120 0.4126 0.0122 0.0088
2 0.7311 0.4149 0.0260 0.0082
2 0.7120 0.3979 0.0133 0.0211
2 0.7131 0.3765 0.0132 0.0217
2 0.7148 0.3540 0.0138 0.0223
2 0.7164 0.3328 0.0135 0.0208
2 0.7028 0.3322 0.0140 0.0220
2 0.7019 0.3547 0.0135 0.0226
2 0.7004 0.3758 0.0138 0.0202
2 0.6995 0.3972 0.0133 0.0214
2 0.6652 0.3089 0.0135 0.0203
2 0.6643 0.3300 0.0135 0.0220
2 0.6630 0.3521 0.0140 0.0232
2 0.6617 0.3742 0.0139 0.0220
2 0.6608 0.3960 0.0133 0.0222
2 0.6599 0.4142 0.0130 0.0142
2 0.6409 0.4189 0.0262 0.0256
2 0.6416 0.3952 0.0266 0.0215
2 0.6426 0.3735 0.0265 0.0208
2 0.6436 0.3521 0.0262 0.0212
2 0.6446 0.3295 0.0262 0.0234
2 0.6455 0.3076 0.0262 0.0198
2 0.5908 0.4179 0.0143 0.0273
2 0.5917 0.3938 0.0139 0.0222
2 0.5923 0.3712 0.0140 0.0225
2 0.5932 0.3500 0.0141 0.0215
2 0.5940 0.3278 0.0146 0.0215
2 0.5947 0.3064 0.0139 0.0212
2 0.5814 0.3056 0.0139 0.0215
2 0.5675 0.3048 0.0158 0.0215
2 0.5539 0.3039 0.0132 0.0205
2 0.5342 0.3030 0.0265 0.0227
2 0.5342 0.3246 0.0255 0.0210
2 0.5537 0.3253 0.0126 0.0210
2 0.5669 0.3261 0.0150 0.0200
2 0.5808 0.3271 0.0137 0.0205
2 0.5797 0.3485 0.0129 0.0220
2 0.5665 0.3482 0.0148 0.0237
2 0.5531 0.3479 0.0135 0.0232
2 0.5336 0.3474 0.0266 0.0232
2 0.5327 0.3703 0.0261 0.0210
2 0.5520 0.3705 0.0135 0.0215
2 0.5659 0.3711 0.0152 0.0217
2 0.5791 0.3711 0.0139 0.0217
2 0.5785 0.3932 0.0136 0.0225
2 0.5774 0.4174 0.0129 0.0264
2 0.5640 0.4176 0.0148 0.0259
2 0.5649 0.3931 0.0148 0.0217
2 0.5515 0.3926 0.0130 0.0222
2 0.5508 0.4176 0.0125 0.0273
2 0.5317 0.4177 0.0262 0.0286
2 0.5324 0.3921 0.0262 0.0212
2 0.4735 0.4152 0.0260 0.0293
2 0.4736 0.3900 0.0262 0.0225
2 0.4740 0.3676 0.0268 0.0220
2 0.4744 0.3446 0.0266 0.0239
2 0.4743 0.3228 0.0273 0.0207
2 0.4534 0.3219 0.0161 0.0225
2 0.4369 0.3209 0.0181 0.0220
2 0.4213 0.3202 0.0136 0.0210
2 0.4079 0.3194 0.0140 0.0217
2 0.3932 0.3190 0.0158 0.0225
2 0.3779 0.3194 0.0148 0.0227
2 0.3781 0.3423 0.0140 0.0227
2 0.3822 0.3867 0.0067 0.0227
2 0.3937 0.4100 0.0162 0.0259
2 0.4081 0.4115 0.0143 0.0273
2 0.4216 0.4135 0.0130 0.0303
2 0.4366 0.4139 0.0181 0.0312
2 0.4531 0.4149 0.0154 0.0312
2 0.4530 0.3887 0.0150 0.0227
2 0.4532 0.3667 0.0148 0.0242
2 0.4534 0.3441 0.0154 0.0234
2 0.4366 0.3432 0.0176 0.0244
2 0.4368 0.3663 0.0177 0.0244
2 0.4370 0.3875 0.0181 0.0217
2 0.4216 0.3873 0.0130 0.0229
2 0.4214 0.3651 0.0132 0.0225
2 0.4218 0.3425 0.0132 0.0232
2 0.4081 0.3423 0.0143 0.0237
2 0.4082 0.3646 0.0137 0.0234
2 0.4084 0.3870 0.0136 0.0237
2 0.3932 0.3866 0.0159 0.0225
2 0.3934 0.3644 0.0151 0.0225
2 0.3932 0.3417 0.0157 0.0229
2 0.3629 0.3175 0.0151 0.0227
2 0.3633 0.3405 0.0154 0.0254
2 0.3631 0.3627 0.0146 0.0239
2 0.3618 0.3828 0.0126 0.0181
2 0.3411 0.3172 0.0284 0.0251
2 0.3414 0.3399 0.0280 0.0256
2 0.3419 0.3627 0.0281 0.0239
2 0.2862 0.3143 0.0141 0.0242
2 0.2868 0.3376 0.0137 0.0244
2 0.2874 0.3602 0.0130 0.0227
2 0.2659 0.3166 0.0043 0.0254
2 0.2665 0.3428 0.0040 0.0276
2 0.2674 0.3676 0.0041 0.0205
2 0.2632 0.3731 0.0045 0.0222
2 0.2624 0.3461 0.0041 0.0312
2 0.2617 0.3195 0.0037 0.0288
2 0.2565 0.3250 0.0056 0.0315
2 0.2515 0.3292 0.0044 0.0300
2 0.2468 0.3337 0.0052 0.0303
2 0.2415 0.3384 0.0067 0.0349
2 0.2353 0.3435 0.0063 0.0361
2 0.2293 0.3441 0.0058 0.0237
2 0.2201 0.3454 0.0130 0.0200
2 0.2573 0.3510 0.0060 0.0293
2 0.2520 0.3574 0.0040 0.0308
2 0.2478 0.3625 0.0044 0.0312
3 0.3108 0.3618 0.0344 0.0246
3 0.3103 0.3382 0.0344 0.0261
3 0.3099 0.3142 0.0343 0.0237
3 0.3095 0.2909 0.0348 0.0223
3 0.5047 0.3023 0.0333 0.0246
3 0.5045 0.3240 0.0333 0.0252
3 0.5041 0.3462 0.0331 0.0240
3 0.5038 0.3686 0.0330 0.0243
3 0.5030 0.3909 0.0326 0.0243
3 0.5028 0.4162 0.0330 0.0305
3 0.6169 0.3053 0.0308 0.0240
3 0.6163 0.3293 0.0310 0.0244
3 0.6154 0.3507 0.0304 0.0244
3 0.6145 0.3728 0.0304 0.0244
3 0.6135 0.3946 0.0299 0.0236
3 0.6126 0.4184 0.0308 0.0256
3 0.7669 0.3126 0.0303 0.0238
3 0.7641 0.3334 0.0305 0.0222
3 0.7634 0.3568 0.0304 0.0242
3 0.7618 0.3783 0.0301 0.0234
3 0.7603 0.3997 0.0308 0.0230
3 0.7595 0.4161 0.0309 0.0122
3 0.9333 0.2535 0.0324 0.0213
3 0.9309 0.2751 0.0328 0.0225
3 0.9294 0.2978 0.0341 0.0225
3 0.9276 0.3194 0.0320 0.0217
3 0.9256 0.3413 0.0316 0.0215
3 0.9231 0.3626 0.0327 0.0212
3 0.9212 0.3837 0.0316 0.0215
3 0.9191 0.4051 0.0320 0.0220
2 0.3550 0.5003 0.0279 0.0425
3 0.9166 0.4287 0.0318 0.0256
2 0.3547 0.4589 0.0285 0.0432
2 0.3270 0.4562 0.0291 0.0450
2 0.2873 0.4552 0.0534 0.0457
2 0.0556 0.5795 0.0314 0.0457
2 0.0586 0.6248 0.0314 0.0464
2 0.0852 0.6225 0.0290 0.0422
2 0.0826 0.5806 0.0289 0.0451
2 0.1232 0.5814 0.0565 0.0460
2 0.1255 0.6238 0.0569 0.0447
2 0.1699 0.6282 0.0384 0.0493
2 0.1678 0.5825 0.0389 0.0464
2 0.1981 0.5831 0.0270 0.0443
2 0.2001 0.6285 0.0282 0.0515
2 0.2394 0.6280 0.0555 0.0498
2 0.2381 0.5833 0.0548 0.0447
2 0.2370 0.5395 0.0555 0.0447
2 0.1977 0.5405 0.0285 0.0426
2 0.1663 0.5390 0.0380 0.0439
2 0.1205 0.5390 0.0574 0.0422
2 0.0796 0.5367 0.0301 0.0451
2 0.0520 0.5363 0.0332 0.0451
2 0.2348 0.4521 0.0567 0.0456
2 0.2354 0.4969 0.0584 0.0472
2 0.1953 0.4985 0.0266 0.0439
2 0.1640 0.4956 0.0380 0.0464
2 0.1186 0.4956 0.0584 0.0472
2 0.0776 0.4941 0.0304 0.0451
2 0.0501 0.4918 0.0323 0.0464
2 0.0472 0.4479 0.0332 0.0464
2 0.0743 0.4494 0.0299 0.0451
2 0.1163 0.4502 0.0588 0.0477
2 0.1625 0.4530 0.0389 0.0456
2 0.1939 0.4526 0.0294 0.0464
2 0.1924 0.4085 0.0285 0.0451
2 0.1605 0.4085 0.0391 0.0451
2 0.1138 0.4062 0.0586 0.0464
2 0.0726 0.4047 0.0294 0.0468
2 0.0434 0.4032 0.0337 0.0447
2 0.8164 0.2442 0.0092 0.0218
2 0.8154 0.2649 0.0092 0.0218
2 0.8245 0.2672 0.0092 0.0218
2 0.8250 0.2462 0.0092 0.0218
2 0.8326 0.2696 0.0124 0.0234
2 0.3780 0.3645 0.0146 0.0213
2 0.3417 0.3825 0.0275 0.0177
2 0.2401 0.3642 0.0112 0.0288
2 0.3277 0.4996 0.0295 0.0439
2 0.2881 0.4982 0.0518 0.0446
2 0.2894 0.5418 0.0516 0.0453
2 0.3285 0.5425 0.0287 0.0425
2 0.3550 0.5427 0.0259 0.0436
2 0.2901 0.5840 0.0510 0.0411
2 0.3291 0.5856 0.0287 0.0415
2 0.2908 0.6295 0.0504 0.0492
2 0.3290 0.6307 0.0289 0.0496
2 0.3562 0.6330 0.0263 0.0548
2 0.3554 0.5856 0.0255 0.0429
2 0.3829 0.5432 0.0287 0.0432
2 0.4164 0.5443 0.0388 0.0425
2 0.4618 0.5451 0.0504 0.0429
2 0.4612 0.5863 0.0504 0.0429
2 0.4161 0.5861 0.0397 0.0425
2 0.3824 0.5850 0.0304 0.0411
2 0.3824 0.6344 0.0297 0.0562
2 0.4160 0.6343 0.0395 0.0552
2 0.4610 0.6339 0.0512 0.0552
2 0.5110 0.5476 0.0480 0.0415
2 0.5475 0.5483 0.0241 0.0394
2 0.5728 0.5490 0.0281 0.0394
2 0.6002 0.5490 0.0279 0.0401
2 0.6314 0.5502 0.0346 0.0390
2 0.6541 0.5517 0.0142 0.0383
2 0.6523 0.5896 0.0138 0.0397
2 0.6497 0.6371 0.0162 0.0552
2 0.6266 0.6364 0.0348 0.0580
2 0.6289 0.5887 0.0350 0.0394
2 0.5989 0.5886 0.0285 0.0390
2 0.5974 0.6362 0.0271 0.0562
2 0.5703 0.6364 0.0299 0.0566
2 0.5715 0.5894 0.0283 0.0401
2 0.5460 0.5877 0.0259 0.0380
2 0.5452 0.6351 0.0251 0.0548
2 0.5094 0.6358 0.0484 0.0562
2 0.5102 0.5879 0.0492 0.0404
2 0.6823 0.6379 0.0194 0.0562
2 0.7031 0.6364 0.0253 0.0538
2 0.7369 0.6376 0.0490 0.0541
2 0.7720 0.6381 0.0279 0.0545
2 0.7960 0.6390 0.0273 0.0513
2 0.8204 0.6381 0.0279 0.0552
2 0.8470 0.6392 0.0352 0.0531
2 0.8855 0.6393 0.0480 0.0527
2 0.8889 0.5930 0.0478 0.0380
2 0.8920 0.5548 0.0492 0.0383
2 0.8539 0.5548 0.0358 0.0376
2 0.8261 0.5545 0.0277 0.0397
2 0.8233 0.5926 0.0261 0.0366
2 0.8510 0.5922 0.0344 0.0394
2 0.7994 0.5924 0.0269 0.0390
2 0.8023 0.5536 0.0259 0.0394
2 0.7778 0.5530 0.0281 0.0376
2 0.7757 0.5922 0.0281 0.0387
2 0.7398 0.5914 0.0488 0.0397
2 0.7425 0.5525 0.0492 0.0366
2 0.7073 0.5520 0.0277 0.0397
2 0.7053 0.5910 0.0261 0.0404
2 0.6852 0.5893 0.0188 0.0411
2 0.6876 0.5504 0.0192 0.0380
2 0.9214 0.6348 0.0328 0.0457
2 0.9479 0.6346 0.0301 0.0432
2 0.9723 0.6395 0.0263 0.0538
2 0.9767 0.5942 0.0261 0.0404
2 0.9525 0.5935 0.0302 0.0383
2 0.9255 0.5935 0.0324 0.0390
2 0.9292 0.5559 0.0330 0.0362
2 0.9569 0.5557 0.0302 0.0373
2 0.9809 0.5560 0.0265 0.0359
2 0.9700 0.5070 0.0152 0.0323
2 0.9841 0.5145 0.0188 0.0327
2 0.9956 0.5279 0.0089 0.0390
2 0.9733 0.4797 0.0146 0.0369
2 0.9874 0.4889 0.0202 0.0390
2 0.9756 0.4528 0.0136 0.0351
2 0.9903 0.4560 0.0170 0.0281
2 0.9777 0.4270 0.0111 0.0193
2 0.9914 0.4355 0.0172 0.0158
2 0.9924 0.2562 0.0152 0.0211
2 0.9762 0.2551 0.0201 0.0214
2 0.9580 0.2546 0.0206 0.0196
2 0.9048 0.2521 0.0282 0.0211
2 0.8864 0.2509 0.0124 0.0205
2 0.8741 0.2500 0.0158 0.0217
2 0.8531 0.2494 0.0285 0.0228
2 0.8345 0.2474 0.0124 0.0234
2 0.8518 0.2724 0.0288 0.0243
2 0.8719 0.2729 0.0153 0.0228
2 0.8844 0.2727 0.0120 0.0226
2 0.9027 0.2743 0.0288 0.0228
2 0.9005 0.2975 0.0275 0.0217
2 0.8983 0.3190 0.0274 0.0220
2 0.8968 0.3420 0.0280 0.0223
2 0.8948 0.3626 0.0275 0.0214
2 0.8936 0.3846 0.0269 0.0226
2 0.8889 0.4288 0.0274 0.0243
2 0.8910 0.4057 0.0275 0.0214
2 0.9414 0.4285 0.0199 0.0255
2 0.9593 0.4285 0.0191 0.0255
2 0.9608 0.4060 0.0203 0.0196
2 0.9430 0.4048 0.0203 0.0202
2 0.9449 0.3839 0.0211 0.0205
2 0.9633 0.3858 0.0209 0.0214
2 0.9817 0.3650 0.0160 0.0214
2 0.9936 0.3656 0.0129 0.0202
2 0.9932 0.3852 0.0136 0.0179
2 0.9657 0.3641 0.0204 0.0220
2 0.9467 0.3629 0.0203 0.0208
2 0.9496 0.3421 0.0206 0.0214
2 0.9673 0.3424 0.0214 0.0208
2 0.9836 0.3439 0.0165 0.0208
2 0.9945 0.3443 0.0111 0.0205
2 0.9513 0.3200 0.0206 0.0217
2 0.9696 0.3215 0.0206 0.0217
2 0.9860 0.3215 0.0170 0.0217
2 0.9958 0.3219 0.0084 0.0214
2 0.9969 0.3011 0.0061 0.0226
2 0.9882 0.3004 0.0170 0.0228
2 0.9721 0.2997 0.0214 0.0214
2 0.9530 0.2983 0.0204 0.0211
2 0.9557 0.2764 0.0203 0.0228
2 0.9744 0.2773 0.0214 0.0223
2 0.9905 0.2783 0.0160 0.0214
2 0.9978 0.2777 0.0043 0.0214
2 0.8584 0.4282 0.0135 0.0284
2 0.8704 0.4269 0.0143 0.0264
2 0.8725 0.4033 0.0150 0.0220
2 0.8738 0.3826 0.0137 0.0231
2 0.8753 0.3599 0.0137 0.0211
2 0.8599 0.4035 0.0138 0.0228
2 0.8619 0.3811 0.0135 0.0226
2 0.8634 0.3600 0.0138 0.0208
2 0.8779 0.3385 0.0135 0.0205
2 0.8800 0.3169 0.0138 0.0226
2 0.8815 0.2957 0.0145 0.0223
2 0.8698 0.2957 0.0148 0.0234
2 0.8675 0.3169 0.0135 0.0220
2 0.8658 0.3389 0.0143 0.0202
2 0.8494 0.2939 0.0278 0.0223
2 0.8477 0.3175 0.0274 0.0226
2 0.8457 0.3391 0.0278 0.0234
2 0.8447 0.3604 0.0292 0.0228
2 0.8426 0.3812 0.0280 0.0211
