2 0.4371 0.4199 0.0733 0.0844
2 0.1791 0.3429 0.1048 0.0882
2 0.2781 0.3419 0.1052 0.0861
2 0.3671 0.3385 0.0838 0.0844
2 0.4382 0.3357 0.0738 0.0862
2 0.5086 0.3339 0.0752 0.0862
2 0.5088 0.4187 0.0738 0.0881
2 0.3635 0.4226 0.0820 0.0862
2 0.2726 0.4223 0.1061 0.0832
2 0.1763 0.4232 0.1011 0.0838
2 0.1720 0.5070 0.1007 0.0862
2 0.2692 0.5076 0.1075 0.0862
2 0.3608 0.5082 0.0829 0.0887
2 0.4353 0.5073 0.0752 0.0893
2 0.5086 0.5055 0.0752 0.0893
2 0.5065 0.5993 0.0774 0.0923
2 0.4330 0.5975 0.0706 0.0911
2 0.3567 0.5957 0.0856 0.0887
2 0.2628 0.5960 0.1130 0.0893
2 0.1606 0.5963 0.1025 0.0887
2 0.1599 0.6944 0.0957 0.1063
2 0.2578 0.6959 0.1093 0.1093
2 0.4478 0.7038 0.0410 0.1142
2 0.5068 0.7038 0.0770 0.1166
2 0.8102 0.7114 0.1645 0.1188
2 0.9338 0.7237 0.0902 0.1407
2 0.9837 0.7263 0.0326 0.1414
2 0.9807 0.6068 0.0386 0.1035
2 0.9261 0.6049 0.0880 0.1028
2 0.9212 0.5087 0.0869 0.0955
2 0.9785 0.5069 0.0430 0.0962
2 0.9749 0.4136 0.0501 0.0948
2 0.9157 0.4140 0.0847 0.0940
2 0.7987 0.4151 0.1624 0.0889
2 0.8039 0.5073 0.1607 0.0940
2 0.8072 0.6046 0.1640 0.1006
2 0.7952 0.3254 0.1563 0.0845
2 0.9089 0.3225 0.0831 0.0889
2 0.9714 0.3214 0.0572 0.0940
3 0.0709 0.2638 0.1418 0.0692
3 0.0672 0.3418 0.1345 0.0875
3 0.0626 0.4238 0.1252 0.0809
3 0.0599 0.5069 0.1197 0.0896
3 0.0552 0.5951 0.1104 0.0867
3 0.0560 0.6899 0.1121 0.1057
3 0.6319 0.3298 0.1727 0.0955
3 0.6327 0.4184 0.1744 0.0962
3 0.6333 0.5069 0.1777 0.0955
3 0.6349 0.5998 0.1809 0.0933
3 0.6363 0.7117 0.1859 0.1290
