2 0.3127 0.4299 0.0702 0.0774
2 0.3115 0.5932 0.0687 0.0921
2 0.2388 0.5954 0.0767 0.0936
2 0.2388 0.5079 0.0759 0.0815
2 0.2396 0.4291 0.0759 0.0800
2 0.2407 0.3509 0.0782 0.0765
2 0.1667 0.4289 0.0721 0.0795
2 0.1684 0.3512 0.0710 0.0780
2 0.1657 0.5101 0.0710 0.0861
2 0.1650 0.6025 0.0717 0.1058
2 0.0959 0.6040 0.0695 0.1038
2 0.0978 0.5106 0.0695 0.0881
2 0.0984 0.4294 0.0691 0.0795
2 0.1001 0.3515 0.0672 0.0785
2 0.0340 0.3499 0.0680 0.0785
2 0.0332 0.4291 0.0665 0.0790
2 0.0321 0.5114 0.0642 0.0846
2 0.0323 0.5924 0.0645 0.0805
2 0.7010 0.4291 0.0686 0.0742
2 0.8215 0.5008 0.0585 0.0759
2 0.8192 0.4274 0.0582 0.0725
2 0.8154 0.3580 0.0563 0.0704
2 0.7616 0.3576 0.0576 0.0688
2 0.7629 0.4284 0.0595 0.0721
2 0.8250 0.5794 0.0579 0.0839
2 0.7663 0.5016 0.0607 0.0734
2 0.7687 0.5820 0.0617 0.0873
2 0.8726 0.3578 0.0614 0.0734
2 0.8751 0.4291 0.0646 0.0768
2 0.8796 0.5014 0.0684 0.0747
2 0.8843 0.5760 0.0690 0.0763
2 0.7053 0.5822 0.0683 0.0852
2 0.7035 0.5024 0.0686 0.0759
2 0.6996 0.3569 0.0652 0.0717
2 0.6370 0.3573 0.0626 0.0734
2 0.6384 0.4282 0.0623 0.0709
2 0.6396 0.5029 0.0623 0.0759
2 0.6422 0.5860 0.0623 0.0911
2 0.5737 0.3565 0.0677 0.0700
2 0.5757 0.4282 0.0674 0.0742
2 0.5767 0.5037 0.0686 0.0768
2 0.5786 0.5876 0.0699 0.0911
2 0.4820 0.5923 0.1297 0.0886
2 0.4797 0.5079 0.1291 0.0810
2 0.4791 0.4297 0.1265 0.0755
2 0.4788 0.3571 0.1253 0.0696
2 0.3821 0.3544 0.0674 0.0725
2 0.3823 0.4286 0.0671 0.0785
2 0.3818 0.5071 0.0693 0.0801
2 0.3818 0.5938 0.0718 0.0949
2 0.3118 0.5068 0.0721 0.0796
2 0.3132 0.3522 0.0706 0.0759
