1 0.9174 0.5646 0.0080 0.0114
1 0.9157 0.5426 0.0082 0.0111
1 0.9146 0.5316 0.0078 0.0113
1 0.9140 0.5208 0.0080 0.0114
1 0.9135 0.5095 0.0083 0.0121
1 0.9503 0.5167 0.0124 0.0135
1 0.9495 0.5041 0.0128 0.0124
2 0.4348 0.6937 0.0640 0.0824
1 0.9488 0.4913 0.0127 0.0133
2 0.8746 0.5214 0.0708 0.0834
1 0.9400 0.4979 0.0056 0.0116
2 0.5332 0.6858 0.1355 0.0665
2 0.5352 0.6084 0.1324 0.0860
2 0.4363 0.6078 0.0671 0.0848
2 0.3717 0.6075 0.0649 0.0854
2 0.2722 0.6084 0.1377 0.0871
2 0.5341 0.5225 0.1302 0.0813
2 0.4383 0.5213 0.0649 0.0813
2 0.3741 0.5225 0.0653 0.0824
2 0.2768 0.5237 0.1337 0.0848
2 0.2819 0.4419 0.1306 0.0801
2 0.3765 0.4407 0.0649 0.0813
2 0.4392 0.4401 0.0631 0.0789
2 0.5347 0.4404 0.1280 0.0795
2 0.5350 0.3604 0.1302 0.0818
2 0.4403 0.3610 0.0635 0.0783
2 0.7951 0.3560 0.0729 0.0801
2 0.2713 0.6796 0.1342 0.0507
2 0.3699 0.7031 0.0658 0.0989
2 0.8634 0.3552 0.0680 0.0793
2 0.8677 0.4367 0.0729 0.0846
2 0.7986 0.4377 0.0751 0.0817
2 0.8035 0.5211 0.0757 0.0825
2 0.8078 0.6078 0.0769 0.0888
2 0.8789 0.6024 0.0671 0.0792
3 0.6864 0.6085 0.1743 0.0917
3 0.6851 0.6926 0.1688 0.0843
3 0.6836 0.5202 0.1688 0.0819
3 0.6809 0.4387 0.1648 0.0777
3 0.6796 0.3599 0.1614 0.0809
3 0.1497 0.2878 0.1570 0.0740
3 0.1441 0.3643 0.1570 0.0770
3 0.1390 0.4440 0.1600 0.0843
3 0.1335 0.5242 0.1614 0.0799
3 0.1270 0.6097 0.1655 0.0902
3 0.1234 0.6740 0.1655 0.0422
1 0.9515 0.5313 0.0118 0.0159
1 0.9183 0.5752 0.0082 0.0100
1 0.9274 0.5734 0.0114 0.0131
1 0.9432 0.5442 0.0060 0.0121
1 0.9426 0.5339 0.0056 0.0143
1 0.9414 0.5222 0.0051 0.0141
2 0.3800 0.3624 0.0620 0.0805
2 0.2855 0.3621 0.1303 0.0812
2 0.0210 0.6809 0.0418 0.0537
2 0.0247 0.6096 0.0493 0.0861
2 0.0292 0.5262 0.0583 0.0805
2 0.0323 0.4447 0.0647 0.0826
2 0.0368 0.3649 0.0737 0.0770
2 0.0422 0.2894 0.0725 0.0741
2 0.0072 0.2843 0.0144 0.0770
1 0.9405 0.5096 0.0046 0.0125
1 0.9362 0.5588 0.0093 0.0125
1 0.9355 0.5468 0.0105 0.0121
1 0.9347 0.5355 0.0100 0.0112
1 0.9337 0.5234 0.0100 0.0125
1 0.9328 0.5115 0.0108 0.0125
1 0.9320 0.5002 0.0104 0.0124
1 0.9221 0.5050 0.0092 0.0118
1 0.9228 0.5159 0.0092 0.0116
1 0.9236 0.5274 0.0098 0.0110
1 0.9246 0.5385 0.0100 0.0118
1 0.9251 0.5499 0.0096 0.0122
1 0.9263 0.5612 0.0103 0.0118
1 0.9167 0.5540 0.0076 0.0114
