2 0.5944 0.4598 0.0639 0.0675
3 0.0485 0.5468 0.0970 0.0665
3 0.0492 0.4803 0.0984 0.0679
3 0.8137 0.5926 0.1497 0.0789
3 0.8116 0.5220 0.1474 0.0793
3 0.8091 0.4514 0.1417 0.0729
2 0.9429 0.5992 0.1143 0.0898
2 0.9408 0.5182 0.1184 0.0713
2 0.9384 0.4478 0.1187 0.0713
2 0.6815 0.4579 0.1129 0.0679
2 0.6830 0.5273 0.1139 0.0700
2 0.6842 0.5937 0.1114 0.0628
2 0.5966 0.5286 0.0645 0.0700
2 0.5292 0.5307 0.0734 0.0709
2 0.4682 0.5332 0.0538 0.0725
2 0.4133 0.5366 0.0598 0.0709
2 0.3623 0.5992 0.0490 0.0527
2 0.3548 0.5364 0.0661 0.0713
2 0.2942 0.5385 0.0569 0.0721
2 0.5284 0.4655 0.0731 0.0612
2 0.4671 0.4663 0.0528 0.0645
2 0.4130 0.4687 0.0583 0.0644
2 0.3547 0.4702 0.0620 0.0601
2 0.2950 0.4722 0.0583 0.0616
2 0.2367 0.4745 0.0583 0.0638
2 0.1520 0.4808 0.1111 0.0680
