2 0.4142 0.3313 0.0655 0.0873
2 0.9699 0.3063 0.0602 0.1022
2 0.9739 0.3774 0.0523 0.0937
2 0.9763 0.4531 0.0474 0.0901
2 0.9833 0.5273 0.0333 0.0855
2 0.9860 0.6012 0.0280 0.0795
2 0.8997 0.5829 0.0470 0.0364
2 0.8504 0.5808 0.0585 0.0405
2 0.7968 0.5802 0.0544 0.0443
2 0.7152 0.5787 0.1139 0.0515
2 0.7139 0.5167 0.1164 0.0852
2 0.7947 0.5213 0.0535 0.0768
2 0.8473 0.5241 0.0566 0.0772
2 0.8982 0.5270 0.0503 0.0755
2 0.8944 0.4545 0.0516 0.0721
2 0.8890 0.3838 0.0503 0.0725
2 0.8392 0.3798 0.0563 0.0772
2 0.8425 0.4507 0.0560 0.0738
2 0.7902 0.4467 0.0519 0.0751
2 0.7104 0.4387 0.1120 0.0835
2 0.7085 0.3651 0.1114 0.0831
2 0.7873 0.3743 0.0519 0.0772
2 0.7059 0.2915 0.1079 0.0869
2 0.7842 0.3026 0.0512 0.0755
2 0.8359 0.3098 0.0554 0.0730
2 0.8849 0.3157 0.0478 0.0679
2 0.4784 0.2628 0.0642 0.0793
2 0.4776 0.3395 0.0626 0.0801
2 0.4781 0.4201 0.0661 0.0835
2 0.4143 0.2529 0.0633 0.0848
2 0.4128 0.4137 0.0638 0.0893
2 0.4090 0.4988 0.0651 0.0893
2 0.4762 0.5021 0.0683 0.0862
2 0.4077 0.5841 0.0691 0.0871
2 0.4752 0.5845 0.0668 0.0820
2 0.4027 0.6802 0.0653 0.1083
2 0.3266 0.6797 0.0900 0.1083
2 0.3281 0.5802 0.0892 0.0926
2 0.3321 0.4914 0.0888 0.0911
2 0.3357 0.4063 0.0884 0.0911
2 0.3382 0.3203 0.0866 0.0881
2 0.2368 0.3117 0.1184 0.1012
2 0.2329 0.3985 0.1181 0.0997
2 0.2293 0.4861 0.1184 0.0977
2 0.3378 0.2391 0.0866 0.0916
2 0.3395 0.1606 0.0786 0.0886
2 0.2463 0.1475 0.1139 0.0977
2 0.2410 0.2282 0.1139 0.0992
2 0.1317 0.1282 0.1200 0.1017
2 0.1285 0.2105 0.1188 0.1043
2 0.1209 0.2978 0.1196 0.0977
2 0.1154 0.3876 0.1207 0.0972
2 0.1087 0.4790 0.1249 0.1017
2 0.1023 0.5741 0.1287 0.0997
2 0.2253 0.5792 0.1219 0.0957
2 0.2217 0.6789 0.1230 0.1088
2 0.0956 0.6807 0.1275 0.1134
3 0.0187 0.6541 0.0374 0.0714
3 0.0231 0.5718 0.0461 0.1006
3 0.0269 0.4741 0.0538 0.0991
3 0.0294 0.3790 0.0587 0.0896
3 0.0343 0.2886 0.0686 0.0955
3 0.0356 0.1972 0.0713 0.0933
3 0.0381 0.1086 0.0762 0.0809
3 0.5815 0.2743 0.1431 0.0946
3 0.5811 0.3497 0.1454 0.0936
3 0.5826 0.4269 0.1492 0.0962
3 0.5837 0.5069 0.1484 0.0931
3 0.5843 0.5871 0.1511 0.0835
3 0.9673 0.6954 0.0653 0.1100
3 0.9477 0.6024 0.0488 0.0773
3 0.9435 0.5281 0.0467 0.0735
3 0.9357 0.4562 0.0359 0.0724
3 0.9303 0.3859 0.0393 0.0696
3 0.9236 0.3181 0.0385 0.0682
