2 0.3619 0.3227 0.0918 0.1152
3 0.0882 0.2102 0.1076 0.0997
3 0.0538 0.7167 0.1076 0.1808
3 0.0592 0.5625 0.1175 0.1246
3 0.0660 0.4401 0.1137 0.1203
3 0.0789 0.3209 0.1175 0.1195
3 0.8230 0.7092 0.2689 0.1676
3 0.8128 0.5624 0.2564 0.1275
3 0.8079 0.4377 0.2542 0.1188
3 0.8033 0.3200 0.2482 0.1166
3 0.7981 0.2042 0.2378 0.1093
2 0.9593 0.3179 0.0814 0.1181
2 0.9634 0.4392 0.0732 0.1232
2 0.9689 0.5642 0.0622 0.1297
2 0.9754 0.7107 0.0491 0.1633
2 0.2039 0.7105 0.1968 0.1676
2 0.3493 0.7079 0.0984 0.1596
2 0.4452 0.7006 0.0978 0.1450
2 0.5920 0.7036 0.1990 0.1582
2 0.5890 0.5633 0.1941 0.1268
2 0.4439 0.5643 0.0951 0.1275
2 0.3526 0.5636 0.0962 0.1275
2 0.3559 0.4415 0.0940 0.1195
2 0.4463 0.4401 0.0924 0.1195
2 0.5876 0.4412 0.1924 0.1246
2 0.5879 0.3235 0.1886 0.1093
2 0.4504 0.3238 0.0896 0.1144
2 0.2072 0.5647 0.2066 0.1283
2 0.2140 0.4437 0.1951 0.1195
2 0.2200 0.3235 0.1973 0.1239
2 0.3632 0.2189 0.0891 0.0824
2 0.2282 0.2200 0.1853 0.0875
