3 0.9717 0.4146 0.0567 0.0988
2 0.3036 0.6719 0.2355 0.1950
2 0.3098 0.5061 0.2388 0.1504
2 0.1219 0.6806 0.1345 0.2055
2 0.1245 0.4987 0.1332 0.1601
2 0.0273 0.6824 0.0546 0.2143
2 0.6880 0.3993 0.0929 0.1210
2 0.7678 0.4070 0.0798 0.1173
2 0.8400 0.4128 0.0776 0.1115
2 0.9077 0.4179 0.0798 0.1086
2 0.9190 0.5225 0.0793 0.1108
2 0.9263 0.5877 0.0722 0.0226
2 0.8544 0.5888 0.0716 0.0219
2 0.8490 0.5214 0.0804 0.1173
2 0.7755 0.5189 0.0842 0.1152
2 0.6951 0.5156 0.0918 0.1188
3 0.5349 0.3840 0.2270 0.1408
3 0.5376 0.5103 0.2276 0.1347
3 0.5153 0.6634 0.1896 0.1697
3 0.9740 0.5200 0.0521 0.1067
2 0.3118 0.3671 0.2270 0.1557
2 0.1334 0.3566 0.1325 0.1469
